duration,protocol_type,service,flag,src_bytes,dst_bytes,land,wrong_fragment,urgent,hot,num_failed_logins,logged_in,num_compromised,root_shell,su_attempted,num_root,num_file_creations,num_shells,num_access_files,num_outbound_cmds,is_host_login,is_guest_login,count,srv_count,serror_rate,srv_serror_rate,rerror_rate,srv_rerror_rate,same_srv_rate,diff_srv_rate,srv_diff_host_rate,dst_host_count,dst_host_srv_count,dst_host_same_srv_rate,dst_host_diff_srv_rate,dst_host_same_src_port_rate,dst_host_srv_diff_host_rate,dst_host_serror_rate,dst_host_srv_serror_rate,dst_host_rerror_rate,dst_host_srv_rerror_rate
0.0,0.0,0.073529415,0.1,0.0,0.0,0.0,0.0,0.0,0.0,0.0,0.0,0.0,0.0,0.0,0.0,0.0,0.0,0.0,0.0,0.0,0.0,0.023270898,0.009784736,1.0,1.0,0.0,0.0,0.02,0.06,0.0,0.7753756,1.0,1.0,0.08799047,0.0,0.0,0.0,0.0,0.08909595,0.0
0.0,0.0,0.029411765,0.2,0.0,0.0,0.0,0.0,0.0,0.0,0.0,0.0,0.0,0.0,0.0,0.0,0.0,0.0,0.0,0.0,0.0,0.0012443662,0.016924888,0.03522505,0.0,0.0,1.0,1.0,0.13,0.05,0.0,0.768206,1.0,1.0,0.09114347,0.0,0.0030250847,0.0,0.0,0.07727626,0.0
0.0,0.0,0.029411765,0.2,0.0,0.0,0.0,0.0,0.0,0.0,0.0,0.0,0.0,0.0,0.0,0.0,0.0,0.0,0.0,0.0,0.0,0.0029949546,0.016771458,0.019569471,0.0,0.0,1.0,1.0,0.03,0.06,0.0,0.7729598,1.0,1.0,0.09273597,0.0,0.0017730743,0.0,0.0,0.08011952,0.0
0.0,0.0,0.7941176,0.2,0.0,0.0,0.0,0.0,0.0,0.0,0.0,0.0,0.0,0.0,0.0,0.0,0.0,0.0,0.0,0.0,0.0,0.0,0.017279312,0.007827789,0.0,0.0,1.0,1.0,0.03,0.06,0.0,0.76215374,1.0,1.0,0.08922834,0.0,0.0029224157,0.0,0.0,0.076348126,0.0
0.015697826,0.0,0.04411765,0.3,0.0012247227,0.0,0.0,0.0,0.0,0.0,0.0,0.0,0.0,0.0,0.0,0.0,0.0,0.0,0.0,0.0,0.0,0.010013968,0.01058615,0.043052837,0.05,0.05,0.91,0.91,1.0,0.0,0.0,0.76889145,1.0,1.0,0.09648105,0.0,0.009780332,0.0,0.0,0.06683165,0.0
0.0,0.0,0.029411765,0.2,0.0,0.0,0.0,0.0,0.0,0.0,0.0,0.0,0.0,0.0,0.0,0.0,0.0,0.0,0.0,0.0,0.0,0.0,0.017194346,0.01369863,0.0,0.0,1.0,1.0,0.05,0.06,0.0,0.7628491,1.0,1.0,0.08949628,0.0,0.0029349178,0.0,0.0,0.07639447,0.0
0.0,0.0,0.029411765,0.2,0.0,0.0,0.0,0.0,0.0,0.0,0.0,0.0,0.0,0.0,0.0,0.0,0.0,0.0,0.0,0.0,0.0,0.0041071475,0.016744748,0.029354207,0.0,0.0,1.0,1.0,0.06,0.07,0.0,0.7743528,1.0,1.0,0.093065195,0.0,0.0021083206,0.0,0.0,0.079947025,0.0
0.0,0.0,0.29411766,0.2,0.0,0.0,0.0,0.0,0.0,0.0,0.0,0.0,0.0,0.0,0.0,0.0,0.0,0.0,0.0,0.0,0.0,0.000110298395,0.01710485,0.0058708414,0.0,0.0,1.0,1.0,0.01,0.07,0.0,0.76760805,1.0,1.0,0.09093716,0.0,0.0021608025,0.0,0.0,0.07868466,0.0
0.0,0.0,0.029411765,0.1,0.0,0.0,0.0,0.0,0.0,0.0,0.0,0.0,0.0,0.0,0.0,0.0,0.0,0.0,0.0,0.0,0.0,0.0,0.023675717,0.011741683,1.0,1.0,0.0,0.0,0.05,0.08,0.0,0.7692386,1.0,1.0,0.085831426,0.0,0.0,0.0,0.0,0.08697212,0.0
1.7326518e-05,0.0,0.22058824,0.0,4.1368454e-05,0.00021769383,0.0,0.0,0.0,0.0,0.0,0.0,0.0,0.0,0.0,0.0,0.0,0.0,0.0,0.0,0.0,0.0016863346,0.012355007,0.0058708414,0.0,0.0,0.0,0.0,1.0,0.0,0.0,0.7555094,1.0,1.0,0.09116306,0.0,0.008676797,0.0,0.0,0.07157999,0.0
0.0,0.0,0.3970588,0.2,0.0,0.0,0.0,0.0,0.0,0.0,0.0,0.0,0.0,0.0,0.0,0.0,0.0,0.0,0.0,0.0,0.0,0.00306198,0.0167645,0.02739726,0.0,0.0,1.0,1.0,0.05,0.06,0.0,0.77260923,1.0,1.0,0.092600174,0.0,0.0020792633,0.0,0.0,0.07961407,0.0
0.0,0.0,0.029411765,0.1,0.0,0.0,0.0,0.0,0.0,0.0,0.0,0.0,0.0,0.0,0.0,0.0,0.0,0.0,0.0,0.0,0.0,0.0,0.023508057,0.023483366,1.0,1.0,0.0,0.0,0.09,0.07,0.0,0.77382815,1.0,1.0,0.087202184,0.0,0.0,0.0,0.0,0.08798045,0.0
0.0,0.0,0.029411765,0.2,0.0,0.0,0.0,0.0,0.0,0.0,0.0,0.0,0.0,0.0,0.0,0.0,0.0,0.0,0.0,0.0,0.0,0.004015982,0.016762666,0.03522505,0.0,0.0,1.0,1.0,0.09,0.06,0.0,0.7737317,1.0,1.0,0.09283257,0.0,0.002428621,0.0,0.0,0.07935515,0.0
0.0,1.0,0.36764705,0.0,1.6426413e-05,0.0,0.0,0.0,0.0,0.0,0.0,0.0,0.0,0.0,0.0,0.0,0.0,0.0,0.0,0.0,0.0,0.0,0.019433357,0.99804306,0.0,0.0,0.0,0.0,1.0,0.0,0.0,0.74208534,1.0,1.0,0.08199569,0.0,0.0021048337,0.0,0.0,0.07878134,0.0
0.013410725,0.0,0.04411765,0.3,0.0012944395,0.0,0.0,0.0,0.0,0.0,0.0,0.0,0.0,0.0,0.0,0.0,0.0,0.0,0.0,0.0,0.0,0.00058823824,0.011463724,0.015655577,0.0,0.0,1.0,1.0,1.0,0.0,0.0,0.75322986,1.0,1.0,0.09151401,0.0,0.009749636,0.0,0.0,0.064231694,0.0
1.7326518e-05,0.0,0.22058824,0.0,4.1368454e-05,0.00021769383,0.0,0.0,0.0,0.0,0.0,0.0,0.0,0.0,0.0,0.0,0.0,0.0,0.0,0.0,0.0,0.0,0.014068954,0.0039138943,0.0,0.0,0.0,0.0,1.0,0.0,0.0,0.74768627,1.0,1.0,0.087844096,0.0,0.0066140145,0.0,0.0,0.071538776,0.0
0.0,0.0,0.029411765,0.1,0.0,0.0,0.0,0.0,0.0,0.0,0.0,0.0,0.0,0.0,0.0,0.0,0.0,0.0,0.0,0.0,0.0,0.0,0.023012392,0.02739726,1.0,1.0,0.0,0.0,0.05,0.06,0.0,0.78047085,1.0,1.0,0.08960196,0.0,0.0,0.0,0.0,0.09035951,0.0
0.0,0.0,0.029411765,0.2,0.0,0.0,0.0,0.0,0.0,0.0,0.0,0.0,0.0,0.0,0.0,0.0,0.0,0.0,0.0,0.0,0.0,0.0030180216,0.016830847,0.017612524,0.0,0.0,1.0,1.0,0.03,0.07,0.0,0.77289104,1.0,1.0,0.09263899,0.0,0.0018694997,0.0,0.0,0.08001891,0.0
0.0,0.0,0.11764706,0.2,0.0,0.0,0.0,0.0,0.0,0.0,0.0,0.0,0.0,0.0,0.0,0.0,0.0,0.0,0.0,0.0,0.0,0.0037103593,0.016825467,0.023483366,0.0,0.0,1.0,1.0,0.05,0.07,0.0,0.77375233,1.0,1.0,0.092828564,0.0,0.0020817965,0.0,0.0,0.07993969,0.0
0.0,0.0,0.029411765,0.1,0.0,0.0,0.0,0.0,0.0,0.0,0.0,0.0,0.0,0.0,0.0,0.0,0.0,0.0,0.0,0.0,0.0,0.0,0.023685321,0.015655577,1.0,1.0,0.0,0.0,0.07,0.06,0.0,0.7692772,1.0,1.0,0.085815646,0.0,0.0,0.0,0.0,0.08686617,0.0
0.0,0.0,0.029411765,0.1,0.0,0.0,0.0,0.0,0.0,0.0,0.0,0.0,0.0,0.0,0.0,0.0,0.0,0.0,0.0,0.0,0.0,8.010864e-05,0.02295684,0.037181996,1.0,1.0,0.0,0.0,0.07,0.07,0.0,0.78332925,1.0,1.0,0.09037208,0.0,0.0,0.0,0.0,0.09085631,0.0
0.0,0.0,0.029411765,0.2,0.0,0.0,0.0,0.0,0.0,0.0,0.0,0.0,0.0,0.0,0.0,0.0,0.0,0.0,0.0,0.0,0.0,0.000441283,0.017002024,0.03522505,0.0,0.0,1.0,1.0,0.18,0.06,0.0,0.7664983,1.0,1.0,0.09058034,0.0,0.0032787174,0.0,0.0,0.07657394,0.0
0.0,1.0,0.36764705,0.0,1.6044403e-05,0.0,0.0,0.0,0.0,0.004690975,0.0,0.0,0.0,0.0,0.0,0.0,0.0,0.0,0.0,0.0,0.0,0.016623557,0.014854036,0.6731898,0.0,0.0,0.0,0.0,1.0,0.0,0.0,0.7876296,1.0,1.0,0.09821727,0.0,0.0036087632,0.0,0.0,0.08732319,0.0
0.0,0.0,0.029411765,0.1,0.0,0.0,0.0,0.0,0.0,0.0,0.0,0.0,0.0,0.0,0.0,0.0,0.0,0.0,0.0,0.0,0.0,0.0,0.023279771,0.011741683,1.0,1.0,0.0,0.0,0.02,0.07,0.0,0.77521336,1.0,1.0,0.08792842,0.0,0.0,0.0,0.0,0.08903,0.0
0.0,0.0,0.7205882,0.2,0.0,0.0,0.0,0.0,0.0,0.0,0.0,0.0,0.0,0.0,0.0,0.0,0.0,0.0,0.0,0.0,0.0,0.0015254319,0.016964346,0.019569471,0.0,0.0,1.0,1.0,0.05,0.06,0.0,0.7696513,1.0,1.0,0.09157842,0.0,0.0023768544,0.0,0.0,0.0786618,0.0
0.0,0.0,0.029411765,0.1,0.0,0.0,0.0,0.0,0.0,0.0,0.0,0.0,0.0,0.0,0.0,0.0,0.0,0.0,0.0,0.0,0.0,0.0,0.023452409,0.0058708414,1.0,1.0,0.0,0.0,0.01,0.06,0.0,0.77214086,1.0,1.0,0.08691596,0.0,0.0,0.0,0.0,0.088145345,0.0
0.0,0.0,0.029411765,0.1,0.0,0.0,0.0,0.0,0.0,0.0,0.0,0.0,0.0,0.0,0.0,0.0,0.0,0.0,0.0,0.0,0.0,0.0,0.023440868,0.021526419,1.0,1.0,0.0,0.0,0.07,0.09,0.0,0.77513194,1.0,1.0,0.08763345,0.0,0.0,0.0,0.0,0.08846736,0.0
0.014121112,0.0,0.04411765,0.3,0.0009226168,0.0,0.0,0.0,0.0,0.03478092,0.0,0.0,0.0,0.0,0.0,0.0,0.0026591644,0.015532941,0.0,0.0,0.0,0.05530274,0.009317324,0.11741683,0.03,0.03,0.97,0.97,1.0,0.0,0.0,0.8471534,1.0,1.0,0.11830231,0.0,0.009200871,0.0,0.0,0.08171672,0.0
0.0,0.0,0.029411765,0.1,0.0,0.0,0.0,0.0,0.0,0.0,0.0,0.0,0.0,0.0,0.0,0.0,0.0,0.0,0.0,0.0,0.0,0.0,0.021411024,0.009784736,0.9,0.6,0.1,0.4,0.04,0.08,0.0,0.76825655,1.0,1.0,0.08738289,0.0,0.0,0.0,0.0,0.08406159,0.0
0.13046868,0.0,0.13235295,0.0,0.0,3.2691223e-05,0.0,0.0,0.0,0.0,0.0,0.0,0.0,0.0,0.0,0.0,0.0,0.0,0.0,0.0,0.0,0.0,0.018854678,0.0019569471,0.0,0.0,0.0,0.0,1.0,0.0,0.0,0.74345267,1.0,1.0,0.082385324,0.0,0.0031579137,0.0,0.0,0.07880476,0.0
0.0,0.0,0.029411765,0.5,0.0,0.0,0.0,0.0,0.0,0.0,0.0,0.0,0.0,0.0,0.0,0.0,0.0,0.0,0.0,0.0,0.0,0.0008894801,0.016949274,0.037181996,0.0,0.0,1.0,1.0,0.16,0.05,0.0,0.76738536,1.0,1.0,0.09088058,0.0,0.0031730384,0.0,0.0,0.0769141,0.0
0.0,0.0,0.029411765,0.1,0.0,0.0,0.0,0.0,0.0,0.0,0.0,0.0,0.0,0.0,0.0,0.0,0.0,0.0,0.0,0.0,0.0,0.0,0.023299709,0.02739726,1.0,1.0,0.0,0.0,0.08,0.09,0.0,0.77838004,1.0,1.0,0.08864205,0.0,0.0,0.0,0.0,0.089319885,0.0
0.0,0.0,0.029411765,0.1,0.0,0.0,0.0,0.0,0.0,0.0,0.0,0.0,0.0,0.0,0.0,0.0,0.0,0.0,0.0,0.0,0.0,0.0,0.023497365,0.025440313,1.0,1.0,0.0,0.0,0.09,0.06,0.0,0.77332914,1.0,1.0,0.08708564,0.0,0.0,0.0,0.0,0.08788863,0.0
0.0,0.0,0.029411765,0.1,0.0,0.0,0.0,0.0,0.0,0.0,0.0,0.0,0.0,0.0,0.0,0.0,0.0,0.0,0.0,0.0,0.0,0.0,0.023541562,0.011741683,1.0,1.0,0.0,0.0,0.04,0.09,0.0,0.7728665,1.0,1.0,0.08694317,0.0,0.0,0.0,0.0,0.08799338,0.0
0.13072859,0.0,0.13235295,0.0,0.0,3.2691223e-05,0.0,0.0,0.0,0.0,0.0,0.0,0.0,0.0,0.0,0.0,0.0,0.0,0.0,0.0,0.0,0.0,0.018606529,0.0019569471,0.0,0.0,0.0,0.0,1.0,0.0,0.0,0.7594001,1.0,1.0,0.08680663,0.0,0.0030592978,0.0,0.0,0.08192888,0.0
0.035709955,0.0,0.04411765,0.3,0.001155006,0.0,0.0,0.0,0.0,0.012441963,0.0,0.0,0.0,0.0,0.0,0.0,0.0,0.0,0.0,0.0,0.0,0.030522346,0.010307573,0.021526419,0.0,0.0,1.0,1.0,1.0,0.0,0.0,0.804512,1.0,1.0,0.1061114,0.0,0.00946328,0.0,0.0,0.07402012,0.0
0.0,0.0,0.29411766,0.2,0.0,0.0,0.0,0.0,0.0,0.0,0.0,0.0,0.0,0.0,0.0,0.0,0.0,0.0,0.0,0.0,0.0,0.0,0.017134577,0.0019569471,0.0,0.0,1.0,1.0,0.0,0.07,0.0,0.76592624,1.0,1.0,0.09048473,0.0,0.0020965189,0.0,0.0,0.078401595,0.0
0.015715152,0.0,0.04411765,0.3,0.0009923336,0.0,0.0,0.0,0.0,0.0,0.0,0.0,0.0,0.0,0.0,0.0,0.0,0.0,0.0,0.0,0.0,0.0077569485,0.010658458,0.031311154,0.0,0.0,0.94,0.94,1.0,0.0,0.0,0.76499045,1.0,1.0,0.09538353,0.0,0.009821355,0.0,0.0,0.066043615,0.0
0.12523608,0.0,0.13235295,0.0,0.0,3.2691223e-05,0.0,0.0,0.0,0.0,0.0,0.0,0.0,0.0,0.0,0.0,0.0,0.0,0.0,0.0,0.0,0.0,0.01761444,0.0019569471,0.0,0.0,0.0,0.0,1.0,0.0,0.0,0.74707544,1.0,1.0,0.08447542,0.0,0.004141003,0.0,0.0,0.07576388,0.0
0.0,1.0,0.36764705,0.0,2.3557259e-05,0.0,0.0,0.33333334,0.0,0.0,0.0,0.0,0.0,0.0,0.0,0.0,0.0,0.0,0.0,0.0,0.0,0.0,0.03726577,0.0058708414,0.0,0.0,0.0,0.0,1.0,0.0,0.67,0.62370145,0.9014267,1.0,0.03095311,0.0,0.008749142,0.0,0.0,0.06455898,0.0
0.0,0.0,0.073529415,0.1,0.0,0.0,0.0,0.0,0.0,0.0,0.0,0.0,0.0,0.0,0.0,0.0,0.0,0.0,0.0,0.0,0.0,0.0,0.023311526,0.021526419,1.0,1.0,0.0,0.0,0.05,0.07,0.0,0.7762853,1.0,1.0,0.08811874,0.0,0.0,0.0,0.0,0.08897841,0.0
1.7326518e-05,0.0,0.22058824,0.0,4.1368454e-05,0.00021769383,0.0,0.0,0.0,0.0,0.0,0.0,0.0,0.0,0.0,0.0,0.0,0.0,0.0,0.0,0.0,0.0039021373,0.011896409,0.0058708414,0.0,0.0,0.25,0.0,0.75,0.5,0.0,0.7590319,1.0,1.0,0.092530705,0.0,0.008933499,0.0,0.0,0.07082564,0.0
0.0,0.0,0.029411765,0.2,0.0,0.0,0.0,0.0,0.0,0.0,0.0,0.0,0.0,0.0,0.0,0.0,0.0,0.0,0.0,0.0,0.0,0.0,0.017299488,0.009784736,0.0,0.0,1.0,1.0,0.05,0.08,0.0,0.76238847,1.0,1.0,0.08924698,0.0,0.003025964,0.0,0.0,0.076323,0.0
0.0,0.0,0.029411765,0.2,0.0,0.0,0.0,0.0,0.0,0.0,0.0,0.0,0.0,0.0,0.0,0.0,0.0,0.0,0.0,0.0,0.0,0.0009986758,0.017038584,0.009784736,0.0,0.0,1.0,1.0,0.02,0.07,0.0,0.76913583,1.0,1.0,0.0914054,0.0,0.0021357387,0.0,0.0,0.07900116,0.0
0.03577926,0.0,0.04411765,0.3,0.0008993779,0.0,0.0,0.0,0.0,0.035063952,0.0,0.0,0.0,0.0,0.0,0.0,0.0024227574,0.01613897,0.0,0.0,0.0,0.05581242,0.009547509,0.015655577,0.0,0.0,1.0,1.0,1.0,0.0,0.0,0.84809697,1.0,1.0,0.118313275,0.0,0.009317875,0.0,0.0,0.081501395,0.0
0.12811227,0.0,0.13235295,0.0,0.0,3.2691223e-05,0.0,0.0,0.0,0.019019216,0.0,0.0,0.0,0.0,0.0,0.0,0.0,0.0,0.0,0.0,0.0,0.028631508,0.01822567,0.0019569471,0.0,0.0,0.0,0.0,1.0,0.0,0.0,0.817863,1.0,1.0,0.102731295,0.0,0.0012429208,0.0,0.0,0.09482497,0.0
0.0,0.0,0.13235295,0.1,0.0,0.0,0.0,0.0,0.0,0.0076010227,0.0,0.0,0.0,0.0,0.0,0.0,0.0,0.0,0.0,0.0,0.0,0.012910992,0.024287425,0.19373778,1.0,1.0,0.0,0.0,1.0,0.0,0.0,0.80203915,1.0,1.0,0.09342668,0.0,0.0,0.0,0.0,0.0899272,0.0
0.0,0.0,0.13235295,0.8,0.0,3.2691223e-05,0.0,0.0,0.0,0.028609633,0.0,0.0,0.0,0.0,0.0,0.0,0.0,0.00053319335,0.0,0.0,0.0,0.036856174,0.019060574,0.0019569471,0.5,1.0,0.5,0.0,0.5,1.0,0.0,0.8368274,1.0,1.0,0.107248954,0.0,0.0,0.0,0.0,0.09919724,0.0
0.0,0.0,0.029411765,0.2,0.0,0.0,0.0,0.0,0.0,0.0,0.0,0.0,0.0,0.0,0.0,0.0,0.0,0.0,0.0,0.0,0.0,0.0035468042,0.016746044,0.037181996,0.0,0.0,1.0,1.0,0.09,0.06,0.0,0.77285194,1.0,1.0,0.09261673,0.0,0.0024731606,0.0,0.0,0.0790655,0.0
0.0,0.0,0.3970588,0.2,0.0,0.0,0.0,0.0,0.0,0.0,0.0,0.0,0.0,0.0,0.0,0.0,0.0,0.0,0.0,0.0,0.0,0.002670765,0.016858816,0.039138943,0.0,0.0,1.0,1.0,0.14,0.06,0.0,0.770694,1.0,1.0,0.09186181,0.0,0.002969548,0.0,0.0,0.0778909,0.0
0.0,0.0,0.029411765,0.2,0.0,0.0,0.0,0.0,0.0,0.0,0.0,0.0,0.0,0.0,0.0,0.0,0.0,0.0,0.0,0.0,0.0,0.002951175,0.016836695,0.025440313,0.0,0.0,1.0,1.0,0.06,0.07,0.0,0.7722559,1.0,1.0,0.092409365,0.0,0.0022179484,0.0,0.0,0.07939643,0.0
0.0,1.0,0.36764705,0.0,1.6044403e-05,0.0,0.0,0.0,0.0,0.007172346,0.0,0.0,0.0,0.0,0.0,0.0,0.0,0.0,0.0,0.0,0.0,0.018545955,0.015048616,0.87866926,0.0,0.0,0.0,0.0,1.0,0.0,0.0,0.7923552,1.0,1.0,0.09938922,0.0,0.0028968453,0.0,0.0,0.088808656,0.0
0.0,0.0,0.04411765,0.0,0.0008681168,0.0061771553,0.0,0.0,0.0,0.0,0.0,0.0,0.0,0.0,0.0,0.0,0.0,0.0,0.0,0.0,0.0,0.007190734,0.01067321,0.01369863,0.0,0.0,0.0,0.0,1.0,0.0,0.43,0.763993,1.0,1.0,0.09510969,0.0,0.009835571,0.0,0.0,0.06581959,0.0
1.7326518e-05,0.0,0.22058824,0.0,4.1368454e-05,0.00021769383,0.0,0.0,0.0,0.0,0.0,0.0,0.0,0.0,0.0,0.0,0.0,0.0,0.0,0.0,0.0,0.005491346,0.011267506,0.0039138943,0.0,0.0,0.0,0.0,1.0,0.0,0.0,0.7616837,1.0,1.0,0.09388622,0.0,0.009228662,0.0,0.0,0.06870869,0.0
0.0,0.0,0.20588236,0.1,0.0,0.0,0.0,0.0,0.0,0.0,0.0,0.0,0.0,0.0,0.0,0.0,0.0,0.0,0.0,0.0,0.0,0.0,0.023052827,0.02739726,1.0,1.0,0.0,0.0,0.05,0.06,0.0,0.7805257,1.0,1.0,0.08955433,0.0,0.0,0.0,0.0,0.09028387,0.0
0.0,0.0,0.029411765,0.2,0.0,0.0,0.0,0.0,0.0,0.0,0.0,0.0,0.0,0.0,0.0,0.0,0.0,0.0,0.0,0.0,0.0,0.0016185641,0.016937047,0.007827789,0.0,0.0,1.0,1.0,0.01,0.06,0.0,0.7707037,1.0,1.0,0.09198115,0.0,0.0017645359,0.0,0.0,0.079767644,0.0
0.0,0.0,0.7058824,0.1,0.0,0.0,0.0,0.0,0.0,0.0,0.0,0.0,0.0,0.0,0.0,0.0,0.0,0.0,0.0,0.0,0.0,0.0,0.021881633,0.0058708414,0.67,1.0,0.33,0.0,0.03,0.07,0.0,0.7557756,1.0,1.0,0.083808444,0.0,0.0,0.0,0.0,0.08081916,0.0
0.14006758,0.0,0.13235295,0.0,0.0,1.1144735e-05,0.0,0.0,0.0,0.0,0.0,0.0,0.0,0.0,0.0,0.0,0.0,0.0,0.0,0.0,0.0,0.0,0.033987805,0.0019569471,0.0,0.0,0.0,0.0,1.0,0.0,0.0,0.63962597,0.9233328,1.0,0.038477197,0.0,0.009465277,0.0,0.0,0.060920358,0.0
0.016252274,0.0,0.04411765,0.3,0.0003830283,0.0,0.0,0.0,0.0,0.042341113,0.0,0.0,0.0,0.0,0.0,1.0877848e-06,0.003540866,0.022559494,0.0,0.0,0.0,0.06397864,0.009047762,0.05479452,0.07,0.07,0.93,0.93,1.0,0.0,0.0,0.86196315,1.0,1.0,0.12245066,0.0,0.009328634,0.0,0.0,0.08359349,0.0
0.0,0.0,0.029411765,0.1,0.0,0.0,0.0,0.0,0.0,0.0,0.0,0.0,0.0,0.0,0.0,0.0,0.0,0.0,0.0,0.0,0.0,0.0,0.023481011,0.009784736,1.0,1.0,0.0,0.0,0.03,0.11,0.0,0.77433205,1.0,1.0,0.087409936,0.0,0.0,0.0,0.0,0.08843356,0.0
0.0,0.0,0.029411765,0.2,0.0,0.0,0.0,0.0,0.0,0.0,0.0,0.0,0.0,0.0,0.0,0.0,0.0,0.0,0.0,0.0,0.0,0.0018550158,0.016944565,0.007827789,0.01,0.0,0.99,1.0,0.01,0.06,0.0,0.7712363,1.0,1.0,0.09212602,0.0,0.0016829222,0.0,0.0,0.079995096,0.0
0.0,0.0,0.04411765,0.1,0.0,0.0,0.0,0.0,0.0,0.057516575,0.0,0.0,0.0,0.0,0.0,0.0,0.002458617,0.025395542,0.0,0.0,0.0,0.07195571,0.016264416,0.20156556,1.0,1.0,0.0,0.0,1.0,0.0,0.0,0.89159286,1.0,1.0,0.12405505,0.0,0.0012087524,0.0,0.0,0.10690257,0.0
0.0,0.0,0.029411765,0.2,0.0,0.0,0.0,0.0,0.0,0.0,0.0,0.0,0.0,0.0,0.0,0.0,0.0,0.0,0.0,0.0,0.0,0.0032235682,0.016852677,0.02739726,0.0,0.0,1.0,1.0,0.07,0.08,0.0,0.7725854,1.0,1.0,0.092459224,0.0,0.0023072958,0.0,0.0,0.079410315,0.0
0.0,0.0,0.029411765,0.2,0.0,0.0,0.0,0.0,0.0,0.0,0.0,0.0,0.0,0.0,0.0,0.0,0.0,0.0,0.0,0.0,0.0,0.0031065643,0.0167602,0.02739726,0.0,0.0,1.0,1.0,0.05,0.06,0.0,0.7727041,1.0,1.0,0.09263142,0.0,0.0020651966,0.0,0.0,0.079653054,0.0
0.013965174,0.0,0.04411765,0.3,0.00095604267,7.4298237e-07,0.0,0.0,0.0,0.037949592,0.0,0.0,0.0,0.0,0.0,0.0,0.0030010492,0.018566877,0.0,0.0,0.0,0.058974355,0.009229004,0.0704501,0.0,0.0,1.0,1.0,1.0,0.0,0.0,0.85342526,1.0,1.0,0.12003141,0.0,0.009281084,0.0,0.0,0.0824129,0.0
0.0,0.0,0.19117647,0.2,0.0,0.0,0.0,0.0,0.0,0.0,0.0,0.0,0.0,0.0,0.0,0.0,0.0,0.0,0.0,0.0,0.0,0.0,0.01712326,0.0039138943,0.0,0.0,1.0,1.0,0.01,0.07,0.0,0.76651955,1.0,1.0,0.090637036,0.0,0.0021841675,0.0,0.0,0.07835856,0.0
0.0,0.0,0.0,0.1,0.0,0.0,0.0,0.0,0.0,0.0,0.0,0.0,0.0,0.0,0.0,0.0,0.0,0.0,0.0,0.0,0.0,0.0,0.023378856,0.0019569471,1.0,1.0,0.0,0.0,1.0,0.0,0.0,0.77947426,1.0,1.0,0.088548176,0.0,0.0,0.0,0.0,0.088084936,0.0
0.0,0.0,0.4852941,0.2,0.0,0.0,0.0,0.0,0.0,0.0,0.0,0.0,0.0,0.0,0.0,0.0,0.0,0.0,0.0,0.0,0.0,0.0015043616,0.0168956,0.015655577,0.0,0.0,1.0,1.0,0.03,0.06,0.0,0.7701515,1.0,1.0,0.091845445,0.0,0.001988396,0.0,0.0,0.079276234,0.0
0.0,0.0,0.029411765,0.1,0.0,0.0,0.0,0.0,0.0,0.0,0.0,0.0,0.0,0.0,0.0,0.0,0.0,0.0,0.0,0.0,0.0,0.0,0.023576923,0.0019569471,1.0,1.0,0.0,0.0,0.01,0.11,0.0,0.771487,1.0,1.0,0.08657389,0.0,0.0,0.0,0.0,0.08783871,0.0
0.0,0.0,0.029411765,0.2,0.0,0.0,0.0,0.0,0.0,0.0,0.0,0.0,0.0,0.0,0.0,0.0,0.0,0.0,0.0,0.0,0.0,0.0043052137,0.016673923,0.029354207,0.0,0.0,1.0,1.0,0.05,0.06,0.0,0.77495766,1.0,1.0,0.09333121,0.0,0.001906231,0.0,0.0,0.08029282,0.0
0.0,0.0,0.13235295,0.8,0.0,3.2691223e-05,0.0,0.0,0.0,0.0,0.0,0.0,0.0,0.0,0.0,0.0,0.0,0.0,0.0,0.0,0.0,0.0,0.03181079,0.0019569471,1.0,1.0,0.0,0.0,1.0,0.0,0.0,0.6491356,0.93553436,1.0,0.04337444,0.0,0.00868243,0.0,0.0,0.06196001,0.0
1.7326518e-05,0.0,0.22058824,0.0,4.1368454e-05,0.00021769383,0.0,0.0,0.0,0.0,0.0,0.0,0.0,0.0,0.0,0.0,0.0,0.0,0.0,0.0,0.0,0.0,0.01361911,0.0058708414,0.0,0.0,0.0,0.0,1.0,0.0,0.0,0.7514163,1.0,1.0,0.08912011,0.0,0.007128492,0.0,0.0,0.072832674,0.0
0.01557654,0.0,0.04411765,0.3,0.0011394073,0.0,0.0,0.0,0.0,0.043314517,0.0,0.0,0.0,0.0,0.0,0.00027298927,0.0036543608,0.023380756,0.0,0.0,0.0,0.06506038,0.009014711,0.056751467,0.07,0.07,0.93,0.93,1.0,0.0,0.0,0.86382866,1.0,1.0,0.12297363,0.0,0.009317145,0.0,0.0,0.0839386,0.0
0.0,0.0,0.029411765,0.1,0.0,0.0,0.0,0.0,0.0,0.0,0.0,0.0,0.0,0.0,0.0,0.0,0.0,0.0,0.0,0.0,0.0,0.0,0.02361326,0.0039138943,1.0,1.0,0.0,0.0,0.01,0.09,0.0,0.7712047,1.0,1.0,0.086445086,0.0,0.0,0.0,0.0,0.08762452,0.0
0.0,0.0,0.13235295,0.1,0.0,0.0,0.0,0.0,0.0,0.022201657,0.0,0.0,0.0,0.0,0.0,0.0,0.0,0.0,0.0,0.0,0.0,0.029220432,0.020549603,0.25440314,1.0,1.0,0.0,0.0,1.0,0.0,0.0,0.8254441,1.0,1.0,0.10296611,0.0,0.0,0.0,0.0,0.09802389,0.0
0.0,0.0,0.6764706,0.5,0.0,0.0,0.0,0.0,0.0,0.0,0.0,0.0,0.0,0.0,0.0,0.0,0.0,0.0,0.0,0.0,0.0,0.002281934,0.016900927,0.025440313,0.0,0.0,1.0,1.0,0.06,0.07,0.0,0.7708328,1.0,1.0,0.09194013,0.0,0.0024293512,0.0,0.0,0.07881117,0.0
0.0,0.0,0.029411765,0.2,0.0,0.0,0.0,0.0,0.0,0.0,0.0,0.0,0.0,0.0,0.0,0.0,0.0,0.0,0.0,0.0,0.0,0.0035710335,0.01673463,0.031311154,0.0,0.0,1.0,1.0,0.06,0.06,0.0,0.7733307,1.0,1.0,0.09280241,0.0,0.0021740198,0.0,0.0,0.07959893,0.0
0.0,0.0,0.029411765,0.2,0.0,0.0,0.0,0.0,0.0,0.0,0.0,0.0,0.0,0.0,0.0,0.0,0.0,0.0,0.0,0.0,0.0,0.00050520897,0.017034084,0.009784736,0.0,0.0,1.0,1.0,0.02,0.07,0.0,0.76827025,1.0,1.0,0.091186486,0.0,0.002152145,0.0,0.0,0.07874203,0.0
1.7326518e-05,0.0,0.22058824,0.0,4.1368454e-05,0.00021769383,0.0,0.0,0.0,0.0,0.0,0.0,0.0,0.0,0.0,0.0,0.0,0.0,0.0,0.0,0.0,0.0,0.013981096,0.0039138943,0.0,0.0,0.0,0.0,1.0,0.0,0.0,0.7486906,1.0,1.0,0.088172965,0.0,0.0066779256,0.0,0.0,0.071846604,0.0
0.0,0.0,0.13235295,0.8,0.0,3.2691223e-05,0.0,0.0,0.0,0.0004956722,0.0,0.0,0.0,0.0,0.0,0.0,0.0,0.0,0.0,0.0,0.0,0.0057456493,0.018131748,0.0019569471,1.0,1.0,0.0,0.0,1.0,0.0,0.0,0.7816553,1.0,1.0,0.09361347,0.0,0.0,0.0,0.0,0.08728027,0.0
1.7326518e-05,0.0,0.22058824,0.0,4.1368454e-05,0.00021769383,0.0,0.0,0.0,0.0,0.0,0.0,0.0,0.0,0.0,0.0,0.0,0.0,0.0,0.0,0.0,0.0045131147,0.011232838,0.0058708414,0.0,0.0,0.0,0.0,1.0,0.0,0.0,0.7599354,1.0,1.0,0.09346398,0.0,0.009297043,0.0,0.0,0.06806439,0.0
0.0,0.0,0.13235295,0.8,0.0,3.2691223e-05,0.0,0.0,0.0,0.020529985,0.0,0.0,0.0,0.0,0.0,0.0,0.0,0.0,0.0,0.0,0.0,0.027771175,0.018968798,0.0019569471,1.0,1.0,0.0,0.0,1.0,0.0,0.0,0.82111406,1.0,1.0,0.10321953,0.0,0.0,0.0,0.0,0.09584874,0.0
0.12852812,0.0,0.13235295,0.0,0.0,3.2691223e-05,0.0,0.0,0.0,0.0,0.0,0.0,0.0,0.0,0.0,0.0,0.0,0.0,0.0,0.0,0.0,0.0,0.018368505,0.0019569471,0.0,0.0,0.0,0.0,1.0,0.0,0.0,0.73456216,1.0,1.0,0.080407225,0.0,0.0040313303,0.0,0.0,0.07551396,0.0
0.0,0.0,0.029411765,0.2,0.0,0.0,0.0,0.0,0.0,0.0,0.0,0.0,0.0,0.0,0.0,0.0,0.0,0.0,0.0,0.0,0.0,0.0,0.017211638,0.0058708414,0.0,0.0,1.0,1.0,0.02,0.07,0.0,0.7642759,1.0,1.0,0.08990497,0.0,0.0025436133,0.0,0.0,0.077411085,0.0
0.0,0.0,0.029411765,0.1,0.0,0.0,0.0,0.0,0.0,0.0,0.0,0.0,0.0,0.0,0.0,0.0,0.0,0.0,0.0,0.0,0.0,0.0,0.023086064,0.031311154,1.0,1.0,0.0,0.0,0.06,0.06,0.0,0.7802421,1.0,1.0,0.08942186,0.0,0.0,0.0,0.0,0.09006181,0.0
0.0,0.0,0.04411765,0.0,0.0008681168,0.0061771553,0.0,0.0,0.0,0.0,0.0,0.0,0.0,0.0,0.0,0.0,0.0,0.0,0.0,0.0,0.0,0.0076409876,0.0106849,0.007827789,0.0,0.0,0.0,0.0,1.0,0.0,0.0,0.7648368,1.0,1.0,0.09532074,0.0,0.009787127,0.0,0.0,0.06612569,0.0
0.0,0.0,0.029411765,0.2,0.0,0.0,0.0,0.0,0.0,0.0,0.0,0.0,0.0,0.0,0.0,0.0,0.0,0.0,0.0,0.0,0.0,0.0024477541,0.016880274,0.039138943,0.0,0.0,1.0,1.0,0.15,0.05,0.0,0.7702198,1.0,1.0,0.091705404,0.0,0.0030400008,0.0,0.0,0.07769585,0.0
0.0,0.0,0.029411765,0.2,0.0,0.0,0.0,0.0,0.0,0.0,0.0,0.0,0.0,0.0,0.0,0.0,0.0,0.0,0.0,0.0,0.0,0.0,0.017136753,0.0058708414,0.0,0.0,1.0,1.0,0.01,0.07,0.0,0.76593614,1.0,1.0,0.090452395,0.0,0.0022969693,0.0,0.0,0.07809389,0.0
0.0,0.0,0.029411765,0.1,0.0,0.0,0.0,0.0,0.0,0.0,0.0,0.0,0.0,0.0,0.0,0.0,0.0,0.0,0.0,0.0,0.0,0.0,0.023503318,0.025440313,1.0,1.0,0.0,0.0,0.09,0.06,0.0,0.77324855,1.0,1.0,0.08705642,0.0,0.0,0.0,0.0,0.08785957,0.0
0.0,0.0,0.38235295,0.2,0.0,0.0,0.0,0.0,0.0,0.0,0.0,0.0,0.0,0.0,0.0,0.0,0.0,0.0,0.0,0.0,0.0,0.0017922819,0.016877726,0.01369863,0.0,0.0,1.0,1.0,0.03,0.06,0.0,0.7708298,1.0,1.0,0.09206139,0.0,0.0018615127,0.0,0.0,0.07957989,0.0
0.0,0.0,0.5735294,0.2,0.0,0.0,0.0,0.0,0.0,0.0,0.0,0.0,0.0,0.0,0.0,0.0,0.0,0.0,0.0,0.0,0.0,0.0,0.017096885,0.023483366,0.0,0.0,1.0,1.0,0.1,0.07,0.0,0.7658073,1.0,1.0,0.09034174,0.0,0.0030376017,0.0,0.0,0.07686594,0.0
0.13254787,0.0,0.13235295,0.0,0.0,3.2691223e-05,0.0,0.0,0.0,0.0,0.0,0.0,0.0,0.0,0.0,0.0,0.0,0.0,0.0,0.0,0.0,0.0,0.019516312,0.0019569471,0.0,0.0,0.0,0.0,1.0,0.0,0.0,0.7486751,1.0,1.0,0.083216615,0.0,0.0025225282,0.0,0.0,0.08025685,0.0
0.0,0.0,0.11764706,0.2,0.0,0.0,0.0,0.0,0.0,0.0,0.0,0.0,0.0,0.0,0.0,0.0,0.0,0.0,0.0,0.0,0.0,0.00306198,0.0167645,0.02739726,0.0,0.0,1.0,1.0,0.05,0.06,0.0,0.77260923,1.0,1.0,0.092600174,0.0,0.0020792633,0.0,0.0,0.07961407,0.0
0.0,0.0,0.04411765,0.0,5.5709734e-07,0.0001894605,0.0,0.0,0.0,0.0,0.0,0.0,0.0,0.0,0.0,0.0,0.0,0.0,0.0,0.0,0.0,0.0,0.011522211,0.0019569471,0.0,0.0,0.0,0.0,1.0,0.0,0.0,0.73950016,1.0,1.0,0.087823726,0.0,0.009781852,0.0,0.0,0.06257245,0.0
0.0,0.0,0.073529415,0.2,0.0,0.0,0.0,0.0,0.0,0.0,0.0,0.0,0.0,0.0,0.0,0.0,0.0,0.0,0.0,0.0,0.0,0.0012217462,0.017017141,0.009784736,0.0,0.0,1.0,1.0,0.02,0.07,0.0,0.76961017,1.0,1.0,0.09156182,0.0,0.002065301,0.0,0.0,0.079196185,0.0
0.03569263,0.0,0.04411765,0.3,0.001155006,0.0,0.0,0.0,0.0,0.014553964,0.0,0.0,0.0,0.0,0.0,0.0,2.2433698e-05,0.0,0.0,0.0,0.0,0.032903105,0.010241248,0.015655577,0.0,0.0,1.0,1.0,1.0,0.0,0.0,0.8086188,1.0,1.0,0.107256405,0.0,0.009464607,0.0,0.0,0.0746381,0.0
0.12599844,0.0,0.13235295,0.0,0.0,3.2691223e-05,0.0,0.0,0.0,0.0,0.0,0.0,0.0,0.0,0.0,0.0,0.0,0.0,0.0,0.0,0.0,0.0,0.017833315,0.0019569471,0.0,0.0,0.0,0.0,1.0,0.0,0.0,0.7644222,1.0,1.0,0.08881112,0.0,0.0036910176,0.0,0.0,0.08084023,0.0
0.0,0.0,0.029411765,0.2,0.0,0.0,0.0,0.0,0.0,0.0,0.0,0.0,0.0,0.0,0.0,0.0,0.0,0.0,0.0,0.0,0.0,0.004263371,0.016729116,0.037181996,0.0,0.0,1.0,1.0,0.09,0.06,0.0,0.774192,1.0,1.0,0.092992015,0.0,0.0023863763,0.0,0.0,0.07951966,0.0
0.0,0.0,0.13235295,0.8,0.0,3.2691223e-05,0.0,0.0,0.0,0.028678834,0.0,0.0,0.0,0.0,0.0,0.0,0.0,0.000574708,0.0,0.0,0.0,0.03694567,0.01904869,0.0019569471,1.0,1.0,0.0,0.0,1.0,0.0,0.0,0.8369472,1.0,1.0,0.10728904,0.0,0.0,0.0,0.0,0.09923288,0.0
0.0,1.0,0.36764705,0.0,1.6426413e-05,0.0,0.0,0.0,0.0,0.0,0.0,0.0,0.0,0.0,0.0,0.0,0.0,0.0,0.0,0.0,0.0,0.011529177,0.014225766,0.14285715,0.0,0.0,0.0,0.0,1.0,0.0,0.0,0.77678263,1.0,1.0,0.09586529,0.0,0.0048597604,0.0,0.0,0.08237785,0.0
0.0,0.0,0.60294116,0.1,0.0,0.0,0.0,0.0,0.0,0.0,0.0,0.0,0.0,0.0,0.0,0.0,0.0,0.0,0.0,0.0,0.0,0.0,0.023475066,0.007827789,1.0,1.0,0.0,0.0,0.02,0.1,0.0,0.774454,1.0,1.0,0.087457396,0.0,0.0,0.0,0.0,0.08848494,0.0
0.0,0.0,0.04411765,0.0,0.0008681168,0.0061771553,0.0,0.0,0.0,0.0,0.0,0.0,0.0,0.0,0.0,0.0,0.0,0.0,0.0,0.0,0.0,0.005050689,0.01073771,0.025440313,0.0,0.0,0.0,0.0,1.0,0.0,0.15,0.76030445,1.0,1.0,0.094076864,0.0,0.009854034,0.0,0.0,0.06515375,0.0
0.0,1.0,0.36764705,0.0,1.6426413e-05,0.0,0.0,0.0,0.0,0.0,0.0,0.0,0.0,0.0,0.0,0.0,0.0,0.0,0.0,0.0,0.0,0.004983157,0.016633436,0.19569471,0.0,0.0,0.0,0.0,1.0,0.0,0.0,0.77388215,1.0,1.0,0.0928533,0.0,0.0022070557,0.0,0.0,0.08429453,0.0
0.0,1.0,0.36764705,0.0,1.6426413e-05,0.0,0.0,0.0,0.0,0.007432312,0.0,0.0,0.0,0.0,0.0,0.0,0.0,0.0,0.0,0.0,0.0,0.01874736,0.015068978,0.9001957,0.0,0.0,0.0,0.0,1.0,0.0,0.0,0.79285026,1.0,1.0,0.099512,0.0,0.00282228,0.0,0.0,0.08896425,0.0
0.0,0.0,0.029411765,0.2,0.0,0.0,0.0,0.0,0.0,0.0,0.0,0.0,0.0,0.0,0.0,0.0,0.0,0.0,0.0,0.0,0.0,0.001658529,0.016890548,0.01369863,0.0,0.0,1.0,1.0,0.03,0.05,0.0,0.77054524,1.0,1.0,0.09196756,0.0,0.001903817,0.0,0.0,0.079462945,0.0
1.7326518e-05,0.0,0.22058824,0.0,4.1368454e-05,0.00021769383,0.0,0.0,0.0,0.0,0.0,0.0,0.0,0.0,0.0,0.0,0.0,0.0,0.0,0.0,0.0,0.0,0.013489537,0.0039138943,0.0,0.0,0.0,0.0,1.0,0.0,0.0,0.7525768,1.0,1.0,0.08951522,0.0,0.0072539747,0.0,0.0,0.07319814,0.0
0.0,0.0,0.029411765,0.2,0.0,0.0,0.0,0.0,0.0,0.0,0.0,0.0,0.0,0.0,0.0,0.0,0.0,0.0,0.0,0.0,0.0,0.0,0.017160363,0.0058708414,0.01,0.0,0.99,1.0,0.01,0.06,0.0,0.7668117,1.0,1.0,0.09067955,0.0,0.0021619797,0.0,0.0,0.078470886,0.0
0.0,0.0,0.4852941,0.1,0.0,0.0,0.0,0.0,0.0,0.0,0.0,0.0,0.0,0.0,0.0,0.0,0.0,0.0,0.0,0.0,0.0,0.0,0.023487687,0.01369863,1.0,1.0,0.0,0.0,0.05,0.09,0.0,0.77441084,1.0,1.0,0.0874087,0.0,0.0,0.0,0.0,0.08834219,0.0
0.0,0.0,0.029411765,0.2,0.0,0.0,0.0,0.0,0.0,0.0,0.0,0.0,0.0,0.0,0.0,0.0,0.0,0.0,0.0,0.0,0.0,0.0,0.017098367,0.0019569471,0.0,0.0,1.0,1.0,0.0,0.07,0.0,0.76769304,1.0,1.0,0.09100086,0.0,0.0019463152,0.0,0.0,0.07903141,0.0
0.0,0.0,0.029411765,0.2,0.0,0.0,0.0,0.0,0.0,0.0,0.0,0.0,0.0,0.0,0.0,0.0,0.0,0.0,0.0,0.0,0.0,0.004299283,0.016702563,0.039138943,0.0,0.0,1.0,1.0,0.09,0.06,0.0,0.7741568,1.0,1.0,0.09300362,0.0,0.0024551153,0.0,0.0,0.07931507,0.0
0.0,0.0,0.4117647,0.2,0.0,0.0,0.0,0.0,0.0,0.0,0.0,0.0,0.0,0.0,0.0,0.0,0.0,0.0,0.0,0.0,0.0,0.0,0.01750119,0.021526419,0.0,0.0,1.0,1.0,0.1,0.07,0.0,0.74825835,1.0,1.0,0.085296504,0.0,0.0033502579,0.0,0.0,0.07338172,0.0
0.0,1.0,0.36764705,0.0,1.6044403e-05,0.0,0.0,0.0,0.0,0.0,0.0,0.0,0.0,0.0,0.0,0.0,0.0,0.0,0.0,0.0,0.0,0.012511402,0.014350846,0.2446184,0.0,0.0,0.0,0.0,1.0,0.0,0.0,0.7788156,1.0,1.0,0.09629252,0.0,0.0046406984,0.0,0.0,0.08336657,0.0
0.0,0.0,0.32352942,0.1,0.0,0.0,0.0,0.0,0.0,0.0,0.0,0.0,0.0,0.0,0.0,0.0,0.0,0.0,0.0,0.0,0.0,0.0,0.023544513,0.007827789,1.0,1.0,0.0,0.0,0.03,0.09,0.0,0.77290905,1.0,1.0,0.086965226,0.0,0.0,0.0,0.0,0.08802354,0.0
0.0,0.0,0.4117647,0.2,0.0,0.0,0.0,0.0,0.0,0.0,0.0,0.0,0.0,0.0,0.0,0.0,0.0,0.0,0.0,0.0,0.0,0.0026814342,0.016872369,0.023483366,0.0,0.0,1.0,1.0,0.05,0.07,0.0,0.7717483,1.0,1.0,0.092234276,0.0,0.0022672713,0.0,0.0,0.07921243,0.0
0.0,0.0,0.6911765,0.1,0.0,0.0,0.0,0.0,0.0,0.0,0.0,0.0,0.0,0.0,0.0,0.0,0.0,0.0,0.0,0.0,0.0,0.0,0.023702458,0.007827789,1.0,1.0,0.0,0.0,0.03,0.07,0.0,0.7689589,1.0,1.0,0.08573676,0.0,0.0,0.0,0.0,0.08688623,0.0
0.0,0.0,0.13235295,0.1,0.0,0.0,0.0,0.0,0.0,0.0,0.0,0.0,0.0,0.0,0.0,0.0,0.0,0.0,0.0,0.0,0.0,0.0,0.032455996,0.017612524,1.0,1.0,0.0,0.0,1.0,0.0,0.0,0.66020316,0.94886434,1.0,0.047279947,0.0,0.001884386,0.0,0.0,0.064569905,0.0
0.0,0.0,0.2647059,0.1,0.0,0.0,0.0,0.0,0.0,0.0,0.0,0.0,0.0,0.0,0.0,0.0,0.0,0.0,0.0,0.0,0.0,0.0,0.023266703,0.011741683,1.0,1.0,0.0,0.0,0.03,0.07,0.0,0.7759931,1.0,1.0,0.0881434,0.0,0.0,0.0,0.0,0.08921561,0.0
0.035900544,0.0,0.04411765,0.3,0.0008993779,0.0,0.0,0.0,0.0,0.009801894,0.0,0.0,0.0,0.0,0.0,0.0,0.0,0.0,0.0,0.0,0.0,0.027575463,0.010411993,0.021526419,0.09,0.09,0.91,0.91,1.0,0.0,0.0,0.79946697,1.0,1.0,0.10468545,0.0,0.0094821155,0.0,0.0,0.073082864,0.0
0.0,0.0,0.029411765,0.1,0.0,0.0,0.0,0.0,0.0,0.0,0.0,0.0,0.0,0.0,0.0,0.0,0.0,0.0,0.0,0.0,0.0,0.0,0.023181483,0.017612524,1.0,1.0,0.0,0.0,0.04,0.08,0.0,0.77933705,1.0,1.0,0.08909597,0.0,0.0,0.0,0.0,0.08990228,0.0
0.0,0.0,0.13235295,0.8,0.0,3.2691223e-05,0.0,0.0,0.0,0.0,0.0,0.0,0.0,0.0,0.0,0.0,0.0,0.0,0.0,0.0,0.0,0.0,0.01974012,0.0019569471,1.0,1.0,0.0,0.0,1.0,0.0,0.0,0.73801684,1.0,1.0,0.08020509,0.0,0.0026013702,0.0,0.0,0.07808837,0.0
1.7326518e-05,0.0,0.22058824,0.0,4.1368454e-05,0.00021769383,0.0,0.0,0.0,0.0,0.0,0.0,0.0,0.0,0.0,0.0,0.0,0.0,0.0,0.0,0.0,0.004094541,0.011827618,0.0039138943,0.0,0.0,0.0,0.0,1.0,0.0,0.0,0.7593584,1.0,1.0,0.09268864,0.0,0.008970246,0.0,0.0,0.070567966,0.0
0.0,0.0,0.029411765,0.2,0.0,0.0,0.0,0.0,0.0,0.0,0.0,0.0,0.0,0.0,0.0,0.0,0.0,0.0,0.0,0.0,0.0,0.0053516924,0.01658269,0.03522505,0.0,0.0,1.0,1.0,0.06,0.05,0.0,0.7767557,1.0,1.0,0.09389623,0.0,0.0018670708,0.0,0.0,0.08069584,0.0
0.035813913,0.0,0.04411765,0.3,0.0012014838,0.0,0.0,0.0,0.0,0.03219554,0.0,0.0,0.0,0.0,0.0,0.0,0.0020904392,0.013693243,0.0,0.0,0.0,0.052614063,0.009643473,0.01369863,0.0,0.0,1.0,1.0,1.0,0.0,0.0,0.8425853,1.0,1.0,0.11677048,0.0,0.009343326,0.0,0.0,0.08051485,0.0
0.0,0.0,0.8235294,0.2,0.0,0.0,0.0,0.0,0.0,0.0,0.0,0.0,0.0,0.0,0.0,0.0,0.0,0.0,0.0,0.0,0.0,0.0038374662,0.016779795,0.03522505,0.0,0.0,1.0,1.0,0.09,0.06,0.0,0.77335227,1.0,1.0,0.09270742,0.0,0.0024849623,0.0,0.0,0.079199076,0.0
0.0,0.0,0.13235295,0.8,0.0,3.2691223e-05,0.0,0.0,0.0,0.015679985,0.0,0.0,0.0,0.0,0.0,0.0,0.0,0.0,0.0,0.0,0.0,0.022195071,0.01903376,0.0019569471,1.0,1.0,0.0,0.0,1.0,0.0,0.0,0.8117504,1.0,1.0,0.10072119,0.0,0.0,0.0,0.0,0.09396067,0.0
0.0,0.0,0.4852941,0.2,0.0,0.0,0.0,0.0,0.0,0.0,0.0,0.0,0.0,0.0,0.0,0.0,0.0,0.0,0.0,0.0,0.0,0.0014827251,0.016959295,0.01369863,0.0,0.0,1.0,1.0,0.03,0.06,0.0,0.7699877,1.0,1.0,0.091717236,0.0,0.0020988584,0.0,0.0,0.07913667,0.0
0.0,1.0,0.36764705,0.0,1.6426413e-05,0.0,0.0,0.0,0.0,0.00778684,0.0,0.0,0.0,0.0,0.0,0.0,0.0,0.0,0.0,0.0,0.0,0.019021988,0.015096746,0.9295499,0.0,0.0,0.0,0.0,1.0,0.0,0.0,0.7935252,1.0,1.0,0.0996794,0.0,0.0027205944,0.0,0.0,0.089176506,0.0
0.12683012,0.0,0.13235295,0.0,0.0,3.2691223e-05,0.0,0.0,0.0,0.0,0.0,0.0,0.0,0.0,0.0,0.0,0.0,0.0,0.0,0.0,0.0,0.0013099313,0.017786272,0.0019569471,0.0,0.0,0.0,0.0,1.0,0.0,0.0,0.7664517,1.0,1.0,0.089368634,0.0,0.0037285537,0.0,0.0,0.081548184,0.0
0.0,1.0,0.36764705,0.0,8.276875e-06,0.0,0.0,0.0,0.0,0.0,0.0,0.0,0.0,0.0,0.0,0.0,0.0,0.0,0.0,0.0,0.0,0.01166141,0.014242642,0.15655577,0.0,0.0,0.0,0.0,1.0,0.0,0.0,0.77705634,1.0,1.0,0.09592282,0.0,0.004830286,0.0,0.0,0.08251092,0.0
0.0,0.0,0.029411765,0.2,0.0,0.0,0.0,0.0,0.0,0.0,0.0,0.0,0.0,0.0,0.0,0.0,0.0,0.0,0.0,0.0,0.0,0.0,0.01724159,0.01369863,0.0,0.0,1.0,1.0,0.06,0.07,0.0,0.762766,1.0,1.0,0.0894024,0.0,0.003059432,0.0,0.0,0.0762634,0.0
0.0,0.0,0.32352942,0.5,0.0,0.0,0.0,0.0,0.0,0.0,0.0,0.0,0.0,0.0,0.0,0.0,0.0,0.0,0.0,0.0,0.0,0.0045701563,0.016596042,0.037181996,0.0,0.0,1.0,1.0,0.07,0.06,0.0,0.7752118,1.0,1.0,0.09346139,0.0,0.0020103306,0.0,0.0,0.08013311,0.0
0.0,0.0,0.029411765,0.2,0.0,0.0,0.0,0.0,0.0,0.0,0.0,0.0,0.0,0.0,0.0,0.0,0.0,0.0,0.0,0.0,0.0,0.004111171,0.016725406,0.025440313,0.0,0.0,1.0,1.0,0.05,0.06,0.0,0.77472246,1.0,1.0,0.0932227,0.0,0.0018514842,0.0,0.0,0.08041096,0.0
0.0,0.0,0.7058824,0.2,0.0,0.0,0.0,0.0,0.0,0.0,0.0,0.0,0.0,0.0,0.0,0.0,0.0,0.0,0.0,0.0,0.0,0.0016972125,0.016914934,0.023483366,0.0,0.0,1.0,1.0,0.06,0.06,0.0,0.76983917,1.0,1.0,0.09167131,0.0,0.0024386346,0.0,0.0,0.07852411,0.0
0.0,0.0,0.6911765,0.2,0.0,0.0,0.0,0.0,0.0,0.0,0.0,0.0,0.0,0.0,0.0,0.0,0.0,0.0,0.0,0.0,0.0,0.0,0.017203659,0.015655577,0.0,0.0,1.0,1.0,0.07,0.06,0.0,0.76236045,1.0,1.0,0.089342885,0.0,0.0030335784,0.0,0.0,0.076168895,0.0
0.0,0.0,0.04411765,0.0,0.0008681168,0.0061771553,0.0,0.0,0.0,0.0,0.0,0.0,0.0,0.0,0.0,0.0,0.0,0.0,0.0,0.0,0.0,0.006606102,0.010714799,0.011741683,0.0,0.0,0.0,0.0,1.0,0.0,0.33,0.7630563,1.0,1.0,0.094823726,0.0,0.009789601,0.0,0.0,0.065829426,0.0
0.0,0.0,0.029411765,0.2,0.0,0.0,0.0,0.0,0.0,0.0,0.0,0.0,0.0,0.0,0.0,0.0,0.0,0.0,0.0,0.0,0.0,0.003176272,0.016805343,0.02739726,0.0,0.0,1.0,1.0,0.06,0.06,0.0,0.7726686,1.0,1.0,0.09255313,0.0,0.0021827817,0.0,0.0,0.079541475,0.0
0.0,0.0,0.6617647,0.1,0.0,0.0,0.0,0.0,0.0,0.0,0.0,0.0,0.0,0.0,0.0,0.0,0.0,0.0,0.0,0.0,0.0,0.0,0.023374386,0.021526419,1.0,1.0,0.0,0.0,0.07,0.1,0.0,0.7766366,1.0,1.0,0.088111065,0.0,0.0,0.0,0.0,0.08891407,0.0
0.0,0.0,0.029411765,0.2,0.0,0.0,0.0,0.0,0.0,0.0,0.0,0.0,0.0,0.0,0.0,0.0,0.0,0.0,0.0,0.0,0.0,0.002877146,0.017238319,0.015655577,0.13,0.0,0.87,1.0,0.03,0.07,0.0,0.77330446,1.0,1.0,0.0923874,0.0,0.0015980154,0.0,0.0,0.080593765,0.0
0.0,0.0,0.029411765,0.1,0.0,0.0,0.0,0.0,0.0,0.0,0.0,0.0,0.0,0.0,0.0,0.0,0.0,0.0,0.0,0.0,0.0,0.0,0.023452409,0.0058708414,1.0,1.0,0.0,0.0,0.01,0.07,0.0,0.77214086,1.0,1.0,0.08691596,0.0,0.0,0.0,0.0,0.088145345,0.0
0.0,1.0,0.36764705,0.0,2.3557259e-05,0.0,0.0,0.33333334,0.0,0.0,0.0,0.0,0.0,0.0,0.0,0.0,0.0,0.0,0.0,0.0,0.0,0.0,0.025026038,0.0058708414,0.0,0.0,0.0,0.0,1.0,0.0,0.67,0.6798152,0.97404367,1.0,0.059491925,0.0,0.0037351698,0.0,0.0,0.068760455,0.0
0.0,0.0,0.029411765,0.2,0.0,0.0,0.0,0.0,0.0,0.0,0.0,0.0,0.0,0.0,0.0,0.0,0.0,0.0,0.0,0.0,0.0,0.0,0.017260812,0.009784736,0.0,0.0,1.0,1.0,0.04,0.07,0.0,0.7622818,1.0,1.0,0.0892783,0.0,0.0029295087,0.0,0.0,0.07637608,0.0
0.0,0.0,0.029411765,0.1,0.0,0.0,0.0,0.0,0.0,0.0,0.0,0.0,0.0,0.0,0.0,0.0,0.0,0.0,0.0,0.0,0.0,0.0,0.02340296,0.02739726,1.0,1.0,0.0,0.0,0.09,0.08,0.0,0.7757735,1.0,1.0,0.08783283,0.0,0.0,0.0,0.0,0.08857122,0.0
0.0,0.0,0.029411765,0.2,0.0,0.0,0.0,0.0,0.0,0.0,0.0,0.0,0.0,0.0,0.0,0.0,0.0,0.0,0.0,0.0,0.0,0.0005956292,0.016954653,0.0058708414,0.0,0.0,1.0,1.0,0.01,0.06,0.0,0.76900756,1.0,1.0,0.09153172,0.0,0.0017284155,0.0,0.0,0.079454124,0.0
0.0,0.0,0.30882353,0.2,0.0,0.0,0.0,0.0,0.0,0.0,0.0,0.0,0.0,0.0,0.0,0.0,0.0,0.0,0.0,0.0,0.0,0.0022616684,0.016893052,0.02739726,0.0,0.0,1.0,1.0,0.07,0.06,0.0,0.7707237,1.0,1.0,0.091911875,0.0,0.0024716407,0.0,0.0,0.07874158,0.0
0.0,0.0,0.05882353,0.1,0.0,0.0,0.0,0.0,0.0,0.0,0.0,0.0,0.0,0.0,0.0,0.0,0.0,0.0,0.0,0.0,0.0,0.0,0.023526654,0.011741683,1.0,1.0,0.0,0.0,0.04,0.09,0.0,0.77306783,1.0,1.0,0.08701619,0.0,0.0,0.0,0.0,0.08806589,0.0
0.0,0.0,0.04411765,0.0,0.0008681168,0.0061771553,0.0,0.0,0.0,0.0,0.0,0.0,0.0,0.0,0.0,0.0,0.0,0.0,0.0,0.0,0.0,0.009330779,0.010608606,0.009784736,0.0,0.0,0.2,0.2,1.0,0.0,0.0,0.7676816,1.0,1.0,0.09614255,0.0,0.009817079,0.0,0.0,0.066485435,0.0
0.0,0.0,0.04411765,0.3,0.00026078522,0.0061771553,0.0,0.0,0.0,0.0,0.0,0.0,0.0,0.0,0.0,0.0,0.0,0.0,0.0,0.0,0.0,0.0,0.011355117,0.009784736,0.0,0.0,0.6,0.6,1.0,0.0,0.0,0.7451669,1.0,1.0,0.08948382,0.0,0.009754941,0.0,0.0,0.06354919,0.0
0.1297583,0.0,0.13235295,0.0,0.0,3.2691223e-05,0.0,0.0,0.0,0.0,0.0,0.0,0.0,0.0,0.0,0.0,0.0,0.0,0.0,0.0,0.0,0.0,0.018067032,0.0019569471,0.0,0.0,0.0,0.0,1.0,0.0,0.0,0.7643275,1.0,1.0,0.08858191,0.0,0.0033555776,0.0,0.0,0.08241621,0.0
0.0,0.0,0.04411765,0.3,0.00042345762,0.0061771553,0.0,0.0,0.0,0.0,0.0,0.0,0.0,0.0,0.0,0.0,0.0,0.0,0.0,0.0,0.0,0.0,0.01137463,0.007827789,0.0,0.0,0.5,0.5,1.0,0.0,0.0,0.7449603,1.0,1.0,0.089410864,0.0,0.009755686,0.0,0.0,0.06349966,0.0
0.0,0.0,0.029411765,0.2,0.0,0.0,0.0,0.0,0.0,0.0,0.0,0.0,0.0,0.0,0.0,0.0,0.0,0.0,0.0,0.0,0.0,0.0032850504,0.016743071,0.02739726,0.0,0.0,1.0,1.0,0.05,0.06,0.0,0.7730837,1.0,1.0,0.09275656,0.0,0.0020088106,0.0,0.0,0.07980913,0.0
0.0,0.0,0.029411765,0.2,0.0,0.0,0.0,0.0,0.0,0.0,0.0,0.0,0.0,0.0,0.0,0.0,0.0,0.0,0.0,0.0,0.0,0.002151966,0.016895056,0.01369863,0.0,0.0,1.0,1.0,0.03,0.07,0.0,0.7714107,1.0,1.0,0.09218644,0.0,0.0018874258,0.0,0.0,0.07972193,0.0
0.0,0.0,0.029411765,0.2,0.0,0.0,0.0,0.0,0.0,0.0,0.0,0.0,0.0,0.0,0.0,0.0,0.0,0.0,0.0,0.0,0.0,0.0025206208,0.016845196,0.029354207,0.0,0.0,1.0,1.0,0.07,0.06,0.0,0.771163,1.0,1.0,0.09207987,0.0,0.002469927,0.0,0.0,0.07873213,0.0
0.0,0.0,0.0,0.2,0.0,0.0,0.0,0.0,0.0,0.0,0.0,0.0,0.0,0.0,0.0,0.0,0.0,0.0,0.0,0.0,0.0,0.005278051,0.016556889,0.039138943,0.0,0.0,1.0,1.0,0.07,0.06,0.0,0.7764219,1.0,1.0,0.09381705,0.0,0.002006352,0.0,0.0,0.080343634,0.0
0.0,0.0,0.029411765,0.1,0.0,0.0,0.0,0.0,0.0,0.0,0.0,0.0,0.0,0.0,0.0,0.0,0.0,0.0,0.0,0.0,0.0,0.0,0.02320674,0.03522505,1.0,1.0,0.0,0.0,0.1,0.08,0.0,0.7811848,1.0,1.0,0.089463525,0.0,0.0,0.0,0.0,0.089900166,0.0
0.0,1.0,0.36764705,0.0,1.6044403e-05,0.0,0.0,0.0,0.0,0.0006467402,0.0,0.0,0.0,0.0,0.0,0.0,0.0,0.0,0.0,0.0,0.0,0.013134778,0.014430255,0.30919766,0.0,0.0,0.0,0.0,1.0,0.0,0.0,0.7801058,1.0,1.0,0.096563615,0.0,0.004501611,0.0,0.0,0.08399406,0.0
0.0,0.0,0.04411765,0.1,0.0,0.0,0.0,0.0,0.0,0.05474451,0.0,0.0,0.0,0.0,0.0,0.0,0.0027812645,0.025580287,0.0,0.0,0.0,0.071003646,0.014575042,0.1409002,1.0,1.0,0.0,0.0,1.0,0.0,0.0,0.88625956,1.0,1.0,0.12409615,0.0,0.0031455755,0.0,0.0,0.101528704,0.0
0.0,0.0,0.029411765,0.2,0.0,0.0,0.0,0.0,0.0,0.0,0.0,0.0,0.0,0.0,0.0,0.0,0.0,0.0,0.0,0.0,0.0,0.00045621395,0.016984262,0.017612524,0.0,0.0,1.0,1.0,0.04,0.06,0.0,0.76789343,1.0,1.0,0.091111265,0.0,0.002336681,0.0,0.0,0.07832551,0.0
0.0,1.0,0.36764705,0.0,1.6426413e-05,0.0,0.0,0.0,0.0,0.003745675,0.0,0.0,0.0,0.0,0.0,0.0,0.0,0.0,0.0,0.0,0.0,0.015891224,0.014779963,0.59491193,0.0,0.0,0.0,0.0,1.0,0.0,0.0,0.7858293,1.0,1.0,0.09777079,0.0,0.00387986,0.0,0.0,0.08675739,0.0
0.0,0.0,0.029411765,0.2,0.0,0.0,0.0,0.0,0.0,0.0,0.0,0.0,0.0,0.0,0.0,0.0,0.0,0.0,0.0,0.0,0.0,0.0023527443,0.016875744,0.01369863,0.0,0.0,1.0,1.0,0.03,0.06,0.0,0.7718377,1.0,1.0,0.09232723,0.0,0.0018240511,0.0,0.0,0.07989749,0.0
0.13317162,0.0,0.13235295,0.0,0.0,3.2691223e-05,0.0,0.0,0.0,0.0,0.0,0.0,0.0,0.0,0.0,0.0,0.0,0.0,0.0,0.0,0.0,0.0,0.019644901,0.0019569471,0.0,0.0,0.0,0.0,1.0,0.0,0.0,0.75729847,1.0,1.0,0.08545654,0.0,0.0019308776,0.0,0.0,0.08241704,0.0
0.013722602,0.0,0.04411765,0.3,0.0009789632,7.4298237e-07,0.0,0.0,0.0,0.05005011,0.0,0.0,0.0,0.0,0.0,0.0020920038,0.0043916553,0.028856814,0.0,0.0,0.0,0.07246864,0.008822858,0.07632094,0.03,0.03,0.97,0.97,1.0,0.0,0.0,0.87666416,1.0,1.0,0.12653577,0.0,0.009175405,0.0,0.0,0.08660528,0.0
0.0,1.0,0.36764705,0.0,1.6044403e-05,0.0,0.0,0.0,0.0,0.0050455034,0.0,0.0,0.0,0.0,0.0,0.0,0.0,0.0,0.0,0.0,0.0,0.016898215,0.014881864,0.70254403,0.0,0.0,0.0,0.0,1.0,0.0,0.0,0.7883047,1.0,1.0,0.0983847,0.0,0.003507033,0.0,0.0,0.0875355,0.0
0.12672615,0.0,0.13235295,0.0,0.0,3.2691223e-05,0.0,0.0,0.0,0.0,0.0,0.0,0.0,0.0,0.0,0.0,0.0,0.0,0.0,0.0,0.0,0.0,0.017946936,0.0019569471,0.0,0.0,0.0,0.0,1.0,0.0,0.0,0.7398112,1.0,1.0,0.08220001,0.0,0.004169643,0.0,0.0,0.075487345,0.0
0.0,0.0,0.029411765,0.2,0.0,0.0,0.0,0.0,0.0,0.0,0.0,0.0,0.0,0.0,0.0,0.0,0.0,0.0,0.0,0.0,0.0,0.0,0.017055333,0.009784736,0.0,0.0,1.0,1.0,0.02,0.06,0.0,0.76683545,1.0,1.0,0.09077986,0.0,0.0022530258,0.0,0.0,0.07824895,0.0
0.0,0.0,0.5294118,0.1,0.0,0.0,0.0,0.0,0.0,0.0009727776,0.0,0.0,0.0,0.0,0.0,0.0,0.0,0.0,0.0,0.0,0.0,0.001260668,0.022852495,0.039138943,1.0,1.0,0.0,0.0,0.07,0.06,0.0,0.7855582,1.0,1.0,0.09108556,0.0,0.0,0.0,0.0,0.09145188,0.0
0.0,1.0,0.36764705,0.0,1.6426413e-05,0.0,0.0,0.0,0.0,0.0067469776,0.0,0.0,0.0,0.0,0.0,0.0,0.0,0.0,0.0,0.0,0.0,0.018216431,0.015015252,0.8434442,0.0,0.0,0.0,0.0,1.0,0.0,0.0,0.79154503,1.0,1.0,0.099188335,0.0,0.0030188859,0.0,0.0,0.088553965,0.0
0.0,0.0,0.38235295,0.1,0.0,0.0,0.0,0.0,0.0,0.0,0.0,0.0,0.0,0.0,0.0,0.0,0.0,0.0,0.0,0.0,0.0,0.0,0.02339723,0.037181996,1.0,1.0,0.0,0.0,0.15,0.06,0.0,0.7767502,1.0,1.0,0.08805629,0.0,0.0,0.0,0.0,0.08858073,0.0
0.0,0.0,0.029411765,0.2,0.0,0.0,0.0,0.0,0.0,0.0,0.0,0.0,0.0,0.0,0.0,0.0,0.0,0.0,0.0,0.0,0.0,0.0,0.017072544,0.0019569471,0.0,0.0,1.0,1.0,0.0,0.07,0.0,0.7673018,1.0,1.0,0.09093832,0.0,0.0018921643,0.0,0.0,0.07896745,0.0
0.0,0.0,0.029411765,0.1,0.0,0.0,0.0,0.0,0.0,0.0,0.0,0.0,0.0,0.0,0.0,0.0,0.0,0.0,0.0,0.0,0.0,0.0,0.0235712,0.007827789,1.0,1.0,0.0,0.0,0.03,0.09,0.0,0.77254665,1.0,1.0,0.086833976,0.0,0.0,0.0,0.0,0.08789304,0.0
0.0,0.0,0.029411765,0.2,0.0,0.0,0.0,0.0,0.0,0.0,0.0,0.0,0.0,0.0,0.0,0.0,0.0,0.0,0.0,0.0,0.0,0.0040093064,0.016730413,0.039138943,0.0,0.0,1.0,1.0,0.1,0.06,0.0,0.77354014,1.0,1.0,0.0928003,0.0,0.0025467426,0.0,0.0,0.07906142,0.0
0.0,0.0,0.3382353,0.2,0.0,0.0,0.0,0.0,0.0,0.0,0.0,0.0,0.0,0.0,0.0,0.0,0.0,0.0,0.0,0.0,0.0,0.0005681217,0.017047003,0.01369863,0.0,0.0,1.0,1.0,0.04,0.08,0.0,0.7680428,1.0,1.0,0.09107592,0.0,0.0023878217,0.0,0.0,0.078336746,0.0
0.0,0.0,0.029411765,0.2,0.0,0.0,0.0,0.0,0.0,0.0,0.0,0.0,0.0,0.0,0.0,0.0,0.0,0.0,0.0,0.0,0.0,0.0,0.017110415,0.021526419,0.0,0.0,1.0,1.0,0.09,0.05,0.0,0.7651665,1.0,1.0,0.09017376,0.0,0.0029570013,0.0,0.0,0.076889426,0.0
0.0,0.0,0.13235295,0.8,0.0,3.2691223e-05,0.0,0.0,0.0,0.0,0.0,0.0,0.0,0.0,0.0,0.0,0.0,0.0,0.0,0.0,0.0,0.0,0.019872278,0.0019569471,1.0,1.0,0.0,0.0,1.0,0.0,0.0,0.74267757,1.0,1.0,0.08142509,0.0,0.001971513,0.0,0.0,0.07939938,0.0
0.0,0.0,0.13235295,0.8,0.0,3.2691223e-05,0.0,0.0,0.0,0.0,0.0,0.0,0.0,0.0,0.0,0.0,0.0,0.0,0.0,0.0,0.0,0.0,0.027983353,0.0019569471,1.0,1.0,0.0,0.0,1.0,0.0,0.0,0.6665431,0.95773864,1.0,0.05234038,0.0,0.0064922273,0.0,0.0,0.064559326,0.0
0.0,0.0,0.029411765,0.2,0.0,0.0,0.0,0.0,0.0,0.0,0.0,0.0,0.0,0.0,0.0,0.0,0.0,0.0,0.0,0.0,0.0,0.004977256,0.016660646,0.037181996,0.0,0.0,1.0,1.0,0.08,0.07,0.0,0.77570975,1.0,1.0,0.09349256,0.0,0.002160862,0.0,0.0,0.08014399,0.0
0.0,0.0,0.029411765,0.2,0.0,0.0,0.0,0.0,0.0,0.0,0.0,0.0,0.0,0.0,0.0,0.0,0.0,0.0,0.0,0.0,0.0,0.0008921325,0.017001413,0.029354207,0.0,0.0,1.0,1.0,0.11,0.05,0.0,0.7677003,1.0,1.0,0.090938084,0.0,0.0029843897,0.0,0.0,0.07730788,0.0
0.0,0.0,0.7058824,0.1,0.0,0.0,0.0,0.0,0.0,0.0,0.0,0.0,0.0,0.0,0.0,0.0,0.0,0.0,0.0,0.0,0.0,0.0,0.022985727,0.02739726,1.0,1.0,0.0,0.0,0.05,0.05,0.0,0.78083324,1.0,1.0,0.08973325,0.0,0.0,0.0,0.0,0.09049013,0.0
0.0,1.0,0.36764705,0.0,8.276875e-06,0.0,0.0,0.0,0.0,0.0,0.0,0.0,0.0,0.0,0.0,0.0,0.0,0.0,0.0,0.0,0.0,0.012473673,0.014346071,0.2407045,0.0,0.0,0.0,0.0,1.0,0.0,0.0,0.77873755,1.0,1.0,0.09627608,0.0,0.004649088,0.0,0.0,0.083328515,0.0
0.0,0.0,0.029411765,0.2,0.0,0.0,0.0,0.0,0.0,0.0,0.0,0.0,0.0,0.0,0.0,0.0,0.0,0.0,0.0,0.0,0.0,0.0014847517,0.016949296,0.015655577,0.0,0.0,1.0,1.0,0.03,0.07,0.0,0.7699261,1.0,1.0,0.091704585,0.0,0.0021341294,0.0,0.0,0.0790866,0.0
8.663259e-05,0.0,0.22058824,0.0,4.1368454e-05,0.00021769383,0.0,0.0,0.0,0.0,0.0,0.0,0.0,0.0,0.0,0.0,0.0,0.0,0.0,0.0,0.0,0.0028267205,0.0109882355,0.0039138943,0.0,0.0,0.0,0.0,1.0,0.0,0.0,0.7566657,1.0,1.0,0.09285917,0.0,0.009692028,0.0,0.0,0.06551969,0.0
0.0,0.0,0.029411765,0.2,0.0,0.0,0.0,0.0,0.0,0.0,0.0,0.0,0.0,0.0,0.0,0.0,0.0,0.0,0.0,0.0,0.0,0.0023426116,0.016977698,0.017612524,0.01,0.0,0.99,1.0,0.04,0.07,0.0,0.77130103,1.0,1.0,0.092017345,0.0,0.0022154897,0.0,0.0,0.07927641,0.0
0.0,0.0,0.7352941,0.5,0.0,0.0,0.0,0.0,0.0,0.0,0.0,0.0,0.0,0.0,0.0,0.0,0.0,0.0,0.0,0.0,0.0,0.0024780035,0.016839452,0.031311154,0.0,0.0,1.0,1.0,0.08,0.06,0.0,0.77100635,1.0,1.0,0.092036,0.0,0.0025193393,0.0,0.0,0.078642994,0.0
0.035952527,0.0,0.04411765,0.8,0.001155006,0.0,0.0,0.0,0.0,0.0055990815,0.0,0.0,0.0,0.0,0.0,0.0,0.0,0.0,0.0,0.0,0.0,0.02287829,0.010565385,0.019569471,0.3,0.3,0.7,0.7,1.0,0.0,0.0,0.79138017,1.0,1.0,0.10240882,0.0,0.009508997,0.0,0.0,0.07170057,0.0
0.0,0.0,0.14705883,0.5,0.0,0.0,0.0,0.0,0.0,0.0,0.0,0.0,0.0,0.0,0.0,0.0,0.0,0.0,0.0,0.0,0.0,0.004303992,0.0167448,0.0332681,0.0,0.0,1.0,1.0,0.08,0.06,0.0,0.7744101,1.0,1.0,0.093048535,0.0,0.0023017377,0.0,0.0,0.07965881,0.0
0.12665685,0.0,0.13235295,0.0,0.0,3.2691223e-05,0.0,0.0,0.0,0.015425801,0.0,0.0,0.0,0.0,0.0,0.0,0.0,0.0,0.0,0.0,0.0,0.02539432,0.018098406,0.0019569471,0.0,0.0,0.0,0.0,1.0,0.0,0.0,0.81089175,1.0,1.0,0.100915544,0.0,0.0018755049,0.0,0.0,0.093310654,0.0
1.7326518e-05,0.0,0.22058824,0.0,4.1368454e-05,0.00021769383,0.0,0.0,0.0,0.0,0.0,0.0,0.0,0.0,0.0,0.0,0.0,0.0,0.0,0.0,0.0,0.0028267205,0.0109882355,0.0039138943,0.0,0.0,0.0,0.0,1.0,0.0,0.0,0.7566657,1.0,1.0,0.09285917,0.0,0.009692028,0.0,0.0,0.06551969,0.0
0.0,0.0,0.47058824,0.1,0.0,0.0,0.0,0.0,0.0,0.0,0.0,0.0,0.0,0.0,0.0,0.0,0.0,0.0,0.0,0.0,0.0,0.0,0.023145072,0.039138943,1.0,1.0,0.0,0.0,0.1,0.08,0.0,0.78218997,1.0,1.0,0.08979788,0.0,0.0,0.0,0.0,0.09014255,0.0
0.0,0.0,0.04411765,0.0,0.0008681168,0.0061771553,0.0,0.0,0.0,0.0,0.0,0.0,0.0,0.0,0.0,0.0,0.0,0.0,0.0,0.0,0.0,0.009156764,0.010687225,0.011741683,0.0,0.0,0.0,0.0,1.0,0.0,0.5,0.7674811,1.0,1.0,0.096014045,0.0,0.009752065,0.0,0.0,0.06672078,0.0
0.0,0.0,0.029411765,0.2,0.0,0.0,0.0,0.0,0.0,0.0,0.0,0.0,0.0,0.0,0.0,0.0,0.0,0.0,0.0,0.0,0.0,0.0,0.017259412,0.011741683,0.0,0.0,1.0,1.0,0.05,0.08,0.0,0.7620305,1.0,1.0,0.08920311,0.0,0.0029929727,0.0,0.0,0.07624793,0.0
0.0,0.0,0.60294116,0.1,0.0,0.0,0.0,0.0,0.0,0.0,0.0,0.0,0.0,0.0,0.0,0.0,0.0,0.0,0.0,0.0,0.0,0.0,0.023268752,0.02739726,1.0,1.0,0.0,0.0,0.08,0.09,0.0,0.77940154,1.0,1.0,0.08894462,0.0,0.0,0.0,0.0,0.08959252,0.0
1.7326518e-05,0.0,0.22058824,0.0,4.1368454e-05,0.00019391839,0.0,0.0,0.0,0.0,0.0,0.0,0.0,0.0,0.0,0.0,0.0,0.0,0.0,0.0,0.0,0.0029328465,0.010970302,0.0039138943,0.0,0.0,0.0,0.0,1.0,0.0,0.0,0.75682974,1.0,1.0,0.09291919,0.0,0.009695798,0.0,0.0,0.065544784,0.0
0.0,0.0,0.029411765,0.1,0.0,0.0,0.0,0.0,0.0,0.0,0.0,0.0,0.0,0.0,0.0,0.0,0.0,0.0,0.0,0.0,0.0,0.0,0.023341656,0.01369863,1.0,1.0,0.0,0.0,0.03,0.06,0.0,0.77518725,1.0,1.0,0.08782493,0.0,0.0,0.0,0.0,0.0888128,0.0
0.0,1.0,0.36764705,0.0,8.276875e-06,0.0,0.0,0.0,0.0,0.0,0.0,0.0,0.0,0.0,0.0,0.0,0.0,0.0,0.0,0.0,0.0,0.0,0.021676049,1.0,0.0,0.0,0.0,0.0,1.0,0.0,0.0,0.69788456,0.998342,1.0,0.068420626,0.0,0.0027994066,0.0,0.0,0.06638396,0.0
0.0,0.0,0.029411765,0.2,0.0,0.0,0.0,0.0,0.0,0.0,0.0,0.0,0.0,0.0,0.0,0.0,0.0,0.0,0.0,0.0,0.0,0.0,0.017266013,0.011741683,0.0,0.0,1.0,1.0,0.05,0.07,0.0,0.7628485,1.0,1.0,0.08940639,0.0,0.0029836744,0.0,0.0,0.07648751,0.0
0.03598718,0.0,0.04411765,0.3,0.001155006,0.0,0.0,0.0,0.0,0.0,0.0,0.0,0.0,0.0,0.0,0.0,0.0,0.0,0.0,0.0,0.0,0.016664356,0.010660537,0.021526419,0.09,0.09,0.91,0.91,1.0,0.0,0.0,0.7804941,1.0,1.0,0.09945089,0.0,0.009673461,0.0,0.0,0.06934419,0.0
0.0,0.0,0.029411765,0.2,0.0,0.0,0.0,0.0,0.0,0.0,0.0,0.0,0.0,0.0,0.0,0.0,0.0,0.0,0.0,0.0,0.0,0.0,0.017284892,0.011741683,0.0,0.0,1.0,1.0,0.06,0.06,0.0,0.7605008,1.0,1.0,0.088765256,0.0,0.00310795,0.0,0.0,0.07571578,0.0
0.0,1.0,0.36764705,0.0,1.6426413e-05,0.0,0.0,0.0,0.0,0.0,0.0,0.0,0.0,0.0,0.0,0.0,0.0,0.0,0.0,0.0,0.0,0.010935247,0.014024287,0.043052837,0.0,0.0,0.0,0.0,1.0,0.0,0.0,0.77542377,1.0,1.0,0.095687635,0.0,0.0050784945,0.0,0.0,0.08143681,0.0
0.0,0.0,0.89705884,0.2,0.0,0.0,0.0,0.0,0.0,0.0,0.0,0.0,0.0,0.0,0.0,0.0,0.0,0.0,0.0,0.0,0.0,0.0014924407,0.016952962,0.03522505,0.0,0.0,1.0,1.0,0.15,0.07,0.0,0.76854956,1.0,1.0,0.09119027,0.0,0.0030861646,0.0,0.0,0.077320725,0.0
0.0,0.0,0.13235295,0.5,0.0,0.0,0.0,0.0,0.0,0.0024312139,0.0,0.0,0.0,0.0,0.0,0.0,0.0,0.0,0.0,0.0,0.0,0.013063639,0.016224101,0.023483366,0.0,0.0,1.0,1.0,0.23,0.08,0.0,0.78693473,1.0,1.0,0.09657698,0.0,0.0037389845,0.0,0.0,0.080164015,0.0
0.0,1.0,0.36764705,0.0,1.6044403e-05,0.0,0.0,0.0,0.0,0.0052109063,0.0,0.0,0.0,0.0,0.0,0.0,0.0,0.0,0.0,0.0,0.0,0.017026424,0.014894798,0.7162427,0.0,0.0,0.0,0.0,1.0,0.0,0.0,0.78861976,1.0,1.0,0.09846284,0.0,0.003459558,0.0,0.0,0.087634474,0.0
0.0,0.0,0.75,0.5,0.0,0.0,0.0,0.0,0.0,0.0,0.0,0.0,0.0,0.0,0.0,0.0,0.0,0.0,0.0,0.0,0.0,0.0,0.017280065,0.009784736,0.0,0.0,1.0,1.0,0.04,0.07,0.0,0.7618549,1.0,1.0,0.08913758,0.0,0.0029929131,0.0,0.0,0.076200515,0.0
0.0,0.0,0.029411765,0.2,0.0,0.0,0.0,0.0,0.0,0.0,0.0,0.0,0.0,0.0,0.0,0.0,0.0,0.0,0.0,0.0,0.0,0.0,0.01711259,0.021526419,0.0,0.0,1.0,1.0,0.09,0.05,0.0,0.7651192,1.0,1.0,0.09015816,0.0,0.0029640496,0.0,0.0,0.076869965,0.0
0.013947847,0.0,0.04411765,0.3,0.001178245,7.4298237e-07,0.0,0.0,0.0,0.0,0.0,0.0,0.0,0.0,0.0,0.0,0.0,0.0,0.0,0.0,0.0,0.008490682,0.010893427,0.037181996,0.0,0.0,1.0,1.0,1.0,0.0,0.0,0.76654005,1.0,1.0,0.09556561,0.0,0.009710655,0.0,0.0,0.06666818,0.0
0.13985966,0.0,0.13235295,0.0,0.0,1.1144735e-05,0.0,0.0,0.0,0.0,0.0,0.0,0.0,0.0,0.0,0.0,0.0,0.0,0.0,0.0,0.0,0.0,0.021008566,0.0019569471,0.0,0.0,0.0,0.0,1.0,0.0,0.0,0.7301525,1.0,1.0,0.07724399,0.0,0.001135841,0.0,0.0,0.076808155,0.0
0.0,0.0,0.029411765,0.2,0.0,0.0,0.0,0.0,0.0,0.0,0.0,0.0,0.0,0.0,0.0,0.0,0.0,0.0,0.0,0.0,0.0,0.0,0.017362542,0.0039138943,0.0,0.0,1.0,1.0,0.02,0.06,0.0,0.75928605,1.0,1.0,0.088384874,0.0,0.0030343086,0.0,0.0,0.07557741,0.0
0.0,0.0,0.4117647,0.1,0.0,0.0,0.0,0.0,0.0,0.0,0.0,0.0,0.0,0.0,0.0,0.0,0.0,0.0,0.0,0.0,0.0,0.00012937188,0.023033552,0.039138943,1.0,1.0,0.0,0.0,0.08,0.06,0.0,0.7831017,1.0,1.0,0.09019562,0.0,0.0,0.0,0.0,0.090566486,0.0
0.0,0.0,0.0,0.2,0.0,0.0,0.0,0.0,0.0,0.0,0.0,0.0,0.0,0.0,0.0,0.0,0.0,0.0,0.0,0.0,0.0,0.00223732,0.016905203,0.025440313,0.0,0.0,1.0,1.0,0.07,0.07,0.0,0.770738,1.0,1.0,0.091908865,0.0,0.002443418,0.0,0.0,0.07877219,0.0
0.0,0.0,0.13235295,0.8,0.0,3.2691223e-05,0.0,0.0,0.0,0.0,0.0,0.0,0.0,0.0,0.0,0.0,0.0,0.0,0.0,0.0,0.0,0.0,0.025945157,0.0019569471,1.0,1.0,0.0,0.0,1.0,0.0,0.0,0.67586863,0.9696873,1.0,0.057122447,0.0,0.005401179,0.0,0.0,0.06574726,0.0
0.0,0.0,0.04411765,0.3,0.0005344951,0.0021695085,0.0,0.0,0.0,0.0,0.0,0.0,0.0,0.0,0.0,0.0,0.0,0.0,0.0,0.0,0.0,0.0061698556,0.0107332915,0.007827789,0.0,0.0,1.0,1.0,1.0,0.0,0.0,0.7622998,1.0,1.0,0.09460374,0.0,0.009820774,0.0,0.0,0.0655846,0.0
0.0,0.0,0.029411765,0.2,0.0,0.0,0.0,0.0,0.0,0.0,0.0,0.0,0.0,0.0,0.0,0.0,0.0,0.0,0.0,0.0,0.0,0.0012996495,0.016933583,0.02739726,0.0,0.0,1.0,1.0,0.08,0.06,0.0,0.768862,1.0,1.0,0.091364466,0.0,0.0026359707,0.0,0.0,0.078072876,0.0
0.0,0.0,0.029411765,0.2,0.0,0.0,0.0,0.0,0.0,0.0,0.0,0.0,0.0,0.0,0.0,0.0,0.0,0.0,0.0,0.0,0.0,0.0031519234,0.01681742,0.025440313,0.0,0.0,1.0,1.0,0.05,0.06,0.0,0.7726828,1.0,1.0,0.09255015,0.0,0.002154529,0.0,0.0,0.07957205,0.0
0.013947847,0.0,0.04411765,0.3,0.0008872809,7.4298237e-07,0.0,0.0,0.0,0.049345493,0.0,0.0,0.0,0.0,0.0,0.0019066781,0.004318297,0.028322905,0.0,0.0,0.0,0.07169777,0.008849584,0.072407044,0.03,0.03,0.97,0.97,1.0,0.0,0.0,0.87534416,1.0,1.0,0.12616384,0.0,0.009193033,0.0,0.0,0.08628565,0.0
0.0,0.0,0.22058824,0.1,0.0,0.0,0.0,0.0,0.0,0.0,0.0,0.0,0.0,0.0,0.0,0.0,0.0,0.0,0.0,0.0,0.0,0.0,0.02327142,0.0058708414,1.0,1.0,0.0,0.0,0.01,0.06,0.0,0.7745975,1.0,1.0,0.08780589,0.0,0.0,0.0,0.0,0.08903068,0.0
0.0,0.0,0.13235295,0.5,0.0,0.0,0.0,0.0,0.0,0.0042797327,0.0,0.0,0.0,0.0,0.0,0.0,0.0,0.0,0.0,0.0,0.0,0.015178055,0.016096443,0.023483366,0.0,0.0,1.0,1.0,0.23,0.08,0.0,0.7904216,1.0,1.0,0.09759947,0.0,0.0037863404,0.0,0.0,0.08080208,0.0
0.0,0.0,0.029411765,0.2,0.0,0.0,0.0,0.0,0.0,0.0,0.0,0.0,0.0,0.0,0.0,0.0,0.0,0.0,0.0,0.0,0.0,0.0011947453,0.01697772,0.007827789,0.0,0.0,1.0,1.0,0.02,0.06,0.0,0.76980233,1.0,1.0,0.09168396,0.0,0.0018984228,0.0,0.0,0.07939696,0.0
0.014051806,0.0,0.04411765,0.3,0.0012310896,0.0,0.0,0.0,0.0,0.055864602,0.0,0.0,0.0,0.0,0.0,0.003717035,0.0050682724,0.03377515,0.0,0.0,0.0,0.07893562,0.0086260885,0.086105675,0.02,0.02,0.98,0.98,1.0,0.0,0.0,0.8878149,1.0,1.0,0.12966025,0.0,0.0091110915,0.0,0.0,0.08865166,0.0
0.0,0.0,0.029411765,0.2,0.0,0.0,0.0,0.0,0.0,0.0,0.0,0.0,0.0,0.0,0.0,0.0,0.0,0.0,0.0,0.0,0.0,0.0005951822,0.017087035,0.007827789,0.0,0.0,1.0,1.0,0.02,0.07,0.0,0.7683437,1.0,1.0,0.09113646,0.0,0.002227351,0.0,0.0,0.078700066,0.0
0.0,1.0,0.36764705,0.0,1.6426413e-05,0.0,0.0,0.0,0.0,0.0007738173,0.0,0.0,0.0,0.0,0.0,0.0,0.0,0.0,0.0,0.0,0.0,0.013248146,0.014444672,0.32093933,0.0,0.0,0.0,0.0,1.0,0.0,0.0,0.78034043,1.0,1.0,0.09661294,0.0,0.0044763833,0.0,0.0,0.084108055,0.0
0.0,1.0,0.36764705,0.0,1.6044403e-05,0.0,0.0,0.0,0.0,0.0024048686,0.0,0.0,0.0,0.0,0.0,0.0,0.0,0.0,0.0,0.0,0.0,0.0147027075,0.014629841,0.47162426,0.0,0.0,0.0,0.0,1.0,0.0,0.0,0.78335094,1.0,1.0,0.09724557,0.0,0.004152,0.0,0.0,0.08557212,0.0
0.13979036,0.0,0.13235295,0.8,1.5917067e-08,1.1144735e-05,0.0,0.0,0.0,0.0,0.0,0.0,0.0,0.0,0.0,0.0,0.0,0.0,0.0,0.0,0.0,0.0,0.018180668,0.0019569471,1.0,1.0,0.0,0.0,1.0,0.0,0.0,0.77059674,1.0,1.0,0.09059828,0.0,0.00040583313,0.0,0.0,0.08460915,0.0
0.0,0.0,0.5441176,0.5,0.0,0.0,0.0,0.0,0.0,0.0,0.0,0.0,0.0,0.0,0.0,0.0,0.0,0.0,0.0,0.0,0.0,0.0050907433,0.016640544,0.031311154,0.0,0.0,1.0,1.0,0.06,0.06,0.0,0.77637815,1.0,1.0,0.09374086,0.0,0.0018335581,0.0,0.0,0.08075535,0.0
0.0,1.0,0.36764705,0.0,1.6426413e-05,0.0,0.0,0.0,0.0,0.0021718442,0.0,0.0,0.0,0.0,0.0,0.0,0.0,0.0,0.0,0.0,0.0,0.014494866,0.014603376,0.45009786,0.0,0.0,0.0,0.0,1.0,0.0,0.0,0.78292084,1.0,1.0,0.097155176,0.0,0.0041983128,0.0,0.0,0.085363,0.0
0.0,0.0,0.029411765,0.2,0.0,0.0,0.0,0.0,0.0,0.0,0.0,0.0,0.0,0.0,0.0,0.0,0.0,0.0,0.0,0.0,0.0,0.0014510155,0.016877599,0.017612524,0.0,0.0,1.0,1.0,0.04,0.05,0.0,0.76992667,1.0,1.0,0.09179451,0.0,0.002085328,0.0,0.0,0.07899362,0.0
0.0,0.0,0.04411765,0.0,0.0008681168,0.0061771553,0.0,0.0,0.0,0.0,0.0,0.0,0.0,0.0,0.0,0.0,0.0,0.0,0.0,0.0,0.0,0.0092840195,0.01061175,0.021526419,0.0,0.0,0.67,0.18,1.0,0.0,0.36,0.7675966,1.0,1.0,0.096116655,0.0,0.009826168,0.0,0.0,0.06643647,0.0
0.0,0.0,0.029411765,0.2,0.0,0.0,0.0,0.0,0.0,0.0,0.0,0.0,0.0,0.0,0.0,0.0,0.0,0.0,0.0,0.0,0.0,0.0014151335,0.01690413,0.015655577,0.0,0.0,1.0,1.0,0.03,0.06,0.0,0.76996183,1.0,1.0,0.091782875,0.0,0.0020165741,0.0,0.0,0.07919824,0.0
0.0,0.0,0.029411765,0.1,0.0,0.0,0.0,0.0,0.0,0.0,0.0,0.0,0.0,0.0,0.0,0.0,0.0,0.0,0.0,0.0,0.0,0.0,0.02346491,0.0058708414,1.0,1.0,0.0,0.0,0.02,0.09,0.0,0.7731769,1.0,1.0,0.08715623,0.0,0.0,0.0,0.0,0.088327914,0.0
0.0,0.0,0.029411765,0.2,0.0,0.0,0.0,0.0,0.0,0.0,0.0,0.0,0.0,0.0,0.0,0.0,0.0,0.0,0.0,0.0,0.0,0.0,0.0170798,0.023483366,0.0,0.0,1.0,1.0,0.09,0.07,0.0,0.7661867,1.0,1.0,0.09046688,0.0,0.0029812157,0.0,0.0,0.07702196,0.0
0.013965174,0.0,0.04411765,0.3,0.00096909463,0.0,0.0,0.0,0.0,0.0,0.0,0.0,0.0,0.0,0.0,0.0,0.0,0.0,0.0,0.0,0.0,0.007823557,0.010974169,0.0332681,0.0,0.0,1.0,1.0,1.0,0.0,0.0,0.7654457,1.0,1.0,0.095199816,0.0,0.0097126365,0.0,0.0,0.06645849,0.0
0.0,0.0,0.029411765,0.2,0.0,0.0,0.0,0.0,0.0,0.0,0.0,0.0,0.0,0.0,0.0,0.0,0.0,0.0,0.0,0.0,0.0,0.0003810227,0.017041273,0.023483366,0.0,0.0,1.0,1.0,0.08,0.05,0.0,0.7670406,1.0,1.0,0.09074845,0.0,0.002854392,0.0,0.0,0.07737315,0.0
0.0,0.0,0.13235295,0.1,0.0,0.0,0.0,0.0,0.0,0.060379237,0.0,0.0,0.0,0.0,0.0,0.0,0.002470851,0.026152939,0.0,0.0,0.0,0.07114723,0.019675575,0.19569471,1.0,1.0,0.0,0.0,1.0,0.0,0.0,0.8985338,1.0,1.0,0.12306508,0.0,0.0,0.0,0.0,0.112828314,0.0
0.13149095,0.0,0.13235295,0.0,0.0,3.2691223e-05,0.0,0.0,0.0,0.0,0.0,0.0,0.0,0.0,0.0,0.0,0.0,0.0,0.0,0.0,0.0,0.0,0.018950507,0.017612524,0.0,0.22,0.0,0.67,1.0,0.0,1.0,0.7563896,1.0,1.0,0.08571874,0.0,0.0028450936,0.0,0.0,0.081643105,0.0
0.0,0.0,0.44117647,0.2,0.0,0.0,0.0,0.0,0.0,0.0,0.0,0.0,0.0,0.0,0.0,0.0,0.0,0.0,0.0,0.0,0.0,0.0,0.017785303,0.017612524,0.0,0.0,1.0,1.0,0.08,0.06,0.0,0.76658356,1.0,1.0,0.08995294,0.0,0.0025233775,0.0,0.0,0.07782042,0.0
0.0,0.0,0.04411765,0.1,0.0,0.0,0.0,0.0,0.0,0.05591458,0.0,0.0,0.0,0.0,0.0,0.0,0.0029036105,0.02646488,0.0,0.0,0.0,0.07218328,0.014628895,0.14481409,1.0,1.0,0.0,0.0,1.0,0.0,0.0,0.88851404,1.0,1.0,0.12465044,0.0,0.0030248612,0.0,0.0,0.10214153,0.0
0.0,0.0,0.029411765,0.2,0.0,0.0,0.0,0.0,0.0,0.0,0.0,0.0,0.0,0.0,0.0,0.0,0.0,0.0,0.0,0.0,0.0,0.0025508404,0.016804323,0.021526419,0.0,0.0,1.0,1.0,0.04,0.07,0.0,0.7719495,1.0,1.0,0.09241053,0.0,0.0019492656,0.0,0.0,0.07967919,0.0
0.0,0.0,0.1764706,0.2,0.0,0.0,0.0,0.0,0.0,0.0,0.0,0.0,0.0,0.0,0.0,0.0,0.0,0.0,0.0,0.0,0.0,0.002549678,0.016875222,0.025440313,0.0,0.0,1.0,1.0,0.06,0.07,0.0,0.7714021,1.0,1.0,0.09212782,0.0,0.0023447722,0.0,0.0,0.079045296,0.0
0.0,0.0,0.13235295,0.8,0.0,3.2691223e-05,0.0,0.0,0.0,0.023551881,0.0,0.0,0.0,0.0,0.0,0.0,0.0,0.0,0.0,0.0,0.0,0.031135023,0.018967919,0.0019569471,1.0,1.0,0.0,0.0,1.0,0.0,0.0,0.82696044,1.0,1.0,0.10475495,0.0,0.0,0.0,0.0,0.09706956,0.0
0.0,1.0,0.36764705,0.0,1.6044403e-05,0.0,0.0,0.0,0.0,0.003934711,0.0,0.0,0.0,0.0,0.0,0.0,0.0,0.0,0.0,0.0,0.0,0.016037673,0.014794774,0.6105675,0.0,0.0,0.0,0.0,1.0,0.0,0.0,0.7861893,1.0,1.0,0.09786006,0.0,0.0038256794,0.0,0.0,0.08687058,0.0
0.0,0.0,0.029411765,0.2,0.0,0.0,0.0,0.0,0.0,0.0,0.0,0.0,0.0,0.0,0.0,0.0,0.0,0.0,0.0,0.0,0.0,0.0,0.018547855,0.0058708414,0.0,0.0,1.0,1.0,0.01,0.08,0.0,0.74888265,1.0,1.0,0.08461308,0.0,0.00216119,0.0,0.0,0.07561439,0.0
0.0,0.0,0.13235295,0.8,0.0,3.2691223e-05,0.0,0.0,0.0,0.0,0.0,0.0,0.0,0.0,0.0,0.0,0.0,0.0,0.0,0.0,0.0,0.0,0.020459019,0.0019569471,1.0,1.0,0.0,0.0,1.0,0.0,0.0,0.7279155,1.0,1.0,0.07696899,0.0,0.0022033006,0.0,0.0,0.07601416,0.0
0.0,0.0,0.029411765,0.2,0.0,0.0,0.0,0.0,0.0,0.0,0.0,0.0,0.0,0.0,0.0,0.0,0.0,0.0,0.0,0.0,0.0,0.00046524405,0.017080605,0.0039138943,0.0,0.0,1.0,1.0,0.01,0.08,0.0,0.7684287,1.0,1.0,0.091200046,0.0,0.002012834,0.0,0.0,0.079046845,0.0
0.0,0.0,0.029411765,0.2,0.0,0.0,0.0,0.0,0.0,0.0,0.0,0.0,0.0,0.0,0.0,0.0,0.0,0.0,0.0,0.0,0.0,0.004597217,0.016636133,0.031311154,0.0,0.0,1.0,1.0,0.05,0.06,0.0,0.7755127,1.0,1.0,0.09352193,0.0,0.0018498749,0.0,0.0,0.08049634,0.0
0.0,0.0,0.029411765,0.2,0.0,0.0,0.0,0.0,0.0,0.0,0.0,0.0,0.0,0.0,0.0,0.0,0.0,0.0,0.0,0.0,0.0,0.0025847852,0.01678656,0.037181996,0.0,0.0,1.0,1.0,0.1,0.06,0.0,0.77099025,1.0,1.0,0.09206932,0.0,0.0026374757,0.0,0.0,0.07839677,0.0
0.0,1.0,0.36764705,0.0,8.276875e-06,0.0,0.0,0.0,0.0,0.0,0.0,0.0,0.0,0.0,0.0,0.0,0.0,0.0,0.0,0.0,0.0,0.0,0.018629916,1.0,0.0,0.0,0.0,0.0,1.0,0.0,0.0,0.7416023,1.0,1.0,0.08283492,0.0,0.0024681836,0.0,0.0,0.07625362,0.0
0.013843888,0.0,0.04411765,0.3,0.0012247227,0.0,0.0,0.0,0.0,0.016509712,0.0,0.0,0.0,0.0,0.0,0.0,0.0005399063,0.0,0.0,0.0,0.0,0.03488362,0.009921983,0.119373776,0.03,0.03,0.97,0.97,1.0,0.0,0.0,0.81197023,1.0,1.0,0.108462356,0.0,0.009326994,0.0,0.0,0.07559809,0.0
0.017482458,0.0,0.04411765,0.3,0.00020221042,0.0,0.0,0.0,0.0,0.0,0.0,0.0,0.0,0.0,0.0,0.0,0.0,0.0,0.0,0.0,0.0,0.012247682,0.010515295,0.052837573,0.04,0.04,0.93,0.93,1.0,0.0,0.0,0.77275014,1.0,1.0,0.0975657,0.0,0.009743899,0.0,0.0,0.06759527,0.0
0.0,0.0,0.029411765,0.2,0.0,0.0,0.0,0.0,0.0,0.0,0.0,0.0,0.0,0.0,0.0,0.0,0.0,0.0,0.0,0.0,0.0,0.0045804083,0.01674135,0.031311154,0.0,0.0,1.0,1.0,0.07,0.07,0.0,0.7751093,1.0,1.0,0.0932559,0.0,0.0021343082,0.0,0.0,0.08013657,0.0
5.1979554e-05,0.0,0.04411765,0.3,0.00051125616,0.005423771,0.0,0.0,0.0,0.0,0.0,0.0,0.0,0.0,0.0,0.0,0.0,0.0,0.0,0.0,0.0,0.008720517,0.010705665,0.0058708414,0.0,0.0,0.67,0.67,1.0,0.0,0.0,0.76672447,1.0,1.0,0.09579406,0.0,0.009783253,0.0,0.0,0.06647602,0.0
0.0,1.0,0.36764705,0.0,1.6044403e-05,0.0,0.0,0.0,0.0,0.004336506,0.0,0.0,0.0,0.0,0.0,0.0,0.0,0.0,0.0,0.0,0.0,0.016348988,0.0148262605,0.6438356,0.0,0.0,0.0,0.0,1.0,0.0,0.0,0.7869544,1.0,1.0,0.09804987,0.0,0.0037103891,0.0,0.0,0.087111026,0.0
0.0,0.0,0.04411765,0.3,0.0006739286,0.005423771,0.0,0.0,0.0,0.0,0.0,0.0,0.0,0.0,0.0,0.0,0.0,0.0,0.0,0.0,0.0,0.009802252,0.010672629,0.009784736,0.0,0.0,0.75,0.6,1.0,0.0,0.4,0.7685901,1.0,1.0,0.096316956,0.0,0.009771749,0.0,0.0,0.06682113,0.0
0.0,0.0,0.029411765,0.2,0.0,0.0,0.0,0.0,0.0,0.0,0.0,0.0,0.0,0.0,0.0,0.0,0.0,0.0,0.0,0.0,0.0,0.0,0.01722949,0.015655577,0.0,0.0,1.0,1.0,0.08,0.07,0.0,0.7627518,1.0,1.0,0.08940541,0.0,0.0030877441,0.0,0.0,0.07623282,0.0
0.0,0.0,0.029411765,0.2,0.0,0.0,0.0,0.0,0.0,0.0,0.0,0.0,0.0,0.0,0.0,0.0,0.0,0.0,0.0,0.0,0.0,0.002330482,0.016877308,0.021526419,0.0,0.0,1.0,1.0,0.05,0.06,0.0,0.77129734,1.0,1.0,0.092128865,0.0,0.002158448,0.0,0.0,0.07931402,0.0
0.013843888,0.0,0.04411765,0.3,0.0011394073,0.0,0.0,0.0,0.0,0.056185067,0.0,0.0,0.0,0.0,0.0,0.0038160235,0.005116284,0.034080327,0.0,0.0,0.0,0.07929325,0.008616611,0.08806262,0.02,0.02,0.98,0.98,1.0,0.0,0.0,0.8884454,1.0,1.0,0.129837,0.0,0.009108245,0.0,0.0,0.088725984,0.0
0.0,0.0,0.029411765,0.1,0.0,0.0,0.0,0.0,0.0,0.0,0.0,0.0,0.0,0.0,0.0,0.0,0.0,0.0,0.0,0.0,0.0,0.0001500845,0.023205005,0.039138943,1.0,1.0,0.0,0.0,0.13,0.1,0.0,0.78258157,1.0,1.0,0.08980476,0.0,0.0,0.0,0.0,0.09009284,0.0
0.0,0.0,0.029411765,0.2,0.0,0.0,0.0,0.0,0.0,0.0,0.0,0.0,0.0,0.0,0.0,0.0,0.0,0.0,0.0,0.0,0.0,0.003768593,0.01833395,0.029354207,0.35,0.0,0.65,1.0,0.1,0.06,0.0,0.7756412,1.0,1.0,0.09192907,0.0,0.0015580803,0.0,0.0,0.08113322,0.0
0.0,0.0,0.3970588,0.2,0.0,0.0,0.0,0.0,0.0,0.0,0.0,0.0,0.0,0.0,0.0,0.0,0.0,0.0,0.0,0.0,0.0,0.0010036826,0.016990691,0.029354207,0.0,0.0,1.0,1.0,0.11,0.06,0.0,0.7679374,1.0,1.0,0.091016285,0.0,0.0029491484,0.0,0.0,0.07740542,0.0
0.0,1.0,0.36764705,0.0,1.6044403e-05,0.0,0.0,0.0,0.0,0.0020659566,0.0,0.0,0.0,0.0,0.0,0.0,0.0,0.0,0.0,0.0,0.0,0.014400393,0.014591388,0.4403131,0.0,0.0,0.0,0.0,1.0,0.0,0.0,0.78272533,1.0,1.0,0.09711411,0.0,0.0042193383,0.0,0.0,0.0852679,0.0
0.0,0.0,0.029411765,0.2,0.0,0.0,0.0,0.0,0.0,0.0,0.0,0.0,0.0,0.0,0.0,0.0,0.0,0.0,0.0,0.0,0.0,0.006171614,0.018389508,0.02739726,0.56,0.0,0.44,1.0,0.07,0.07,0.0,0.78088737,1.0,1.0,0.09335374,0.0,0.00081031024,0.0,0.0,0.083442956,0.0
0.0,0.0,0.029411765,0.2,0.0,0.0,0.0,0.0,0.0,0.0,0.0,0.0,0.0,0.0,0.0,0.0,0.0,0.0,0.0,0.0,0.0,0.0,0.01721172,0.017612524,0.0,0.0,1.0,1.0,0.09,0.06,0.0,0.76348746,1.0,1.0,0.08960462,0.0,0.0031542182,0.0,0.0,0.07624829,0.0
0.0,0.0,0.029411765,0.2,0.0,0.0,0.0,0.0,0.0,0.0,0.0,0.0,0.0,0.0,0.0,0.0,0.0,0.0,0.0,0.0,0.0,0.0052186847,0.016807951,0.03522505,0.05,0.0,0.95,1.0,0.07,0.06,0.0,0.7765043,1.0,1.0,0.09358507,0.0,0.0019784123,0.0,0.0,0.080562204,0.0
0.0,0.0,0.029411765,0.1,0.0,0.0,0.0,0.0,0.0,0.0,0.0,0.0,0.0,0.0,0.0,0.0,0.0,0.0,0.0,0.0,0.0,0.0,0.023505919,0.011741683,1.0,1.0,0.0,0.0,0.04,0.1,0.0,0.77334976,1.0,1.0,0.08711826,0.0,0.0,0.0,0.0,0.08816749,0.0
0.0,0.0,0.7941176,0.1,0.0,0.0,0.0,0.0,0.0,0.0,0.0,0.0,0.0,0.0,0.0,0.0,0.0,0.0,0.0,0.0,0.0,0.0,0.023391329,0.0332681,1.0,1.0,0.0,0.0,0.12,0.06,0.0,0.77691364,1.0,1.0,0.08812206,0.0,0.0,0.0,0.0,0.08865452,0.0
0.0,0.0,0.7205882,0.1,0.0,0.0,0.0,0.0,0.0,0.0002309382,0.0,0.0,0.0,0.0,0.0,0.0,0.0,0.0,0.0,0.0,0.0,0.00068581104,0.02294451,0.039138943,1.0,1.0,0.0,0.0,0.07,0.06,0.0,0.78430986,1.0,1.0,0.09063331,0.0,0.0,0.0,0.0,0.09100193,0.0
0.0,0.0,0.029411765,0.2,0.0,0.0,0.0,0.0,0.0,0.0,0.0,0.0,0.0,0.0,0.0,0.0,0.0,0.0,0.0,0.0,0.0,0.00046524405,0.017080605,0.0039138943,0.0,0.0,1.0,1.0,0.01,0.07,0.0,0.7684287,1.0,1.0,0.091200046,0.0,0.002012834,0.0,0.0,0.079046845,0.0
0.0,1.0,0.36764705,0.0,2.3557259e-05,0.0,0.0,0.33333334,0.0,0.0,0.0,0.0,0.0,0.0,0.0,0.0,0.0,0.0,0.0,0.0,0.0,0.0,0.020276956,0.0058708414,0.0,0.0,0.0,0.0,1.0,0.0,0.67,0.7456974,1.0,1.0,0.08179406,0.0,0.0019089729,0.0,0.0,0.08339673,0.0
0.0,0.0,0.029411765,0.1,0.0,0.0,0.0,0.0,0.0,0.0,0.0,0.0,0.0,0.0,0.0,0.0,0.0,0.0,0.0,0.0,0.0,0.0,0.023592144,0.015655577,1.0,1.0,0.0,0.0,0.06,0.06,0.0,0.77114415,1.0,1.0,0.08642449,0.0,0.0,0.0,0.0,0.08744368,0.0
0.035605993,0.0,0.04411765,0.3,0.001155006,0.0,0.0,0.0,0.0,0.020264834,0.0,0.0,0.0,0.0,0.0,0.0,0.0006830171,0.003373891,0.0,0.0,0.0,0.03927648,0.0100507885,0.017612524,0.0,0.0,1.0,1.0,1.0,0.0,0.0,0.8195994,1.0,1.0,0.110328995,0.0,0.009418309,0.0,0.0,0.07658666,0.0
0.0,0.0,0.029411765,0.2,0.0,0.0,0.0,0.0,0.0,0.0,0.0,0.0,0.0,0.0,0.0,0.0,0.0,0.0,0.0,0.0,0.0,0.00115484,0.017023623,0.009784736,0.0,0.0,1.0,1.0,0.02,0.07,0.0,0.76946783,1.0,1.0,0.09151488,0.0,0.002086416,0.0,0.0,0.07913768,0.0
0.0,0.0,0.04411765,0.1,0.0,0.0,0.0,0.0,0.0,0.019644141,0.0,0.0,0.0,0.0,0.0,0.0,0.0,0.0008337498,0.0,0.0,0.0,0.03527379,0.013189763,0.072407044,0.11,0.11,0.89,0.89,1.0,0.0,0.0,0.81953967,1.0,1.0,0.107663296,0.0,0.006431639,0.0,0.0,0.0812459,0.0
0.0,0.0,0.13235295,0.8,0.0,3.2691223e-05,0.0,0.0,0.0,0.012088597,0.0,0.0,0.0,0.0,0.0,0.0,0.0,0.0,0.0,0.0,0.0,0.01823619,0.01887273,0.0019569471,1.0,1.0,0.0,0.0,1.0,0.0,0.0,0.80466545,1.0,1.0,0.099005096,0.0,0.0,0.0,0.0,0.09242031,0.0
0.0,0.0,0.029411765,0.1,0.0,0.0,0.0,0.0,0.0,0.0,0.0,0.0,0.0,0.0,0.0,0.0,0.0,0.0,0.0,0.0,0.0,0.0,0.023256429,0.029354207,1.0,1.0,0.0,0.0,0.09,0.09,0.0,0.78038216,1.0,1.0,0.08920588,0.0,0.0,0.0,0.0,0.0897381,0.0
0.0,0.0,0.029411765,0.1,0.0,0.0,0.0,0.0,0.0,0.0,0.0,0.0,0.0,0.0,0.0,0.0,0.0,0.0,0.0,0.0,0.0,0.0,0.023386948,0.023483366,1.0,1.0,0.0,0.0,0.08,0.08,0.0,0.7766764,1.0,1.0,0.088098995,0.0,0.0,0.0,0.0,0.088816136,0.0
0.0,0.0,0.5441176,0.1,0.0,0.0,0.0,0.0,0.0,0.0,0.0,0.0,0.0,0.0,0.0,0.0,0.0,0.0,0.0,0.0,0.0,0.0,0.023520716,0.009784736,1.0,1.0,0.0,0.0,0.03,0.11,0.0,0.7731898,1.0,1.0,0.08706363,0.0,0.0,0.0,0.0,0.0881173,0.0
0.0,0.0,0.029411765,0.2,0.0,0.0,0.0,0.0,0.0,0.0,0.0,0.0,0.0,0.0,0.0,0.0,0.0,0.0,0.0,0.0,0.0,0.0013578832,0.01690428,0.037181996,0.0,0.0,1.0,1.0,0.14,0.06,0.0,0.76838136,1.0,1.0,0.09120905,0.0,0.00302504,0.0,0.0,0.077323794,0.0
0.0,0.0,0.029411765,0.2,0.0,0.0,0.0,0.0,0.0,0.0,0.0,0.0,0.0,0.0,0.0,0.0,0.0,0.0,0.0,0.0,0.0,0.00026744604,0.017061353,0.029354207,0.0,0.0,1.0,1.0,0.14,0.06,0.0,0.7663721,1.0,1.0,0.09050011,0.0,0.003181681,0.0,0.0,0.07676157,0.0
0.0,1.0,0.36764705,0.0,1.6426413e-05,0.0,0.0,0.0,0.0,0.0,0.0,0.0,0.0,0.0,0.0,0.0,0.0,0.0,0.0,0.0,0.0,0.0,0.028210342,1.0,0.0,0.0,0.0,0.0,1.0,0.0,0.0,0.6702473,0.9623495,1.0,0.05406777,0.0,0.0028101653,0.0,0.0,0.06647161,0.0
0.0,0.0,0.4117647,0.1,0.0,0.0,0.0,0.0,0.0,0.0,0.0,0.0,0.0,0.0,0.0,0.0,0.0,0.0,0.0,0.0,0.0,0.0,0.023248367,0.009784736,1.0,1.0,0.0,0.0,0.02,0.06,0.0,0.77507913,1.0,1.0,0.08795058,0.0,0.0,0.0,0.0,0.08908445,0.0
0.00015593866,0.0,0.04411765,0.3,0.0005344951,0.005423771,0.0,0.0,0.0,0.0,0.0,0.0,0.0,0.0,0.0,0.0,0.0,0.0,0.0,0.0,0.0,0.009321392,0.010640472,0.0058708414,0.0,0.0,0.33,0.33,1.0,0.0,0.0,0.7677263,1.0,1.0,0.0961206,0.0,0.009804368,0.0,0.0,0.06652221,0.0
0.13065927,0.0,0.13235295,0.0,0.0,3.2691223e-05,0.0,0.0,0.0,0.0,0.0,0.0,0.0,0.0,0.0,0.0,0.0,0.0,0.0,0.0,0.0,0.0,0.018909805,0.0019569471,0.0,0.0,0.0,0.0,1.0,0.0,0.0,0.7441292,1.0,1.0,0.08251404,0.0,0.003107205,0.0,0.0,0.07903832,0.0
1.7326518e-05,0.0,0.22058824,0.0,4.1368454e-05,0.00021769383,0.0,0.0,0.0,0.0,0.0,0.0,0.0,0.0,0.0,0.0,0.0,0.0,0.0,0.0,0.0,0.0,0.013254486,0.0039138943,0.0,0.0,0.0,0.0,1.0,0.0,0.0,0.7540293,1.0,1.0,0.09010505,0.0,0.007378906,0.0,0.0,0.07330969,0.0
0.0,0.0,0.45588234,0.2,0.0,0.0,0.0,0.0,0.0,0.0,0.0,0.0,0.0,0.0,0.0,0.0,0.0,0.0,0.0,0.0,0.0,0.0055532157,0.016624883,0.0332681,0.0,0.0,1.0,1.0,0.06,0.06,0.0,0.77706635,1.0,1.0,0.093924485,0.0,0.0019070953,0.0,0.0,0.08075133,0.0
0.0,1.0,0.36764705,0.0,8.08587e-06,0.0,0.0,0.0,0.0,0.0,0.0,0.0,0.0,0.0,0.0,0.0,0.0,0.0,0.0,0.0,0.0,0.011258453,0.014154844,0.1037182,0.0,0.0,0.0,0.0,1.0,0.0,0.0,0.7761848,1.0,1.0,0.09577089,0.0,0.004945159,0.0,0.0,0.08200592,0.0
0.035848565,0.0,0.04411765,0.3,0.001155006,0.0,0.0,0.0,0.0,0.030300528,0.0,0.0,0.0,0.0,0.0,0.0,0.0018716156,0.012068808,0.0,0.0,0.0,0.050497383,0.009706497,0.01369863,0.0,0.0,1.0,1.0,1.0,0.0,0.0,0.8389393,1.0,1.0,0.11575063,0.0,0.009357229,0.0,0.0,0.07987344,0.0
0.0,0.0,0.29411766,0.2,0.0,0.0,0.0,0.0,0.0,0.0,0.0,0.0,0.0,0.0,0.0,0.0,0.0,0.0,0.0,0.0,0.0,0.001524657,0.0169034,0.01369863,0.0,0.0,1.0,1.0,0.03,0.06,0.0,0.7702606,1.0,1.0,0.09187374,0.0,0.0019461066,0.0,0.0,0.07934576,0.0
0.0,0.0,0.04411765,0.0,0.0008681168,0.0061771553,0.0,0.0,0.0,0.0,0.0,0.0,0.0,0.0,0.0,0.0,0.0,0.0,0.0,0.0,0.0,0.008075088,0.010720201,0.019569471,0.0,0.0,0.0,0.0,1.0,0.0,0.2,0.7656156,1.0,1.0,0.09549119,0.0,0.009763584,0.0,0.0,0.06637564,0.0
0.14221606,0.0,0.13235295,0.0,0.0,1.1144735e-05,0.0,0.0,0.0,0.0,0.0,0.0,0.0,0.0,0.0,0.0,0.0,0.0,0.0,0.0,0.0,0.0,0.036922045,0.0019569471,0.0,0.0,0.0,0.0,1.0,0.0,0.0,0.6273745,0.9074268,1.0,0.032194816,0.0,0.009674713,0.0,0.0,0.060477763,0.0
0.0,0.0,0.029411765,0.2,0.0,0.0,0.0,0.0,0.0,0.0,0.0,0.0,0.0,0.0,0.0,0.0,0.0,0.0,0.0,0.0,0.0,0.0,0.01707676,0.009784736,0.0,0.0,1.0,1.0,0.02,0.07,0.0,0.7663611,1.0,1.0,0.09062346,0.0,0.0023234785,0.0,0.0,0.07805386,0.0
0.0,0.0,0.04411765,0.0,0.0008681168,0.0061771553,0.0,0.0,0.0,0.0,0.0,0.0,0.0,0.0,0.0,0.0,0.0,0.0,0.0,0.0,0.0,0.002699852,0.01084502,0.011741683,0.0,0.0,0.0,0.0,1.0,0.0,0.33,0.7563076,1.0,1.0,0.09291998,0.0,0.00981997,0.0,0.0,0.064689726,0.0
0.0,0.0,0.5588235,0.5,0.0,0.0,0.0,0.0,0.0,0.0,0.0,0.0,0.0,0.0,0.0,0.0,0.0,0.0,0.0,0.0,0.0,0.0028492808,0.016841747,0.039138943,0.0,0.0,1.0,1.0,0.13,0.06,0.0,0.7710736,1.0,1.0,0.09198695,0.0,0.002913192,0.0,0.0,0.07804698,0.0
0.0,0.0,0.029411765,0.2,0.0,0.0,0.0,0.0,0.0,0.0,0.0,0.0,0.0,0.0,0.0,0.0,0.0,0.0,0.0,0.0,0.0,0.0,0.017369002,0.0039138943,0.0,0.0,1.0,1.0,0.02,0.06,0.0,0.7591438,1.0,1.0,0.08833795,0.0,0.0030554682,0.0,0.0,0.075518906,0.0
0.0,0.0,0.029411765,0.1,0.0,0.0,0.0,0.0,0.0,0.00035348535,0.0,0.0,0.0,0.0,0.0,0.0,0.0,0.0,0.0,0.0,0.0,0.0005622804,0.022879675,0.037181996,1.0,1.0,0.0,0.0,0.06,0.06,0.0,0.78437626,1.0,1.0,0.09075137,0.0,0.0,0.0,0.0,0.09123364,0.0
0.0,0.0,0.029411765,0.2,0.0,0.0,0.0,0.0,0.0,0.0,0.0,0.0,0.0,0.0,0.0,0.0,0.0,0.0,0.0,0.0,0.0,0.00040733814,0.017019145,0.02739726,0.0,0.0,1.0,1.0,0.1,0.06,0.0,0.7669647,1.0,1.0,0.09073884,0.0,0.0029179156,0.0,0.0,0.07729241,0.0
0.0,0.0,0.60294116,0.1,0.0,0.0,0.0,0.0,0.0,0.0,0.0,0.0,0.0,0.0,0.0,0.0,0.0,0.0,0.0,0.0,0.0,0.0,0.023619682,0.0019569471,1.0,1.0,0.0,0.0,0.01,0.1,0.0,0.77030456,1.0,1.0,0.086212985,0.0,0.0,0.0,0.0,0.08750799,0.0
0.0,0.0,0.14705883,0.5,0.0,0.0,0.0,0.0,0.0,0.0,0.0,0.0,0.0,0.0,0.0,0.0,0.0,0.0,0.0,0.0,0.0,0.002169609,0.01685068,0.019569471,0.0,0.0,1.0,1.0,0.04,0.06,0.0,0.7712048,1.0,1.0,0.09215722,0.0,0.0020338446,0.0,0.0,0.07939768,0.0
0.0,0.0,0.029411765,0.1,0.0,0.0,0.0,0.0,0.0,0.0,0.0,0.0,0.0,0.0,0.0,0.0,0.0,0.0,0.0,0.0,0.0,0.0,0.023813218,0.0019569471,1.0,1.0,0.0,0.0,0.01,0.07,0.0,0.76587105,1.0,1.0,0.08480946,0.0,0.0,0.0,0.0,0.08619642,0.0
0.0,0.0,0.04411765,0.0,0.0008681168,0.0061771553,0.0,0.0,0.0,0.0,0.0,0.0,0.0,0.0,0.0,0.0,0.0,0.0,0.0,0.0,0.0,0.007190734,0.01067321,0.009784736,0.0,0.0,0.0,0.0,1.0,0.0,0.4,0.763993,1.0,1.0,0.09510969,0.0,0.009835571,0.0,0.0,0.06581959,0.0
0.0,0.0,0.20588236,0.2,0.0,0.0,0.0,0.0,0.0,0.0,0.0,0.0,0.0,0.0,0.0,0.0,0.0,0.0,0.0,0.0,0.0,0.00019210577,0.017003126,0.0039138943,0.0,0.0,1.0,1.0,0.01,0.06,0.0,0.7682154,1.0,1.0,0.091262795,0.0,0.0018200129,0.0,0.0,0.079153,0.0
0.0,0.0,0.5441176,0.5,0.0,0.0,0.0,0.0,0.0,0.0,0.0,0.0,0.0,0.0,0.0,0.0,0.0,0.0,0.0,0.0,0.0,0.0049461424,0.016640544,0.039138943,0.0,0.0,1.0,1.0,0.08,0.07,0.0,0.77553236,1.0,1.0,0.09345723,0.0,0.002250746,0.0,0.0,0.079880774,0.0
0.0,0.0,0.029411765,0.2,0.0,0.0,0.0,0.0,0.0,0.0,0.0,0.0,0.0,0.0,0.0,0.0,0.0,0.0,0.0,0.0,0.0,0.0032033026,0.016845338,0.021526419,0.0,0.0,1.0,1.0,0.04,0.07,0.0,0.77296925,1.0,1.0,0.09261372,0.0,0.002022311,0.0,0.0,0.079904735,0.0
0.0,0.0,0.23529412,0.2,0.0,0.0,0.0,0.0,0.0,0.0,0.0,0.0,0.0,0.0,0.0,0.0,0.0,0.0,0.0,0.0,0.0,0.0025050044,0.016879492,0.025440313,0.0,0.0,1.0,1.0,0.06,0.07,0.0,0.7713071,1.0,1.0,0.092096545,0.0,0.0023588687,0.0,0.0,0.079006284,0.0
0.0,0.0,0.04411765,0.1,0.0,0.0,0.0,0.0,0.0,0.020798236,0.0,0.0,0.0,0.0,0.0,0.0,0.0,0.0001590848,0.0,0.0,0.0,0.03591287,0.014065467,0.015655577,1.0,1.0,0.0,0.0,1.0,0.0,0.0,0.82169354,1.0,1.0,0.107376836,0.0,0.005807027,0.0,0.0,0.084243834,0.0
1.7326518e-05,0.0,0.22058824,0.0,4.1368454e-05,0.00021769383,0.0,0.0,0.0,0.0,0.0,0.0,0.0,0.0,0.0,0.0,0.0,0.0,0.0,0.0,0.0,0.004157543,0.011835098,0.0058708414,0.0,0.0,0.0,0.0,1.0,0.0,0.0,0.7594414,1.0,1.0,0.092699684,0.0,0.008957505,0.0,0.0,0.07073447,0.0
0.0,0.0,0.029411765,0.1,0.0,0.0,0.0,0.0,0.0,0.0,0.0,0.0,0.0,0.0,0.0,0.0,0.0,0.0,0.0,0.0,0.0,0.0,0.023457088,0.029354207,1.0,1.0,0.0,0.0,0.11,0.06,0.0,0.7752495,1.0,1.0,0.087616526,0.0,0.0,0.0,0.0,0.08826995,0.0
0.0,1.0,0.36764705,0.0,1.6426413e-05,0.0,0.0,0.0,0.0,0.0,0.0,0.0,0.0,0.0,0.0,0.0,0.0,0.0,0.0,0.0,0.0,0.010831058,0.013982177,0.023483366,0.0,0.0,0.0,0.0,1.0,0.0,0.0,0.7751783,1.0,1.0,0.09566078,0.0,0.0051214844,0.0,0.0,0.08125323,0.0
0.0,0.0,0.029411765,0.2,0.0,0.0,0.0,0.0,0.0,0.0,0.0,0.0,0.0,0.0,0.0,0.0,0.0,0.0,0.0,0.0,0.0,0.0020587742,0.016922943,0.017612524,0.0,0.0,1.0,1.0,0.04,0.07,0.0,0.7708515,1.0,1.0,0.09196638,0.0,0.0021724552,0.0,0.0,0.07918009,0.0
0.015559213,0.0,0.04411765,0.3,0.0008872809,0.0,0.0,0.0,0.0,0.035798848,0.0,0.0,0.0,0.0,0.0,0.0,0.0028592572,0.017128795,0.0,0.0,0.0,0.056744307,0.009189598,0.056751467,0.0,0.0,1.0,1.0,1.0,0.0,0.0,0.8494023,1.0,1.0,0.1190095,0.0,0.009442434,0.0,0.0,0.08111322,0.0
0.0,0.0,0.42647058,0.2,0.0,0.0,0.0,0.0,0.0,0.0,0.0,0.0,0.0,0.0,0.0,0.0,0.0,0.0,0.0,0.0,0.0,0.0020880997,0.016862951,0.039138943,0.0,0.0,1.0,1.0,0.14,0.06,0.0,0.7696389,1.0,1.0,0.09158038,0.0,0.0030141026,0.0,0.0,0.07755378,0.0
0.0,1.0,0.36764705,0.0,1.6044403e-05,0.0,0.0,0.0,0.0,0.0028497279,0.0,0.0,0.0,0.0,0.0,0.0,0.0,0.0,0.0,0.0,0.0,0.015099376,0.014680326,0.51272017,0.0,0.0,0.0,0.0,1.0,0.0,0.0,0.78417194,1.0,1.0,0.09741812,0.0,0.004063502,0.0,0.0,0.085971415,0.0
0.0,0.0,0.029411765,0.1,0.0,0.0,0.0,0.0,0.0,0.00014075637,0.0,0.0,0.0,0.0,0.0,0.0,0.0,0.0,0.0,0.0,0.0,0.00036156178,0.022909343,0.03522505,1.0,1.0,0.0,0.0,0.06,0.06,0.0,0.78401494,1.0,1.0,0.09062379,0.0,0.0,0.0,0.0,0.091110855,0.0
0.0,0.0,0.029411765,0.2,0.0,0.0,0.0,0.0,0.0,0.0,0.0,0.0,0.0,0.0,0.0,0.0,0.0,0.0,0.0,0.0,0.0,0.0,0.017252296,0.01369863,0.0,0.0,1.0,1.0,0.07,0.07,0.0,0.7625289,1.0,1.0,0.089324184,0.0,0.0030947328,0.0,0.0,0.076165795,0.0
0.0,0.0,0.029411765,0.2,0.0,0.0,0.0,0.0,0.0,0.0,0.0,0.0,0.0,0.0,0.0,0.0,0.0,0.0,0.0,0.0,0.0,0.00036272407,0.017023511,0.02739726,0.0,0.0,1.0,1.0,0.1,0.07,0.0,0.7668698,1.0,1.0,0.09070753,0.0,0.0029319823,0.0,0.0,0.07725349,0.0
0.0,0.0,0.029411765,0.2,0.0,0.0,0.0,0.0,0.0,0.0,0.0,0.0,0.0,0.0,0.0,0.0,0.0,0.0,0.0,0.0,0.0,0.0024670959,0.016916007,0.021526419,0.0,0.0,1.0,1.0,0.05,0.06,0.0,0.7714039,1.0,1.0,0.09209753,0.0,0.0022548288,0.0,0.0,0.079260916,0.0
0.12622368,0.0,0.13235295,0.0,0.0,3.2691223e-05,0.0,0.0,0.0,0.0,0.0,0.0,0.0,0.0,0.0,0.0,0.0,0.0,0.0,0.0,0.0,0.0,0.017832078,0.0019569471,0.0,0.0,0.0,0.0,1.0,0.0,0.0,0.7416713,1.0,1.0,0.08281126,0.0,0.0041703135,0.0,0.0,0.07552624,0.0
0.0,0.0,0.4852941,0.2,0.0,0.0,0.0,0.0,0.0,0.0,0.0,0.0,0.0,0.0,0.0,0.0,0.0,0.0,0.0,0.0,0.0,0.004709542,0.016686924,0.029354207,0.0,0.0,1.0,1.0,0.05,0.06,0.0,0.7756336,1.0,1.0,0.09348755,0.0,0.0019180626,0.0,0.0,0.08047381,0.0
0.0,0.0,0.63235295,0.5,0.0,0.0,0.0,0.0,0.0,0.0,0.0,0.0,0.0,0.0,0.0,0.0,0.0,0.0,0.0,0.0,0.0,0.0013741851,0.016931444,0.039138943,0.0,0.0,1.0,1.0,0.18,0.05,0.0,0.7681209,1.0,1.0,0.09107982,0.0,0.0032395571,0.0,0.0,0.07692954,0.0
0.015697826,0.0,0.04411765,0.3,0.0009226168,0.0,0.0,0.0,0.0,0.0,0.0,0.0,0.0,0.0,0.0,0.0,0.0,0.0,0.0,0.0,0.0,0.00082170963,0.010915294,0.0019569471,0.0,0.0,1.0,1.0,1.0,0.0,0.0,0.7530638,1.0,1.0,0.09199267,0.0,0.009882599,0.0,0.0,0.06393027,0.0
0.0,0.0,0.3382353,0.2,0.0,0.0,0.0,0.0,0.0,0.0,0.0,0.0,0.0,0.0,0.0,0.0,0.0,0.0,0.0,0.0,0.0,0.0056910813,0.016592085,0.037181996,0.0,0.0,1.0,1.0,0.07,0.06,0.0,0.77722764,1.0,1.0,0.09399309,0.0,0.0019353777,0.0,0.0,0.08076826,0.0
0.0,0.0,0.029411765,0.1,0.0,0.0,0.0,0.0,0.0,0.0,0.0,0.0,0.0,0.0,0.0,0.0,0.0,0.0,0.0,0.0,0.0,0.0,0.023258545,0.01369863,1.0,1.0,0.0,0.0,0.03,0.06,0.0,0.77631485,1.0,1.0,0.08823346,0.0,0.0,0.0,0.0,0.08921915,0.0
0.03598718,0.0,0.04411765,0.3,0.001178245,0.0,0.0,0.0,0.0,0.0,0.0,0.0,0.0,0.0,0.0,0.0,0.0,0.0,0.0,0.0,0.0,0.005603999,0.01106941,0.015655577,0.0,0.0,1.0,1.0,1.0,0.0,0.0,0.7614976,1.0,1.0,0.09405371,0.0,0.009692818,0.0,0.0,0.066333085,0.0
0.0,0.0,0.47058824,0.2,0.0,0.0,0.0,0.0,0.0,0.0,0.0,0.0,0.0,0.0,0.0,0.0,0.0,0.0,0.0,0.0,0.0,0.0018612444,0.016861342,0.015655577,0.0,0.0,1.0,1.0,0.03,0.06,0.0,0.7709104,1.0,1.0,0.092095695,0.0,0.0018756539,0.0,0.0,0.07958835,0.0
0.0,0.0,0.5735294,0.2,0.0,0.0,0.0,0.0,0.0,0.0,0.0,0.0,0.0,0.0,0.0,0.0,0.0,0.0,0.0,0.0,0.0,0.0,0.017296381,0.0039138943,0.0,0.0,1.0,1.0,0.01,0.06,0.0,0.7617171,1.0,1.0,0.08911993,0.0,0.0027854294,0.0,0.0,0.07648024,0.0
0.0,0.0,0.029411765,0.2,0.0,0.0,0.0,0.0,0.0,0.0,0.0,0.0,0.0,0.0,0.0,0.0,0.0,0.0,0.0,0.0,0.0,0.0,0.0171412,0.0019569471,0.0,0.0,1.0,1.0,0.0,0.08,0.0,0.7667444,1.0,1.0,0.09068801,0.0,0.0020871907,0.0,0.0,0.078641206,0.0
0.142372,0.0,0.13235295,0.0,0.0,1.1144735e-05,0.0,0.0,0.0,0.0,0.0,0.0,0.0,0.0,0.0,0.0,0.0,0.0,0.0,0.0,0.0,0.0,0.019121468,0.0019569471,0.0,0.0,0.0,0.0,1.0,0.0,0.0,0.743832,1.0,1.0,0.08248886,0.0,0.0015695989,0.0,0.0,0.07752523,0.0
0.0,1.0,0.36764705,0.0,1.6044403e-05,0.0,0.0,0.0,0.0,0.0,0.0,0.0,0.0,0.0,0.0,0.0,0.0,0.0,0.0,0.0,0.0,0.011206329,0.014133759,0.09393346,0.0,0.0,0.0,0.0,1.0,0.0,0.0,0.776062,1.0,1.0,0.09575748,0.0,0.0049666315,0.0,0.0,0.0819141,0.0
0.0,0.0,0.029411765,0.2,0.0,0.0,0.0,0.0,0.0,0.0,0.0,0.0,0.0,0.0,0.0,0.0,0.0,0.0,0.0,0.0,0.0,0.0,0.017117351,0.017612524,0.0,0.0,1.0,1.0,0.06,0.06,0.0,0.764614,1.0,1.0,0.09004267,0.0,0.0028746277,0.0,0.0,0.07680857,0.0
0.0,0.0,0.7647059,0.1,0.0,0.0,0.0,0.0,0.0,0.0,0.0,0.0,0.0,0.0,0.0,0.0,0.0,0.0,0.0,0.0,0.0,0.0,0.023476176,0.0039138943,1.0,1.0,0.0,0.0,0.01,0.06,0.0,0.7718601,1.0,1.0,0.086817555,0.0,0.0,0.0,0.0,0.08805165,0.0
0.13464437,0.0,0.13235295,0.3,0.0,3.2691223e-05,0.0,0.0,0.0,0.019268245,0.0,0.0,0.0,0.0,0.0,0.0,0.0,0.0,0.0,0.0,0.0,0.026311696,0.018939048,0.0019569471,0.0,0.0,1.0,1.0,1.0,0.0,0.0,0.8186234,1.0,1.0,0.10259905,0.0,0.0,0.0,0.0,0.09536594,0.0
1.7326518e-05,0.0,0.22058824,0.0,4.1368454e-05,0.00021769383,0.0,0.0,0.0,0.0,0.0,0.0,0.0,0.0,0.0,0.0,0.0,0.0,0.0,0.0,0.0,0.0025763512,0.011021934,0.0058708414,0.0,0.0,0.0,0.0,1.0,0.0,0.0,0.756317,1.0,1.0,0.092737086,0.0,0.009647697,0.0,0.0,0.06557956,0.0
1.7326518e-05,0.0,0.22058824,0.0,4.1368454e-05,0.00021769383,0.0,0.0,0.0,0.0,0.0,0.0,0.0,0.0,0.0,0.0,0.0,0.0,0.0,0.0,0.0,0.0,0.013810806,0.0058708414,0.0,0.0,0.0,0.0,1.0,0.0,0.0,0.7504144,1.0,1.0,0.088741936,0.0,0.0068402737,0.0,0.0,0.072419435,0.0
0.0,0.0,0.04411765,0.0,0.0008681168,0.0061771553,0.0,0.0,0.0,0.0,0.0,0.0,0.0,0.0,0.0,0.0,0.0,0.0,0.0,0.0,0.0,0.009734333,0.01062344,0.037181996,0.0,0.0,0.0,0.0,1.0,0.0,0.16,0.7684405,1.0,1.0,0.096327715,0.0,0.00977771,0.0,0.0,0.06674266,0.0
0.0,0.0,0.04411765,0.9,0.0008681168,0.006177898,0.0,0.0,0.0,0.0,0.0,0.0,0.0,0.0,0.0,0.0,0.0,0.0,0.0,0.0,0.0,0.0073254406,0.010754295,0.007827789,0.5,0.5,0.0,0.0,1.0,0.0,0.0,0.7643224,1.0,1.0,0.095112674,0.0,0.009805724,0.0,0.0,0.06601021,0.0
0.0,0.0,0.029411765,0.1,0.0,0.0,0.0,0.0,0.0,0.0,0.0,0.0,0.0,0.0,0.0,0.0,0.0,0.0,0.0,0.0,0.0,0.0,0.023582786,0.021526419,1.0,1.0,0.0,0.0,0.09,0.07,0.0,0.77200186,1.0,1.0,0.08663457,0.0,0.0,0.0,0.0,0.08753005,0.0
0.0,0.0,0.5294118,0.2,0.0,0.0,0.0,0.0,0.0,0.0,0.0,0.0,0.0,0.0,0.0,0.0,0.0,0.0,0.0,0.0,0.0,0.0008350611,0.016960382,0.007827789,0.0,0.0,1.0,1.0,0.01,0.06,0.0,0.7692213,1.0,1.0,0.091558896,0.0,0.001872465,0.0,0.0,0.079254955,0.0
1.7326518e-05,0.0,0.22058824,0.0,4.1368454e-05,0.00021769383,0.0,0.0,0.0,0.0,0.0,0.0,0.0,0.0,0.0,0.0,0.0,0.0,0.0,0.0,0.0,0.0,0.013519965,0.0058708414,0.0,0.0,0.0,0.0,1.0,0.0,0.0,0.75244594,1.0,1.0,0.08946014,0.0,0.0072163045,0.0,0.0,0.073164105,0.0
0.0,0.0,0.029411765,0.2,0.0,0.0,0.0,0.0,0.0,0.0,0.0,0.0,0.0,0.0,0.0,0.0,0.0,0.0,0.0,0.0,0.0,0.0023895204,0.016908951,0.037181996,0.0,0.0,1.0,1.0,0.14,0.06,0.0,0.7702074,1.0,1.0,0.091678105,0.0,0.0029782802,0.0,0.0,0.07788092,0.0
0.0,0.0,0.029411765,0.2,0.0,0.0,0.0,0.0,0.0,0.0,0.0,0.0,0.0,0.0,0.0,0.0,0.0,0.0,0.0,0.0,0.0,0.0043749213,0.016718432,0.037181996,0.0,0.0,1.0,1.0,0.09,0.07,0.0,0.7744291,1.0,1.0,0.09307025,0.0,0.0023511052,0.0,0.0,0.0796172,0.0
0.0,0.0,0.014705882,0.5,0.0,0.0,0.0,0.0,0.0,0.0,0.0,0.0,0.0,0.0,0.0,0.0,0.0,0.0,0.0,0.0,0.0,0.0004402995,0.017030574,0.011741683,0.0,0.0,1.0,1.0,0.03,0.07,0.0,0.7680663,1.0,1.0,0.09112694,0.0,0.002208501,0.0,0.0,0.07863349,0.0
0.013947847,0.0,0.04411765,0.3,0.0009789632,7.4298237e-07,0.0,0.0,0.0,0.04732108,0.0,0.0,0.0,0.0,0.0,0.0013442636,0.004079491,0.026653647,0.0,0.0,0.0,0.06946418,0.008920409,0.06262231,0.03,0.03,0.97,0.97,1.0,0.0,0.0,0.8714857,1.0,1.0,0.12507921,0.0,0.009229511,0.0,0.0,0.085522026,0.0
0.0,0.0,0.42647058,0.2,0.0,0.0,0.0,0.0,0.0,0.0,0.0,0.0,0.0,0.0,0.0,0.0,0.0,0.0,0.0,0.0,0.0,0.00026744604,0.017061353,0.029354207,0.0,0.0,1.0,1.0,0.14,0.07,0.0,0.7663721,1.0,1.0,0.09050011,0.0,0.003181681,0.0,0.0,0.07676157,0.0
0.0,0.0,0.029411765,0.1,0.0,0.0,0.0,0.0,0.0,0.0,0.0,0.0,0.0,0.0,0.0,0.0,0.0,0.0,0.0,0.0,0.0,0.0,0.023291707,0.039138943,1.0,1.0,0.0,0.0,0.13,0.06,0.0,0.779598,1.0,1.0,0.08892638,0.0,0.0,0.0,0.0,0.08930385,0.0
0.0,0.0,0.029411765,0.2,0.0,0.0,0.0,0.0,0.0,0.0,0.0,0.0,0.0,0.0,0.0,0.0,0.0,0.0,0.0,0.0,0.0,0.0033742785,0.016734563,0.02739726,0.0,0.0,1.0,1.0,0.05,0.06,0.0,0.77327347,1.0,1.0,0.09281912,0.0,0.0019806027,0.0,0.0,0.07988724,0.0
0.0,0.0,0.04411765,0.0,0.0008681168,0.0061771553,0.0,0.0,0.0,0.0,0.0,0.0,0.0,0.0,0.0,0.0,0.0,0.0,0.0,0.0,0.0,0.006559372,0.010717891,0.0058708414,0.0,0.0,0.0,0.0,1.0,0.0,0.0,0.7629714,1.0,1.0,0.09479787,0.0,0.009798631,0.0,0.0,0.06578058,0.0
0.13039938,0.0,0.13235295,0.0,0.0,3.2691223e-05,0.0,0.0,0.0,0.0,0.0,0.0,0.0,0.0,0.0,0.0,0.0,0.0,0.0,0.0,0.0,0.0,0.018839762,0.0019569471,0.0,0.0,0.0,0.0,1.0,0.0,0.0,0.7421875,1.0,1.0,0.082059674,0.0,0.0032105893,0.0,0.0,0.0785169,0.0
1.7326518e-05,0.0,0.22058824,0.0,4.1368454e-05,0.00021769383,0.0,0.0,0.0,0.0,0.0,0.0,0.0,0.0,0.0,0.0,0.0,0.0,0.0,0.0,0.0,0.0,0.013919398,0.0039138943,0.0,0.0,0.0,0.0,1.0,0.0,0.0,0.74931335,1.0,1.0,0.08837921,0.0,0.0067353398,0.0,0.0,0.072050154,0.0
0.14257991,0.0,0.13235295,0.0,0.0,1.1144735e-05,0.0,0.0,0.0,0.0,0.0,0.0,0.0,0.0,0.0,0.0,0.0,0.0,0.0,0.0,0.0,0.0,0.019071102,0.0019569471,0.0,0.0,0.0,0.0,1.0,0.0,0.0,0.745304,1.0,1.0,0.08293664,0.0,0.0014810264,0.0,0.0,0.07786754,0.0
0.0,0.0,0.029411765,0.1,0.0,0.0,0.0,0.0,0.0,2.1159649e-05,0.0,0.0,0.0,0.0,0.0,0.0,0.0,0.0,0.0,0.0,0.0,0.00026881695,0.022924192,0.03522505,1.0,1.0,0.0,0.0,0.06,0.06,0.0,0.7838137,1.0,1.0,0.09055086,0.0,0.0,0.0,0.0,0.09103832,0.0
0.0,0.0,0.7058824,0.2,0.0,0.0,0.0,0.0,0.0,0.0,0.0,0.0,0.0,0.0,0.0,0.0,0.0,0.0,0.0,0.0,0.0,0.0034426749,0.016851142,0.023483366,0.0,0.0,1.0,1.0,0.05,0.08,0.0,0.7731831,1.0,1.0,0.0926409,0.0,0.0021663904,0.0,0.0,0.079705566,0.0
0.0,0.0,0.60294116,0.5,0.0,0.0,0.0,0.0,0.0,0.0,0.0,0.0,0.0,0.0,0.0,0.0,0.0,0.0,0.0,0.0,0.0,0.0,0.017200701,0.0019569471,0.0,0.0,1.0,1.0,0.0,0.06,0.0,0.7634953,1.0,1.0,0.08974969,0.0,0.0023454428,0.0,0.0,0.07749885,0.0
0.0,0.0,0.3970588,0.2,0.0,0.0,0.0,0.0,0.0,0.0,0.0,0.0,0.0,0.0,0.0,0.0,0.0,0.0,0.0,0.0,0.0,0.0028376281,0.016857356,0.023483366,0.0,0.0,1.0,1.0,0.05,0.07,0.0,0.7720803,1.0,1.0,0.092343785,0.0,0.0022179037,0.0,0.0,0.07934898,0.0
0.0,0.0,0.04411765,0.1,0.0,0.0,0.0,0.0,0.0,0.055784583,0.0,0.0,0.0,0.0,0.0,0.0,0.0015180781,0.022702426,0.0,0.0,0.0,0.06807643,0.018483162,0.11741683,1.0,1.0,0.0,0.0,1.0,0.0,0.0,0.88918364,1.0,1.0,0.12148183,0.0,0.0,0.0,0.0,0.109442145,0.0
0.0,0.0,0.13235295,0.8,0.0,3.2691223e-05,0.0,0.0,0.0,0.0,0.0,0.0,0.0,0.0,0.0,0.0,0.0,0.0,0.0,0.0,0.0,0.0,0.019771948,0.0019569471,1.0,1.0,0.0,0.0,1.0,0.0,0.0,0.7399485,1.0,1.0,0.08069456,0.0,0.002516657,0.0,0.0,0.07850319,0.0
0.0,0.0,0.029411765,0.2,0.0,0.0,0.0,0.0,0.0,0.0,0.0,0.0,0.0,0.0,0.0,0.0,0.0,0.0,0.0,0.0,0.0,0.0030822754,0.016772293,0.025440313,0.0,0.0,1.0,1.0,0.05,0.06,0.0,0.7727184,1.0,1.0,0.09262844,0.0,0.0020369887,0.0,0.0,0.07968363,0.0
0.0,1.0,0.36764705,0.0,1.6044403e-05,0.0,0.0,0.0,0.0,0.0010279715,0.0,0.0,0.0,0.0,0.0,0.0,0.0,0.0,0.0,0.0,0.0,0.013474822,0.014473513,0.3444227,0.0,0.0,0.0,0.0,1.0,0.0,0.0,0.7808095,1.0,1.0,0.09671151,0.0,0.004425809,0.0,0.0,0.08433628,0.0
0.0,0.0,0.029411765,0.2,0.0,0.0,0.0,0.0,0.0,0.0,0.0,0.0,0.0,0.0,0.0,0.0,0.0,0.0,0.0,0.0,0.0,0.0049082935,0.016677089,0.03522505,0.0,0.0,1.0,1.0,0.07,0.07,0.0,0.77562904,1.0,1.0,0.09345821,0.0,0.002146691,0.0,0.0,0.080135494,0.0
0.0,0.0,0.029411765,0.1,0.0,0.0,0.0,0.0,0.0,0.0,0.0,0.0,0.0,0.0,0.0,0.0,0.0,0.0,0.0,0.0,0.0,0.0,0.023059197,0.021526419,1.0,1.0,0.0,0.0,0.04,0.06,0.0,0.7797084,1.0,1.0,0.08935886,0.0,0.0,0.0,0.0,0.09021199,0.0
0.0,0.0,0.029411765,0.2,0.0,0.0,0.0,0.0,0.0,0.0,0.0,0.0,0.0,0.0,0.0,0.0,0.0,0.0,0.0,0.0,0.0,0.00080290437,0.017009936,0.029354207,0.0,0.0,1.0,1.0,0.12,0.06,0.0,0.76751053,1.0,1.0,0.09087556,0.0,0.0030125827,0.0,0.0,0.07722992,0.0
0.0,0.0,0.029411765,0.1,0.0,0.0,0.0,0.0,0.0,0.0,0.0,0.0,0.0,0.0,0.0,0.0,0.0,0.0,0.0,0.0,0.0,0.0,0.023465998,0.029354207,1.0,1.0,0.0,0.0,0.12,0.06,0.0,0.7751287,1.0,1.0,0.087572746,0.0,0.0,0.0,0.0,0.0882265,0.0
0.0,0.0,0.029411765,0.2,0.0,0.0,0.0,0.0,0.0,0.0,0.0,0.0,0.0,0.0,0.0,0.0,0.0,0.0,0.0,0.0,0.0,0.0017856061,0.016845487,0.017612524,0.0,0.0,1.0,1.0,0.03,0.06,0.0,0.7706382,1.0,1.0,0.0920291,0.0,0.0019796789,0.0,0.0,0.07928622,0.0
0.0,0.0,0.04411765,0.2,0.0,0.0,0.0,0.0,0.0,0.003386259,0.0,0.0,0.0,0.0,0.0,0.0,0.0,0.0,0.0,0.0,0.0,0.014525533,0.016204312,0.01369863,0.0,0.0,1.0,1.0,0.54,0.31,0.0,0.78901815,1.0,1.0,0.09708016,0.0,0.004071623,0.0,0.0,0.07999635,0.0
0.14223339,0.0,0.13235295,0.0,0.0,1.1144735e-05,0.0,0.0,0.0,0.0,0.0,0.0,0.0,0.0,0.0,0.0,0.0,0.0,0.0,0.0,0.0,0.0,0.019016199,0.0019569471,0.0,0.0,0.0,0.0,1.0,0.0,0.0,0.74506855,1.0,1.0,0.08291014,0.0,0.001589492,0.0,0.0,0.07778409,0.0
0.0,0.0,0.5735294,0.2,0.0,0.0,0.0,0.0,0.0,0.0,0.0,0.0,0.0,0.0,0.0,0.0,0.0,0.0,0.0,0.0,0.0,0.002266556,0.016845807,0.039138943,0.0,0.0,1.0,1.0,0.13,0.05,0.0,0.7700182,1.0,1.0,0.09170545,0.0,0.0029576868,0.0,0.0,0.07770991,0.0
0.0,0.0,0.5,0.5,0.0,0.0,0.0,0.0,0.0,0.0,0.0,0.0,0.0,0.0,0.0,0.0,0.0,0.0,0.0,0.0,0.0,0.0,0.017228559,0.0019569471,0.0,0.0,1.0,1.0,0.01,0.07,0.0,0.76287866,1.0,1.0,0.089546375,0.0,0.0024370402,0.0,0.0,0.077245206,0.0
0.0,0.0,0.029411765,0.2,0.0,0.0,0.0,0.0,0.0,0.0,0.0,0.0,0.0,0.0,0.0,0.0,0.0,0.0,0.0,0.0,0.0,0.0,0.017183833,0.017612524,0.0,0.0,1.0,1.0,0.08,0.06,0.0,0.7641041,1.0,1.0,0.089808024,0.0,0.0030626357,0.0,0.0,0.076501876,0.0
0.0,0.0,0.04411765,0.1,0.0,0.0,0.0,0.0,0.0,0.056037158,0.0,0.0,0.0,0.0,0.0,0.0,0.0026008338,0.025698453,0.0,0.0,0.0,0.07162884,0.015294127,0.14677104,1.0,1.0,0.0,0.0,1.0,0.0,0.0,0.88881075,1.0,1.0,0.12414191,0.0,0.0023944676,0.0,0.0,0.10372442,0.0
1.7326518e-05,0.0,0.22058824,0.0,4.1368454e-05,0.00021769383,0.0,0.0,0.0,0.0,0.0,0.0,0.0,0.0,0.0,0.0,0.0,0.0,0.0,0.0,0.0,0.0031043887,0.011959128,0.0039138943,0.0,0.0,0.0,0.0,1.0,0.0,0.0,0.75762856,1.0,1.0,0.09209492,0.0,0.008930951,0.0,0.0,0.07076496,0.0
0.0,0.0,0.029411765,0.2,0.0,0.0,0.0,0.0,0.0,0.0,0.0,0.0,0.0,0.0,0.0,0.0,0.0,0.0,0.0,0.0,0.0,0.0,0.017035276,0.0039138943,0.0,0.0,1.0,1.0,0.01,0.06,0.0,0.76750386,1.0,1.0,0.091028176,0.0,0.001925692,0.0,0.0,0.0788604,0.0
0.0,0.0,0.32352942,0.1,0.0,0.0,0.0,0.0,0.0,0.0,0.0,0.0,0.0,0.0,0.0,0.0,0.0,0.0,0.0,0.0,0.0,0.0,0.023338221,0.02739726,1.0,1.0,0.0,0.0,0.09,0.08,0.0,0.7778566,1.0,1.0,0.08845242,0.0,0.0,0.0,0.0,0.08913112,0.0
0.0,0.0,0.13235295,0.1,0.0,0.0,0.0,0.0,0.0,0.0,0.0,0.0,0.0,0.0,0.0,0.0,0.0,0.0,0.0,0.0,0.0,0.0,0.023500398,0.0019569471,1.0,1.0,0.0,0.0,0.0,0.06,0.0,0.77071846,1.0,1.0,0.086497925,0.0,0.0,0.0,0.0,0.08784795,0.0
0.0,0.0,0.029411765,0.2,0.0,0.0,0.0,0.0,0.0,0.0,0.0,0.0,0.0,0.0,0.0,0.0,0.0,0.0,0.0,0.0,0.0,0.0,0.017212309,0.011741683,0.0,0.0,1.0,1.0,0.04,0.06,0.0,0.76307404,1.0,1.0,0.08954724,0.0,0.002837941,0.0,0.0,0.07667723,0.0
0.0,0.0,0.029411765,0.2,0.0,0.0,0.0,0.0,0.0,0.0,0.0,0.0,0.0,0.0,0.0,0.0,0.0,0.0,0.0,0.0,0.0,0.0017059147,0.016937256,0.021526419,0.0,0.0,1.0,1.0,0.05,0.07,0.0,0.7699692,1.0,1.0,0.09169089,0.0,0.0023557395,0.0,0.0,0.07876781,0.0
0.0,0.0,0.19117647,0.2,0.0,0.0,0.0,0.0,0.0,0.0,0.0,0.0,0.0,0.0,0.0,0.0,0.0,0.0,0.0,0.0,0.0,0.00021323562,0.01707188,0.007827789,0.0,0.0,1.0,1.0,0.02,0.07,0.0,0.7677152,1.0,1.0,0.09099575,0.0,0.0022084862,0.0,0.0,0.07853854,0.0
0.0,0.0,0.23529412,0.2,0.0,0.0,0.0,0.0,0.0,0.0,0.0,0.0,0.0,0.0,0.0,0.0,0.0,0.0,0.0,0.0,0.0,0.0,0.01704593,0.0039138943,0.0,0.0,1.0,1.0,0.01,0.06,0.0,0.76726663,1.0,1.0,0.09094993,0.0,0.0019609183,0.0,0.0,0.07876286,0.0
0.0,0.0,0.029411765,0.2,0.0,0.0,0.0,0.0,0.0,0.0,0.0,0.0,0.0,0.0,0.0,0.0,0.0,0.0,0.0,0.0,0.0,0.0,0.017143369,0.017612524,0.0,0.0,1.0,1.0,0.07,0.06,0.0,0.7659658,1.0,1.0,0.09035536,0.0,0.0028983057,0.0,0.0,0.07717067,0.0
0.0,0.0,0.5588235,0.5,0.0,0.0,0.0,0.0,0.0,0.0,0.0,0.0,0.0,0.0,0.0,0.0,0.0,0.0,0.0,0.0,0.0,0.0,0.017207444,0.017612524,0.0,0.0,1.0,1.0,0.09,0.07,0.0,0.7635822,1.0,1.0,0.08963593,0.0,0.0031401664,0.0,0.0,0.07628727,0.0
0.0,0.0,0.30882353,0.2,0.0,0.0,0.0,0.0,0.0,0.0,0.0,0.0,0.0,0.0,0.0,0.0,0.0,0.0,0.0,0.0,0.0,0.0026874542,0.01684305,0.021526419,0.0,0.0,1.0,1.0,0.04,0.06,0.0,0.7720562,1.0,1.0,0.092379145,0.0,0.002045691,0.0,0.0,0.07962614,0.0
0.1424933,0.0,0.13235295,0.0,0.0,1.1144735e-05,0.0,0.0,0.0,0.0,0.0,0.0,0.0,0.0,0.0,0.0,0.0,0.0,0.0,0.0,0.0,0.0,0.02254188,0.0019569471,0.0,0.0,0.0,0.0,1.0,0.0,0.0,0.75353646,1.0,1.0,0.08226552,0.0,0.0,0.0,0.0,0.08239654,0.0
0.0,0.0,0.13235295,0.8,0.0,3.2691223e-05,0.0,0.0,0.0,0.014051944,0.0,0.0,0.0,0.0,0.0,0.0,0.0,0.0,0.0,0.0,0.0,0.020392418,0.01887498,0.0019569471,1.0,1.0,0.0,0.0,1.0,0.0,0.0,0.80846953,1.0,1.0,0.10000647,0.0,0.0,0.0,0.0,0.09319666,0.0
0.0,0.0,0.13235295,0.8,0.0,3.2691223e-05,0.0,0.0,0.0,0.0,0.0,0.0,0.0,0.0,0.0,0.0,0.0,0.0,0.0,0.0,0.0,0.0,0.019666284,0.0019569471,1.0,1.0,0.0,0.0,1.0,0.0,0.0,0.7463583,1.0,1.0,0.08248363,0.0,0.0024413168,0.0,0.0,0.07979429,0.0
0.0,0.0,0.029411765,0.1,0.0,0.0,0.0,0.0,0.0,0.0,0.0,0.0,0.0,0.0,0.0,0.0,0.0,0.0,0.0,0.0,0.0,0.0,0.023460418,0.02739726,1.0,1.0,0.0,0.0,0.21,0.14,0.0,0.7804152,1.0,1.0,0.08890685,0.0,0.0,0.0,0.0,0.08938536,0.0
0.13637702,0.0,0.13235295,0.0,0.0,3.2691223e-05,0.0,0.0,0.0,0.0,0.0,0.0,0.0,0.0,0.0,0.0,0.0,0.0,0.0,0.0,0.0,0.0,0.02194871,0.0019569471,0.0,0.0,0.0,0.0,1.0,0.0,0.0,0.69409275,0.99300164,1.0,0.066414975,0.0,0.0035527498,0.0,0.0,0.06792241,0.0
0.0,0.0,0.5147059,0.2,0.0,0.0,0.0,0.0,0.0,0.0,0.0,0.0,0.0,0.0,0.0,0.0,0.0,0.0,0.0,0.0,0.0,0.0015363991,0.016887136,0.037181996,0.0,0.0,1.0,1.0,0.13,0.05,0.0,0.7687609,1.0,1.0,0.09133417,0.0,0.0029686838,0.0,0.0,0.07747984,0.0
0.0,0.0,0.029411765,0.1,0.0,0.0,0.0,0.0,0.0,0.0,0.0,0.0,0.0,0.0,0.0,0.0,0.0,0.0,0.0,0.0,0.0,0.0,0.023610309,0.0058708414,1.0,1.0,0.0,0.0,0.02,0.1,0.0,0.7712035,1.0,1.0,0.08644139,0.0,0.0,0.0,0.0,0.08761671,0.0
0.0,0.0,0.029411765,0.2,0.0,0.0,0.0,0.0,0.0,0.0,0.0,0.0,0.0,0.0,0.0,0.0,0.0,0.0,0.0,0.0,0.0,0.0,0.01732076,0.009784736,0.0,0.0,1.0,1.0,0.05,0.06,0.0,0.76095366,1.0,1.0,0.08884036,0.0,0.0031268448,0.0,0.0,0.075829834,0.0
0.13116175,0.0,0.13235295,0.0,0.0,3.2691223e-05,0.0,0.0,0.0,0.0,0.0,0.0,0.0,0.0,0.0,0.0,0.0,0.0,0.0,0.0,0.0,0.0,0.019057922,0.0019569471,0.0,0.0,0.0,0.0,1.0,0.0,0.0,0.74745226,1.0,1.0,0.08327489,0.0,0.002851978,0.0,0.0,0.080126196,0.0
0.03617777,0.0,0.04411765,0.3,0.001155006,0.0,0.0,0.0,0.0,0.0015680194,0.0,0.0,0.0,0.0,0.0,0.0,0.0,0.0,0.0,0.0,0.0,0.018529475,0.010589093,0.019569471,0.1,0.1,0.9,0.9,1.0,0.0,0.0,0.78367364,1.0,1.0,0.10035401,0.0,0.00966616,0.0,0.0,0.069936246,0.0
0.0,0.0,0.029411765,0.2,0.0,0.0,0.0,0.0,0.0,0.0,0.0,0.0,0.0,0.0,0.0,0.0,0.0,0.0,0.0,0.0,0.0,0.00041121244,0.017001107,0.007827789,0.0,0.0,1.0,1.0,0.02,0.06,0.0,0.7683201,1.0,1.0,0.09126172,0.0,0.002006337,0.0,0.0,0.0788843,0.0
0.0,0.0,0.029411765,0.2,0.0,0.0,0.0,0.0,0.0,0.0,0.0,0.0,0.0,0.0,0.0,0.0,0.0,0.0,0.0,0.0,0.0,0.0012510121,0.016957782,0.023483366,0.0,0.0,1.0,1.0,0.06,0.06,0.0,0.7688905,1.0,1.0,0.091358416,0.0,0.002579555,0.0,0.0,0.07813397,0.0
0.0,0.0,0.029411765,0.2,0.0,0.0,0.0,0.0,0.0,0.0,0.0,0.0,0.0,0.0,0.0,0.0,0.0,0.0,0.0,0.0,0.0,0.00036272407,0.017023511,0.02739726,0.0,0.0,1.0,1.0,0.1,0.06,0.0,0.7668698,1.0,1.0,0.09070753,0.0,0.0029319823,0.0,0.0,0.07725349,0.0
0.0,0.0,0.4117647,0.2,0.0,0.0,0.0,0.0,0.0,0.0,0.0,0.0,0.0,0.0,0.0,0.0,0.0,0.0,0.0,0.0,0.0,0.003832817,0.016738191,0.0332681,0.0,0.0,1.0,1.0,0.07,0.06,0.0,0.773592,1.0,1.0,0.09284527,0.0,0.002311036,0.0,0.0,0.079419285,0.0
0.0,0.0,0.04411765,0.0,0.0008681168,0.0061771553,0.0,0.0,0.0,0.0,0.0,0.0,0.0,0.0,0.0,0.0,0.0,0.0,0.0,0.0,0.0,0.0045106113,0.010943659,0.04109589,0.0,0.0,0.0,0.0,1.0,0.0,0.1,0.75949574,1.0,1.0,0.093657695,0.0,0.009760335,0.0,0.0,0.06560248,0.0
0.14228536,0.0,0.13235295,0.0,0.0,1.1144735e-05,0.0,0.0,0.0,0.0,0.0,0.0,0.0,0.0,0.0,0.0,0.0,0.0,0.0,0.0,0.0,0.0,0.022329584,0.0019569471,0.0,0.0,0.0,0.0,1.0,0.0,0.0,0.7512469,1.0,1.0,0.081830524,0.0,0.0,0.0,0.0,0.08184913,0.0
0.0,0.0,0.04411765,0.0,0.0008681168,0.0061771553,0.0,0.0,0.0,0.0,0.0,0.0,0.0,0.0,0.0,0.0,0.0,0.0,0.0,0.0,0.0,0.0006980002,0.010948136,0.0019569471,0.0,0.0,0.0,0.0,1.0,0.0,0.0,0.75287676,1.0,1.0,0.091916166,0.0,0.009828761,0.0,0.0,0.064141214,0.0
0.0,0.0,0.029411765,0.1,0.0,0.0,0.0,0.0,0.0,0.0,0.0,0.0,0.0,0.0,0.0,0.0,0.0,0.0,0.0,0.0,0.0,0.0,0.023488104,0.029354207,1.0,1.0,0.0,0.0,0.11,0.06,0.0,0.77127385,1.0,1.0,0.08652254,0.0,0.0,0.0,0.0,0.08746219,0.0
0.0,0.0,0.029411765,0.1,0.0,0.0,0.0,0.0,0.0,0.0,0.0,0.0,0.0,0.0,0.0,0.0,0.0,0.0,0.0,0.0,0.0,0.0,0.022998363,0.03522505,1.0,1.0,0.0,0.0,0.07,0.06,0.0,0.78280675,1.0,1.0,0.09018611,0.0,0.0,0.0,0.0,0.0906755,0.0
0.0,0.0,0.029411765,0.2,0.0,0.0,0.0,0.0,0.0,0.0,0.0,0.0,0.0,0.0,0.0,0.0,0.0,0.0,0.0,0.0,0.0,0.0,0.017367981,0.0058708414,0.0,0.0,1.0,1.0,0.03,0.07,0.0,0.76081324,1.0,1.0,0.08876311,0.0,0.0030580014,0.0,0.0,0.07598689,0.0
0.0,0.0,0.029411765,0.2,0.0,0.0,0.0,0.0,0.0,0.0,0.0,0.0,0.0,0.0,0.0,0.0,0.0,0.0,0.0,0.0,0.0,0.0039123893,0.016734712,0.02739726,0.0,0.0,1.0,1.0,0.05,0.07,0.0,0.7742338,1.0,1.0,0.09306934,0.0,0.0019502193,0.0,0.0,0.080185205,0.0
0.013826561,0.0,0.04411765,0.3,0.0009789632,0.0,0.0,0.0,0.0,0.04610479,0.0,0.0,0.0,0.0,0.0,0.0009920299,0.0039300025,0.025554031,0.0,0.0,0.0,0.06809485,0.00895825,0.064579256,0.0,0.0,1.0,1.0,1.0,0.0,0.0,0.869117,1.0,1.0,0.12441828,0.0,0.009230271,0.0,0.0,0.08517584,0.0
0.0,0.0,0.04411765,0.3,0.0005725687,0.005423771,0.0,0.0,0.0,0.0,0.0,0.0,0.0,0.0,0.0,0.0,0.0,0.0,0.0,0.0,0.0,0.00409773,0.010960564,0.0058708414,0.0,0.0,1.0,1.0,1.0,0.0,0.0,0.75878155,1.0,1.0,0.09345066,0.0,0.009787053,0.0,0.0,0.06538212,0.0
0.013965174,0.0,0.04411765,0.3,0.0009923336,0.0,0.0,0.0,0.0,0.006659001,0.0,0.0,0.0,0.0,0.0,0.0,0.0,0.0,0.0,0.0,0.0,0.024053007,0.010186538,0.086105675,0.0,0.0,1.0,1.0,1.0,0.0,0.0,0.7931752,1.0,1.0,0.103258304,0.0,0.0095427185,0.0,0.0,0.07171577,0.0
0.0,0.0,0.13235295,0.5,0.0,0.0,0.0,0.0,0.0,0.015994132,0.0,0.0,0.0,0.0,0.0,0.0,0.0,0.0,0.0,0.0,0.0,0.025801122,0.016667113,0.011741683,0.0,0.0,1.0,1.0,0.2,0.13,0.0,0.81152534,1.0,1.0,0.10264168,0.0,0.0018533468,0.0,0.0,0.09056738,0.0
0.0,0.0,0.5735294,0.2,0.0,0.0,0.0,0.0,0.0,0.0,0.0,0.0,0.0,0.0,0.0,0.0,0.0,0.0,0.0,0.0,0.0,0.0,0.017172277,0.021526419,0.0,0.0,1.0,1.0,0.11,0.06,0.0,0.7628305,1.0,1.0,0.08946999,0.0,0.003191784,0.0,0.0,0.076025635,0.0
0.0,0.0,0.029411765,0.2,0.0,0.0,0.0,0.0,0.0,0.0,0.0,0.0,0.0,0.0,0.0,0.0,0.0,0.0,0.0,0.0,0.0,0.0050225854,0.016717918,0.03522505,0.0,0.0,1.0,1.0,0.08,0.07,0.0,0.7756884,1.0,1.0,0.093411244,0.0,0.0022501647,0.0,0.0,0.080062866,0.0
0.015524561,0.0,0.04411765,0.3,0.0008872809,0.0,0.0,0.0,0.0,0.059242934,0.0,0.0,0.0,0.0,0.0,0.0041945428,0.0050641745,0.035784274,0.0,0.0,0.0,0.08233571,0.008928649,0.072407044,0.38,0.38,0.59,0.59,1.0,0.0,0.0,0.8942127,1.0,1.0,0.13105324,0.0,0.008745298,0.0,0.0,0.09114498,0.0
0.0,0.0,0.13235295,0.8,0.0,3.2691223e-05,0.0,0.0,0.0,0.0,0.0,0.0,0.0,0.0,0.0,0.0,0.0,0.0,0.0,0.0,0.0,0.0,0.028655998,0.0019569471,1.0,1.0,0.0,0.0,1.0,0.0,0.0,0.6634906,0.9538356,1.0,0.0507709,0.0,0.0068509877,0.0,0.0,0.064143434,0.0
0.0,0.0,0.5441176,0.5,0.0,0.0,0.0,0.0,0.0,0.0,0.0,0.0,0.0,0.0,0.0,0.0,0.0,0.0,0.0,0.0,0.0,0.0,0.01707898,0.0058708414,0.0,0.0,1.0,1.0,0.01,0.06,0.0,0.7672169,1.0,1.0,0.09087474,0.0,0.0021067113,0.0,0.0,0.0786207,0.0
0.0,0.0,0.029411765,0.2,0.0,0.0,0.0,0.0,0.0,0.0,0.0,0.0,0.0,0.0,0.0,0.0,0.0,0.0,0.0,0.0,0.0,0.0,0.01724992,0.009784736,0.0,0.0,1.0,1.0,0.04,0.06,0.0,0.76155853,1.0,1.0,0.089106314,0.0,0.0029246956,0.0,0.0,0.07617557,0.0
0.0,0.0,0.029411765,0.2,0.0,0.0,0.0,0.0,0.0,0.0,0.0,0.0,0.0,0.0,0.0,0.0,0.0,0.0,0.0,0.0,0.0,0.0046824217,0.016646847,0.03522505,0.0,0.0,1.0,1.0,0.07,0.06,0.0,0.7753327,1.0,1.0,0.09342704,0.0,0.0020784885,0.0,0.0,0.08011049,0.0
0.0,0.0,0.029411765,0.2,0.0,0.0,0.0,0.0,0.0,0.0,0.0,0.0,0.0,0.0,0.0,0.0,0.0,0.0,0.0,0.0,0.0,0.00031885505,0.017089278,0.025440313,0.0,0.0,1.0,1.0,0.12,0.07,0.0,0.76665866,1.0,1.0,0.09056368,0.0,0.003049463,0.0,0.0,0.07709435,0.0
0.0,0.0,0.0,0.1,0.0,0.0,0.0,0.0,0.0,0.0028762221,0.0,0.0,0.0,0.0,0.0,0.0,0.0,0.0,0.0,0.0,0.0,0.006051123,0.022886127,0.021526419,1.0,1.0,0.0,0.0,0.2,0.07,0.0,0.79021394,1.0,1.0,0.09187866,0.0,0.0,0.0,0.0,0.0906139,0.0
0.0,0.0,0.029411765,0.1,0.0,0.0,0.0,0.0,0.0,0.0,0.0,0.0,0.0,0.0,0.0,0.0,0.0,0.0,0.0,0.0,0.0,0.0,0.02179671,0.029354207,0.74,0.87,0.26,0.13,0.05,0.06,0.0,0.7792438,1.0,1.0,0.09026968,0.0,0.0,0.0,0.0,0.088418365,0.0
0.0,0.0,0.029411765,0.1,0.0,0.0,0.0,0.0,0.0,0.0,0.0,0.0,0.0,0.0,0.0,0.0,0.0,0.0,0.0,0.0,0.0,0.0,0.023319945,0.031311154,1.0,1.0,0.0,0.0,0.11,0.09,0.0,0.7788763,1.0,1.0,0.088724546,0.0,0.0,0.0,0.0,0.08928344,0.0
0.0,0.0,0.029411765,0.2,0.0,0.0,0.0,0.0,0.0,0.0,0.0,0.0,0.0,0.0,0.0,0.0,0.0,0.0,0.0,0.0,0.0,0.0,0.017303616,0.009784736,0.0,0.0,1.0,1.0,0.05,0.07,0.0,0.7613331,1.0,1.0,0.08896547,0.0,0.0030704439,0.0,0.0,0.07598594,0.0
1.7326518e-05,0.0,0.22058824,0.0,4.1368454e-05,0.00021769383,0.0,0.0,0.0,0.0,0.0,0.0,0.0,0.0,0.0,0.0,0.0,0.0,0.0,0.0,0.0,0.0035495758,0.011998497,0.0039138943,0.0,0.0,0.0,0.0,1.0,0.0,0.0,0.7584115,1.0,1.0,0.09225907,0.0,0.008902758,0.0,0.0,0.07110244,0.0
0.0,0.0,0.04411765,0.1,0.0,0.0,0.0,0.0,0.0,0.0012949109,0.0,0.0,0.0,0.0,0.0,0.0,0.0,0.0,0.0,0.0,0.0,0.0047590137,0.023078203,0.0058708414,1.0,1.0,0.0,0.0,0.75,0.5,0.0,0.7875118,1.0,1.0,0.09090593,0.0,0.0,0.0,0.0,0.08973056,0.0
0.0,0.0,0.029411765,0.2,0.0,0.0,0.0,0.0,0.0,0.0,0.0,0.0,0.0,0.0,0.0,0.0,0.0,0.0,0.0,0.0,0.0,0.0003502667,0.016978204,0.0058708414,0.0,0.0,1.0,1.0,0.01,0.05,0.0,0.7684858,1.0,1.0,0.09135965,0.0,0.0018059611,0.0,0.0,0.07923949,0.0
0.0,0.0,0.029411765,0.1,0.0,0.0,0.0,0.0,0.0,0.0,0.0,0.0,0.0,0.0,0.0,0.0,0.0,0.0,0.0,0.0,0.0,0.0,0.0235831,0.009784736,1.0,1.0,0.0,0.0,0.04,0.09,0.0,0.772344,1.0,1.0,0.086757235,0.0,0.0,0.0,0.0,0.08781251,0.0
0.0,1.0,0.36764705,0.0,1.6044403e-05,0.0,0.0,0.0,0.0,0.0,0.0,0.0,0.0,0.0,0.0,0.0,0.0,0.0,0.0,0.0,0.0,0.010945678,0.014028519,0.045009784,0.0,0.0,0.0,0.0,1.0,0.0,0.0,0.7754483,1.0,1.0,0.0956903,0.0,0.0050741434,0.0,0.0,0.08145517,0.0
1.7326518e-05,0.0,0.22058824,0.0,4.1368454e-05,0.00021769383,0.0,0.0,0.0,0.0,0.0,0.0,0.0,0.0,0.0,0.0,0.0,0.0,0.0,0.0,0.0,0.0,0.013641588,0.0039138943,0.0,0.0,0.0,0.0,1.0,0.0,0.0,0.7511543,1.0,1.0,0.08903619,0.0,0.0071082264,0.0,0.0,0.07274264,0.0
0.0,0.0,0.029411765,0.1,0.0,0.0,0.0,0.0,0.0,0.0,0.0,0.0,0.0,0.0,0.0,0.0,0.0,0.0,0.0,0.0,0.0,0.0002503097,0.022927202,0.03522505,1.0,1.0,0.0,0.0,0.06,0.06,0.0,0.7837734,1.0,1.0,0.090536244,0.0,0.0,0.0,0.0,0.09102383,0.0
0.0,0.0,0.029411765,0.2,0.0,0.0,0.0,0.0,0.0,0.0,0.0,0.0,0.0,0.0,0.0,0.0,0.0,0.0,0.0,0.0,0.0,0.0021480024,0.016914353,0.017612524,0.0,0.0,1.0,1.0,0.04,0.07,0.0,0.77104115,1.0,1.0,0.09202894,0.0,0.002144292,0.0,0.0,0.079258054,0.0
0.0,0.0,0.5735294,0.2,0.0,0.0,0.0,0.0,0.0,0.0,0.0,0.0,0.0,0.0,0.0,0.0,0.0,0.0,0.0,0.0,0.0,0.0,0.017306969,0.007827789,0.0,0.0,1.0,1.0,0.04,0.06,0.0,0.7605766,1.0,1.0,0.08877485,0.0,0.003044486,0.0,0.0,0.075796425,0.0
0.12575588,0.0,0.13235295,0.0,0.0,3.2691223e-05,0.0,0.0,0.0,0.015179753,0.0,0.0,0.0,0.0,0.0,0.0,0.0,0.0,0.0,0.0,0.0,0.0250884,0.018122837,0.0019569471,0.0,0.0,0.0,0.0,1.0,0.0,0.0,0.8104203,1.0,1.0,0.10077294,0.0,0.0018494576,0.0,0.0,0.09325865,0.0
0.0,0.0,0.029411765,0.2,0.0,0.0,0.0,0.0,0.0,0.0,0.0,0.0,0.0,0.0,0.0,0.0,0.0,0.0,0.0,0.0,0.0,0.0045330524,0.016694106,0.031311154,0.0,0.0,1.0,1.0,0.06,0.06,0.0,0.7751924,1.0,1.0,0.09334981,0.0,0.0020097047,0.0,0.0,0.08026767,0.0
0.1403448,0.0,0.13235295,0.0,0.0,1.1144735e-05,0.0,0.0,0.0,0.0,0.0,0.0,0.0,0.0,0.0,0.0,0.0,0.0,0.0,0.0,0.0,0.0,0.02100858,0.0019569471,0.0,0.0,0.0,0.0,1.0,0.0,0.0,0.73240614,1.0,1.0,0.07788094,0.0,0.00090017915,0.0,0.0,0.077395976,0.0
0.0,0.0,0.029411765,0.1,0.0,0.0,0.0,0.0,0.0,0.0,0.0,0.0,0.0,0.0,0.0,0.0,0.0,0.0,0.0,0.0,0.0,0.0,0.023333482,0.025440313,1.0,1.0,0.0,0.0,0.08,0.08,0.0,0.77735996,1.0,1.0,0.0883433,0.0,0.0,0.0,0.0,0.08905497,0.0
0.0,0.0,0.5882353,0.2,0.0,0.0,0.0,0.0,0.0,0.0,0.0,0.0,0.0,0.0,0.0,0.0,0.0,0.0,0.0,0.0,0.0,0.0039246976,0.016781189,0.0332681,0.0,0.0,1.0,1.0,0.08,0.07,0.0,0.7736037,1.0,1.0,0.09278261,0.0,0.0024214983,0.0,0.0,0.079327196,0.0
0.0,0.0,0.13235295,0.5,0.0,0.0,0.0,0.0,0.0,0.003836006,0.0,0.0,0.0,0.0,0.0,0.0,0.0,0.0,0.0,0.0,0.0,0.01458931,0.016059972,0.03522505,0.0,0.0,1.0,1.0,0.24,0.05,0.0,0.78952575,1.0,1.0,0.0974256,0.0,0.0037102997,0.0,0.0,0.080584705,0.0
0.0,0.0,0.14705883,0.1,0.0,0.0,0.0,0.0,0.0,0.003474325,0.0,0.0,0.0,0.0,0.0,0.0,0.0,0.0,0.0,0.0,0.0,0.0066016912,0.022729114,0.039138943,1.0,1.0,0.0,0.0,0.26,0.05,0.0,0.791172,1.0,1.0,0.09230008,0.0,0.0,0.0,0.0,0.090896815,0.0
0.0,0.0,0.029411765,0.2,0.0,0.0,0.0,0.0,0.0,0.0,0.0,0.0,0.0,0.0,0.0,0.0,0.0,0.0,0.0,0.0,0.0,0.003484577,0.016794719,0.031311154,0.0,0.0,1.0,1.0,0.07,0.07,0.0,0.77296305,1.0,1.0,0.09261467,0.0,0.002340883,0.0,0.0,0.0793508,0.0
0.0,0.0,0.04411765,0.0,0.0008681168,0.0061771553,0.0,0.0,0.0,0.0,0.0,0.0,0.0,0.0,0.0,0.0,0.0,0.0,0.0,0.0,0.0,0.007167369,0.01067479,0.0058708414,0.0,0.0,0.33,0.33,1.0,0.0,0.0,0.7639506,1.0,1.0,0.09509673,0.0,0.009840086,0.0,0.0,0.06579512,0.0
0.0,0.0,0.029411765,0.1,0.0,0.0,0.0,0.0,0.0,0.0,0.0,0.0,0.0,0.0,0.0,0.0,0.0,0.0,0.0,0.0,0.0,0.0,0.023250163,0.011741683,1.0,1.0,0.0,0.0,0.02,0.06,0.0,0.77561605,1.0,1.0,0.088074274,0.0,0.0,0.0,0.0,0.089175075,0.0
0.0,0.0,0.029411765,0.1,0.0,0.0,0.0,0.0,0.0,0.0,0.0,0.0,0.0,0.0,0.0,0.0,0.0,0.0,0.0,0.0,0.0,0.0,0.0233837,0.007827789,1.0,1.0,0.0,0.0,0.02,0.07,0.0,0.7738867,1.0,1.0,0.0874544,0.0,0.0,0.0,0.0,0.08856672,0.0
0.0,0.0,0.029411765,0.1,0.0,0.0,0.0,0.0,0.0,0.0,0.0,0.0,0.0,0.0,0.0,0.0,0.0,0.0,0.0,0.0,0.0,0.0,0.023562066,0.0019569471,1.0,1.0,0.0,0.0,0.01,0.11,0.0,0.77168846,1.0,1.0,0.08664685,0.0,0.0,0.0,0.0,0.08791131,0.0
0.0,0.0,0.05882353,0.1,0.0,0.0,0.0,0.0,0.0,0.0,0.0,0.0,0.0,0.0,0.0,0.0,0.0,0.0,0.0,0.0,0.0,0.0,0.023313679,0.039138943,1.0,1.0,0.0,0.0,0.13,0.06,0.0,0.7786974,1.0,1.0,0.08866764,0.0,0.0,0.0,0.0,0.08907464,0.0
0.0,0.0,0.29411766,0.2,0.0,0.0,0.0,0.0,0.0,0.0,0.0,0.0,0.0,0.0,0.0,0.0,0.0,0.0,0.0,0.0,0.0,0.0011723936,0.016979896,0.007827789,0.0,0.0,1.0,1.0,0.02,0.06,0.0,0.7697549,1.0,1.0,0.0916683,0.0,0.0019054711,0.0,0.0,0.07937744,0.0
0.0,0.0,0.13235295,0.8,0.0,3.2691223e-05,0.0,0.0,0.0,0.011805207,0.0,0.0,0.0,0.0,0.0,0.0,0.0,0.0,0.0,0.0,0.0,0.017883897,0.018828876,0.0019569471,1.0,1.0,0.0,0.0,1.0,0.0,0.0,0.8040688,1.0,1.0,0.098892115,0.0,0.0,0.0,0.0,0.092295855,0.0
0.0,0.0,0.04411765,0.1,0.0,0.0,0.0,0.0,0.0,0.058524728,0.0,0.0,0.0,0.0,0.0,0.0,0.0023080707,0.024820268,0.0,0.0,0.0,0.07149351,0.017494224,0.2407045,1.0,1.0,0.0,0.0,1.0,0.0,0.0,0.89367425,1.0,1.0,0.12357398,0.0,0.0,0.0,0.0,0.1099861,0.0
0.014692888,0.0,0.04411765,0.3,0.000318405,0.0,0.0,0.0,0.0,0.026564121,0.0,0.0,0.0,0.0,0.0,0.0,0.0017221794,0.008330137,0.0,0.0,0.0,0.046058655,0.009581901,0.1409002,0.03,0.03,0.97,0.97,1.0,0.0,0.0,0.83125615,1.0,1.0,0.11386811,0.0,0.009209499,0.0,0.0,0.079123795,0.0
0.013653296,0.0,0.04411765,0.3,1.6299076e-05,0.0,0.0,0.0,0.0,0.03680539,0.0,0.0,0.0,0.0,0.0,0.0,0.002897963,0.017202139,0.0,0.0,0.0,0.057536393,0.009246513,0.12720157,0.03,0.03,0.97,0.97,1.0,0.0,0.0,0.851012,1.0,1.0,0.119386904,0.0,0.009164423,0.0,0.0,0.08248034,0.0
0.0,0.0,0.04411765,0.1,0.0,0.0,0.0,0.0,0.0,0.05692026,0.0,0.0,0.0,0.0,0.0,0.0,0.0025942475,0.025892347,0.0,0.0,0.0,0.07213098,0.015635543,0.16634052,1.0,1.0,0.0,0.0,1.0,0.0,0.0,0.8904896,1.0,1.0,0.1242977,0.0,0.0019589365,0.0,0.0,0.10498804,0.0
0.0,0.0,0.04411765,0.0,0.0008681168,0.0061771553,0.0,0.0,0.0,0.0,0.0,0.0,0.0,0.0,0.0,0.0,0.0,0.0,0.0,0.0,0.0,0.008121878,0.010717124,0.009784736,0.0,0.0,0.0,0.0,1.0,0.0,0.0,0.7657007,1.0,1.0,0.09551706,0.0,0.009754524,0.0,0.0,0.06642452,0.0
0.0,0.0,0.22058824,0.5,0.0,0.0,0.0,0.0,0.0,0.0,0.0,0.0,0.0,0.0,0.0,0.0,0.0,0.0,0.0,0.0,0.0,0.0019695163,0.016931549,0.017612524,0.0,0.0,1.0,1.0,0.04,0.07,0.0,0.7706617,1.0,1.0,0.0919038,0.0,0.0022006482,0.0,0.0,0.07910204,0.0
0.0,0.0,0.5441176,0.5,0.0,0.0,0.0,0.0,0.0,0.0,0.0,0.0,0.0,0.0,0.0,0.0,0.0,0.0,0.0,0.0,0.0,0.004906237,0.016687028,0.0332681,0.0,0.0,1.0,1.0,0.07,0.07,0.0,0.7756908,1.0,1.0,0.093470834,0.0,0.002111435,0.0,0.0,0.08018556,0.0
0.0,1.0,0.36764705,0.0,1.6426413e-05,0.0,0.0,0.0,0.0,4.476309e-05,0.0,0.0,0.0,0.0,0.0,0.0,0.0,0.0,0.0,0.0,0.0,0.012641728,0.014289476,0.21722114,0.0,0.0,0.0,0.0,1.0,0.0,0.0,0.7789856,1.0,1.0,0.09639501,0.0,0.004668966,0.0,0.0,0.083283186,0.0
0.0,0.0,0.19117647,0.2,0.0,0.0,0.0,0.0,0.0,0.0,0.0,0.0,0.0,0.0,0.0,0.0,0.0,0.0,0.0,0.0,0.0,0.0017727315,0.016931437,0.01369863,0.0,0.0,1.0,1.0,0.03,0.06,0.0,0.7706044,1.0,1.0,0.09192055,0.0,0.002007261,0.0,0.0,0.07939029,0.0
0.0,0.0,0.04411765,0.1,0.0,0.0,0.0,0.0,0.0,0.038027316,0.0,0.0,0.0,0.0,0.0,0.0,0.0013916269,0.014521837,0.0,0.0,0.0,0.05486867,0.013392217,0.08023483,0.63,0.63,0.34,0.34,1.0,0.0,0.0,0.8545244,1.0,1.0,0.11668848,0.0,0.005469531,0.0,0.0,0.090540886,0.0
0.0,0.0,0.029411765,0.1,0.0,0.0,0.0,0.0,0.0,0.0,0.0,0.0,0.0,0.0,0.0,0.0,0.0,0.0,0.0,0.0,0.0,0.0,0.023538254,0.017612524,1.0,1.0,0.0,0.0,0.06,0.06,0.0,0.77268875,1.0,1.0,0.086890034,0.0,0.0,0.0,0.0,0.087792486,0.0
0.0,0.0,0.029411765,0.2,0.0,0.0,0.0,0.0,0.0,0.0,0.0,0.0,0.0,0.0,0.0,0.0,0.0,0.0,0.0,0.0,0.0,0.002174288,0.016892917,0.01369863,0.0,0.0,1.0,1.0,0.03,0.06,0.0,0.77145815,1.0,1.0,0.09220206,0.0,0.001880452,0.0,0.0,0.07974142,0.0
0.0,1.0,0.36764705,0.0,1.6044403e-05,0.0,0.0,0.0,0.0,0.0028920472,0.0,0.0,0.0,0.0,0.0,0.0,0.0,0.0,0.0,0.0,0.0,0.015137136,0.014685199,0.51663405,0.0,0.0,0.0,0.0,1.0,0.0,0.0,0.78425,1.0,1.0,0.09743451,0.0,0.0040550083,0.0,0.0,0.08600947,0.0
0.0,0.0,0.04411765,0.3,0.0007204064,0.0021695085,0.0,0.0,0.0,0.0,0.0,0.0,0.0,0.0,0.0,0.0,0.0,0.0,0.0,0.0,0.0,0.0072047412,0.01070343,0.0058708414,0.0,0.0,1.0,1.0,1.0,0.0,0.0,0.7640803,1.0,1.0,0.09510069,0.0,0.009818301,0.0,0.0,0.065880835,0.0
0.0,0.0,0.029411765,0.1,0.0,0.0,0.0,0.0,0.0,0.0,0.0,0.0,0.0,0.0,0.0,0.0,0.0,0.0,0.0,0.0,0.0,0.0,0.02669423,0.0019569471,1.0,1.0,0.0,0.0,0.01,0.06,0.0,0.7030566,1.0,1.0,0.06559544,0.0,0.0,0.0,0.0,0.07029268,0.0
0.12585983,0.0,0.13235295,0.0,0.0,3.2691223e-05,0.0,0.0,0.0,0.0,0.0,0.0,0.0,0.0,0.0,0.0,0.0,0.0,0.0,0.0,0.0,0.0,0.017873287,0.0019569471,0.0,0.0,0.0,0.0,1.0,0.0,0.0,0.7632954,1.0,1.0,0.0884813,0.0,0.0036797225,0.0,0.0,0.080589354,0.0
0.0,0.0,0.63235295,0.5,0.0,0.0,0.0,0.0,0.0,0.0,0.0,0.0,0.0,0.0,0.0,0.0,0.0,0.0,0.0,0.0,0.0,0.0,0.017084025,0.019569471,0.0,0.0,1.0,1.0,0.07,0.05,0.0,0.7660346,1.0,1.0,0.09045229,0.0,0.0028019398,0.0,0.0,0.07727113,0.0
0.0,0.0,0.029411765,0.2,0.0,0.0,0.0,0.0,0.0,0.0,0.0,0.0,0.0,0.0,0.0,0.0,0.0,0.0,0.0,0.0,0.0,0.00053423643,0.017064169,0.0058708414,0.0,0.0,1.0,1.0,0.01,0.07,0.0,0.7685094,1.0,1.0,0.09123441,0.0,0.0020269156,0.0,0.0,0.07905534,0.0
0.0,0.0,0.04411765,0.0,0.0008681168,0.0061771553,0.0,0.0,0.0,0.0,0.0,0.0,0.0,0.0,0.0,0.0,0.0,0.0,0.0,0.0,0.0,0.002593726,0.010862932,0.02739726,0.0,0.0,0.0,0.0,1.0,0.0,0.21,0.75614357,1.0,1.0,0.092860006,0.0,0.00981617,0.0,0.0,0.06466463,0.0
0.0,0.0,0.029411765,0.2,0.0,0.0,0.0,0.0,0.0,0.0,0.0,0.0,0.0,0.0,0.0,0.0,0.0,0.0,0.0,0.0,0.0,0.0010589361,0.016999915,0.01369863,0.0,0.0,1.0,1.0,0.03,0.06,0.0,0.7690865,1.0,1.0,0.09142005,0.0,0.00223279,0.0,0.0,0.07876596,0.0
0.0,1.0,0.36764705,0.0,1.6426413e-05,0.0,0.0,0.0,0.0,0.00065904856,0.0,0.0,0.0,0.0,0.0,0.0,0.0,0.0,0.0,0.0,0.0,0.013189584,0.014359228,0.2739726,0.0,0.0,0.0,0.0,1.0,0.0,0.0,0.7801194,1.0,1.0,0.09663331,0.0,0.0045467764,0.0,0.0,0.08383459,0.0
0.0,1.0,0.36764705,0.0,1.6426413e-05,0.0,0.0,0.0,0.0,0.0021294653,0.0,0.0,0.0,0.0,0.0,0.0,0.0,0.0,0.0,0.0,0.0,0.014457136,0.014598601,0.44618395,0.0,0.0,0.0,0.0,1.0,0.0,0.0,0.78284264,1.0,1.0,0.097138755,0.0,0.004206747,0.0,0.0,0.08532497,0.0
0.0,0.0,0.13235295,0.8,0.0,3.2691223e-05,0.0,0.0,0.0,0.026197523,0.0,0.0,0.0,0.0,0.0,0.0,0.0,0.0,0.0,0.0,0.0,0.03415695,0.018990189,0.0019569471,0.5,1.0,0.5,0.0,0.5,1.0,0.0,0.8321109,1.0,1.0,0.1060807,0.0,0.0,0.0,0.0,0.09814596,0.0
0.0,0.0,0.13235295,0.8,0.0,3.2691223e-05,0.0,0.0,0.0,0.0,0.0,0.0,0.0,0.0,0.0,0.0,0.0,0.0,0.0,0.0,0.0,0.0,0.02212032,0.0019569471,1.0,1.0,0.0,0.0,1.0,0.0,0.0,0.6931449,0.9918376,1.0,0.06599011,0.0,0.0035581142,0.0,0.0,0.06783599,0.0
0.0,0.0,0.029411765,0.2,0.0,0.0,0.0,0.0,0.0,0.0,0.0,0.0,0.0,0.0,0.0,0.0,0.0,0.0,0.0,0.0,0.0,0.0,0.01728084,0.011741683,0.0,0.0,1.0,1.0,0.06,0.08,0.0,0.761556,1.0,1.0,0.08904668,0.0,0.0030633658,0.0,0.0,0.076052845,0.0
1.7326518e-05,0.0,0.22058824,0.0,4.1368454e-05,0.00021769383,0.0,0.0,0.0,0.0,0.0,0.0,0.0,0.0,0.0,0.0,0.0,0.0,0.0,0.0,0.0,0.0029166043,0.010959707,0.0058708414,0.0,0.0,0.0,0.0,1.0,0.0,0.0,0.7568319,1.0,1.0,0.09293402,0.0,0.009699509,0.0,0.0,0.065427214,0.0
0.12596379,0.0,0.13235295,0.0,0.0,3.2691223e-05,0.0,0.0,0.0,0.014349878,0.0,0.0,0.0,0.0,0.0,0.0,0.0,0.0,0.0,0.0,0.0,0.024206549,0.0182039,0.0019569471,0.0,0.0,0.0,0.0,1.0,0.0,0.0,0.8089024,1.0,1.0,0.100292556,0.0,0.0018798858,0.0,0.0,0.092936575,0.0
0.013947847,0.0,0.04411765,0.3,0.0008872809,7.4298237e-07,0.0,0.0,0.0,0.048025668,0.0,0.0,0.0,0.0,0.0,0.0015295595,0.004152864,0.027187526,0.0,0.0,0.0,0.070234925,0.008893698,0.0665362,0.03,0.03,0.97,0.97,1.0,0.0,0.0,0.8728056,1.0,1.0,0.12545112,0.0,0.009211853,0.0,0.0,0.085841656,0.0
0.0,0.0,0.029411765,0.2,0.0,0.0,0.0,0.0,0.0,0.0,0.0,0.0,0.0,0.0,0.0,0.0,0.0,0.0,0.0,0.0,0.0,0.0,0.017087586,0.009784736,0.0,0.0,1.0,1.0,0.02,0.07,0.0,0.76708436,1.0,1.0,0.090795495,0.0,0.0023282915,0.0,0.0,0.07825431,0.0
0.0,0.0,0.04411765,0.0,0.0008681168,0.0061771553,0.0,0.0,0.0,0.0,0.0,0.0,0.0,0.0,0.0,0.0,0.0,0.0,0.0,0.0,0.0,0.0061089993,0.010706216,0.017612524,0.0,0.0,0.0,0.0,1.0,0.0,0.22,0.7621275,1.0,1.0,0.09458681,0.0,0.00984703,0.0,0.0,0.06547439,0.0
0.141523,0.0,0.13235295,0.0,0.0,1.1144735e-05,0.0,0.0,0.0,0.0,0.0,0.0,0.0,0.0,0.0,0.0,0.0,0.0,0.0,0.0,0.0,0.0,0.035887405,0.007827789,0.0,0.25,0.0,0.25,1.0,0.0,0.75,0.6316632,0.9129886,1.0,0.034397945,0.0,0.009609267,0.0,0.0,0.060651034,0.0
0.0,0.0,0.5882353,0.1,0.0,0.0,0.0,0.0,0.0,0.0,0.0,0.0,0.0,0.0,0.0,0.0,0.0,0.0,0.0,0.0,0.0,0.0,0.023504704,0.0039138943,1.0,1.0,0.0,0.0,0.01,0.08,0.0,0.772076,1.0,1.0,0.08682824,0.0,0.0,0.0,0.0,0.088034004,0.0
0.0,1.0,0.36764705,0.0,8.08587e-06,0.0,0.0,0.0,0.0,0.0,0.0,0.0,0.0,0.0,0.0,0.0,0.0,0.0,0.0,0.0,0.0,0.0,0.019684441,1.0,0.0,0.0,0.0,0.0,1.0,0.0,0.0,0.7373433,1.0,1.0,0.080671795,0.0,0.001366511,0.0,0.0,0.07579434,0.0
0.01403448,0.0,0.04411765,0.3,0.0009226168,7.4298237e-07,0.0,0.0,0.0,0.016483903,0.0,0.0,0.0,0.0,0.0,0.0,0.00053584576,0.0,0.0,0.0,0.0,0.034860194,0.009923525,0.11741683,0.03,0.03,0.97,0.97,1.0,0.0,0.0,0.8119277,1.0,1.0,0.10844939,0.0,0.00933148,0.0,0.0,0.07557374,0.0
0.0,0.0,0.20588236,0.1,0.0,0.0,0.0,0.0,0.0,0.0,0.0,0.0,0.0,0.0,0.0,0.0,0.0,0.0,0.0,0.0,0.0,0.0,0.02306664,0.0332681,1.0,1.0,0.0,0.0,0.07,0.06,0.0,0.78192186,1.0,1.0,0.08986888,0.0,0.0,0.0,0.0,0.09036407,0.0
0.0,0.0,0.04411765,0.1,0.0,0.0,0.0,0.0,0.0,0.023260474,0.0,0.0,0.0,0.0,0.0,0.0,0.0,0.0017720163,0.0,0.0,0.0,0.038451105,0.014141858,0.021526419,1.0,1.0,0.0,0.0,1.0,0.0,0.0,0.8263099,1.0,1.0,0.10852083,0.0,0.0056045055,0.0,0.0,0.0857887,0.0
1.7326518e-05,0.0,0.22058824,0.0,4.1368454e-05,0.00019391839,0.0,0.0,0.0,0.0,0.0,0.0,0.0,0.0,0.0,0.0,0.0,0.0,0.0,0.0,0.0,0.0028501153,0.010986686,0.0039138943,0.0,0.0,0.33,0.0,0.67,0.67,0.0,0.75670815,1.0,1.0,0.092872106,0.0,0.009687513,0.0,0.0,0.06554419,0.0
0.0,0.0,0.073529415,0.1,0.0,0.0,0.0,0.0,0.0,0.0,0.0,0.0,0.0,0.0,0.0,0.0,0.0,0.0,0.0,0.0,0.0,0.0,0.023190096,0.0332681,1.0,1.0,0.0,0.0,0.09,0.09,0.0,0.7808492,1.0,1.0,0.08941277,0.0,0.0,0.0,0.0,0.089882046,0.0
0.0,0.0,0.029411765,0.1,0.0,0.0,0.0,0.0,0.0,0.0,0.0,0.0,0.0,0.0,0.0,0.0,0.0,0.0,0.0,0.0,0.0,0.0,0.023047537,0.031311154,1.0,1.0,0.0,0.0,0.06,0.06,0.0,0.78076565,1.0,1.0,0.08961149,0.0,0.0,0.0,0.0,0.09025055,0.0
0.0,0.0,0.029411765,0.2,0.0,0.0,0.0,0.0,0.0,0.0,0.0,0.0,0.0,0.0,0.0,0.0,0.0,0.0,0.0,0.0,0.0,0.0006836355,0.017016977,0.009784736,0.0,0.0,1.0,1.0,0.02,0.06,0.0,0.7686497,1.0,1.0,0.09131161,0.0,0.002095744,0.0,0.0,0.07889816,0.0
0.0,1.0,0.36764705,0.0,1.6426413e-05,0.0,0.0,0.0,0.0,0.0,0.0,0.0,0.0,0.0,0.0,0.0,0.0,0.0,0.0,0.0,0.0,0.011237532,0.014146477,0.099804305,0.0,0.0,0.0,0.0,1.0,0.0,0.0,0.77613556,1.0,1.0,0.095765494,0.0,0.0049536973,0.0,0.0,0.08196917,0.0
0.0,0.0,0.13235295,0.8,0.0,3.2691223e-05,0.0,0.0,0.0,0.00027939677,0.0,0.0,0.0,0.0,0.0,0.0,0.0,0.0,0.0,0.0,0.0,0.005474508,0.01819595,0.0019569471,1.0,1.0,0.0,0.0,1.0,0.0,0.0,0.7812662,1.0,1.0,0.09345042,0.0,0.0,0.0,0.0,0.08728975,0.0
0.0,0.0,0.029411765,0.2,0.0,0.0,0.0,0.0,0.0,0.0,0.0,0.0,0.0,0.0,0.0,0.0,0.0,0.0,0.0,0.0,0.0,0.0027097166,0.016840935,0.021526419,0.0,0.0,1.0,1.0,0.04,0.06,0.0,0.77210367,1.0,1.0,0.09239478,0.0,0.0020386428,0.0,0.0,0.07964569,0.0
0.0,0.5,0.029411765,0.0,4.4567784e-07,0.0,0.0,0.33333334,0.0,0.0,0.0,0.0,0.0,0.0,0.0,0.0,0.0,0.0,0.0,0.0,0.0,0.0,0.02986952,0.0019569471,0.0,0.0,0.0,0.0,1.0,0.0,0.0,0.66112995,0.9511862,1.0,0.049220257,0.0,0.0058462173,0.0,0.0,0.0631139,0.0
0.0,0.0,0.19117647,0.2,0.0,0.0,0.0,0.0,0.0,0.0,0.0,0.0,0.0,0.0,0.0,0.0,0.0,0.0,0.0,0.0,0.0,0.001727432,0.016874194,0.015655577,0.0,0.0,1.0,1.0,0.03,0.06,0.0,0.7706258,1.0,1.0,0.09200186,0.0,0.0019179434,0.0,0.0,0.07947132,0.0
0.0,0.0,0.6911765,0.1,0.0,0.0,0.0,0.0,0.0,0.0,0.0,0.0,0.0,0.0,0.0,0.0,0.0,0.0,0.0,0.0,0.0,0.0,0.02366677,0.011741683,1.0,1.0,0.0,0.0,0.05,0.07,0.0,0.76935923,1.0,1.0,0.085875206,0.0,0.0,0.0,0.0,0.0870156,0.0
0.0,1.0,0.36764705,0.0,1.6426413e-05,0.0,0.0,0.0,0.0,0.0,0.0,0.0,0.0,0.0,0.0,0.0,0.0,0.0,0.0,0.0,0.0,0.0,0.022131562,0.99804306,0.0,0.0,0.0,0.0,1.0,0.0,0.0,0.70867395,1.0,1.0,0.07060314,0.0,0.0018480867,0.0,0.0,0.071900964,0.0
0.0,0.0,0.04411765,0.0,0.0008681168,0.0061771553,0.0,0.0,0.0,0.0,0.0,0.0,0.0,0.0,0.0,0.0,0.0,0.0,0.0,0.0,0.0,0.009781063,0.010620341,0.039138943,0.0,0.0,0.0,0.0,1.0,0.0,0.15,0.7685255,1.0,1.0,0.09635358,0.0,0.00976871,0.0,0.0,0.066791505,0.0
0.0,0.0,0.13235295,0.8,0.0,3.2691223e-05,0.0,0.0,0.0,0.0043967664,0.0,0.0,0.0,0.0,0.0,0.0,0.0,0.0,0.0,0.0,0.0,0.009868681,0.01841306,0.0019569471,1.0,1.0,0.0,0.0,1.0,0.0,0.0,0.7894044,1.0,1.0,0.09540584,0.0,0.0,0.0,0.0,0.08905938,0.0
0.0,0.0,0.029411765,0.2,0.0,0.0,0.0,0.0,0.0,0.0,0.0,0.0,0.0,0.0,0.0,0.0,0.0,0.0,0.0,0.0,0.0,0.0025245547,0.016825795,0.025440313,0.0,0.0,1.0,1.0,0.05,0.06,0.0,0.77153254,1.0,1.0,0.092237346,0.0,0.0022131503,0.0,0.0,0.07919595,0.0
1.7326518e-05,0.0,0.22058824,0.0,4.1368454e-05,0.00021769383,0.0,0.0,0.0,0.0,0.0,0.0,0.0,0.0,0.0,0.0,0.0,0.0,0.0,0.0,0.0,0.0,0.014057651,0.0058708414,0.0,0.0,0.0,0.0,1.0,0.0,0.0,0.7479229,1.0,1.0,0.08791689,0.0,0.006610438,0.0,0.0,0.071605146,0.0
0.0,1.0,0.36764705,0.0,1.6426413e-05,0.0,0.0,0.0,0.0,0.0025531352,0.0,0.0,0.0,0.0,0.0,0.0,0.0,0.0,0.0,0.0,0.0,0.014834911,0.014646746,0.4853229,0.0,0.0,0.0,0.0,1.0,0.0,0.0,0.78362453,1.0,1.0,0.097303085,0.0,0.004122421,0.0,0.0,0.08570525,0.0
0.0,0.0,0.029411765,0.2,0.0,0.0,0.0,0.0,0.0,0.0,0.0,0.0,0.0,0.0,0.0,0.0,0.0,0.0,0.0,0.0,0.0,0.0022209287,0.016878635,0.015655577,0.0,0.0,1.0,1.0,0.03,0.06,0.0,0.7714914,1.0,1.0,0.09222076,0.0,0.0019015968,0.0,0.0,0.07973039,0.0
0.0,1.0,0.36764705,0.0,1.6426413e-05,0.0,0.0,0.0,0.0,0.003442824,0.0,0.0,0.0,0.0,0.0,0.0,0.0,0.0,0.0,0.0,0.0,0.015628308,0.014747724,0.56751466,0.0,0.0,0.0,0.0,1.0,0.0,0.0,0.78526664,1.0,1.0,0.09764814,0.0,0.0039455146,0.0,0.0,0.08650383,0.0
0.0,0.0,0.04411765,0.0,0.0008681168,0.0061771553,0.0,0.0,0.0,0.0,0.0,0.0,0.0,0.0,0.0,0.0,0.0,0.0,0.0,0.0,0.0,0.001909256,0.010895535,0.01369863,0.0,0.0,0.33,0.14,1.0,0.0,0.29,0.754949,1.0,1.0,0.092512004,0.0,0.009816587,0.0,0.0,0.064535886,0.0
0.0,0.0,0.029411765,0.1,0.0,0.0,0.0,0.0,0.0,0.0,0.0,0.0,0.0,0.0,0.0,0.0,0.0,0.0,0.0,0.0,0.0,0.0,0.021843642,0.0332681,0.76,0.65,0.24,0.35,0.18,0.05,0.0,0.7754866,1.0,1.0,0.08889594,0.0,0.0,0.0,0.0,0.086236894,0.0
0.0,0.0,0.04411765,0.1,0.0,0.0,0.0,0.0,0.0,0.015323609,0.0,0.0,0.0,0.0,0.0,0.0,0.0,0.0,0.0,0.0,0.0,0.030268878,0.0137441605,0.029354207,0.53,0.53,0.47,0.47,1.0,0.0,0.0,0.81132984,1.0,1.0,0.10496273,0.0,0.006271541,0.0,0.0,0.08063653,0.0
0.0,0.0,0.04411765,0.1,0.0,0.0,0.0,0.0,0.0,0.028120995,0.0,0.0,0.0,0.0,0.0,0.0,0.0,0.00491333,0.0,0.0,0.0,0.04335007,0.014405727,0.031311154,1.0,1.0,0.0,0.0,1.0,0.0,0.0,0.83547676,1.0,1.0,0.11069643,0.0,0.005105704,0.0,0.0,0.08898315,0.0
0.0,0.0,0.04411765,0.0,0.0008681168,0.0061771553,0.0,0.0,0.0,0.0,0.0,0.0,0.0,0.0,0.0,0.0,0.0,0.0,0.0,0.0,0.0,0.004640192,0.010924101,0.009784736,0.0,0.0,0.0,0.0,1.0,0.0,0.4,0.7597022,1.0,1.0,0.093730666,0.0,0.009759694,0.0,0.0,0.06565207,0.0
0.13992897,0.0,0.13235295,0.9,0.0,1.1144735e-05,0.0,0.0,0.0,0.0,0.0,0.0,0.0,0.0,0.0,0.0,0.0,0.0,0.0,0.0,0.0,0.0,0.021009758,0.0019569471,1.0,1.0,0.0,0.0,1.0,0.0,0.0,0.7305441,1.0,1.0,0.07735386,0.0,0.0010917485,0.0,0.0,0.07690781,0.0
0.0,0.0,0.7941176,0.2,0.0,0.0,0.0,0.0,0.0,0.0,0.0,0.0,0.0,0.0,0.0,0.0,0.0,0.0,0.0,0.0,0.0,0.0,0.017274976,0.0039138943,0.0,0.0,1.0,1.0,0.01,0.06,0.0,0.7621913,1.0,1.0,0.089276336,0.0,0.002714932,0.0,0.0,0.076675355,0.0
0.0,0.0,0.073529415,0.2,0.0,0.0,0.0,0.0,0.0,0.0,0.0,0.0,0.0,0.0,0.0,0.0,0.0,0.0,0.0,0.0,0.0,0.0035224557,0.016758181,0.03522505,0.0,0.0,1.0,1.0,0.08,0.06,0.0,0.77286625,1.0,1.0,0.09261366,0.0,0.002444908,0.0,0.0,0.07909617,0.0
0.0,0.0,0.04411765,0.0,0.0008681168,0.0061771553,0.0,0.0,0.0,0.0,0.0,0.0,0.0,0.0,0.0,0.0,0.0,0.0,0.0,0.0,0.0,0.006132424,0.0107046515,0.019569471,0.0,0.0,0.0,0.0,1.0,0.0,0.2,0.7621701,1.0,1.0,0.09459972,0.0,0.009842545,0.0,0.0,0.06549889,0.0
0.0,0.0,0.029411765,0.1,0.0,0.0,0.0,0.0,0.0,0.0,0.0,0.0,0.0,0.0,0.0,0.0,0.0,0.0,0.0,0.0,0.0,0.0,0.023288652,0.03522505,1.0,1.0,0.0,0.0,0.13,0.06,0.0,0.78067577,1.0,1.0,0.089211635,0.0,0.0,0.0,0.0,0.089621276,0.0
0.0,1.0,0.36764705,0.0,2.3557259e-05,0.0,0.0,0.33333334,0.0,0.0,0.0,0.0,0.0,0.0,0.0,0.0,0.0,0.0,0.0,0.0,0.0,0.0,0.021320902,0.0058708414,0.0,0.0,0.0,0.0,1.0,0.0,0.67,0.6948806,0.9947755,1.0,0.06706909,0.0,0.006793633,0.0,0.0,0.06376895,0.0
0.0,0.0,0.029411765,0.2,0.0,0.0,0.0,0.0,0.0,0.0,0.0,0.0,0.0,0.0,0.0,0.0,0.0,0.0,0.0,0.0,0.0,0.001775533,0.01698298,0.01369863,0.0,0.0,1.0,1.0,0.03,0.08,0.0,0.7704264,1.0,1.0,0.09179535,0.0,0.0021459758,0.0,0.0,0.079220176,0.0
0.0,0.0,0.029411765,0.1,0.0,0.0,0.0,0.0,0.0,0.0,0.0,0.0,0.0,0.0,0.0,0.0,0.0,0.0,0.0,0.0,0.0,0.0,0.023508415,0.015655577,1.0,1.0,0.0,0.0,0.06,0.09,0.0,0.77408755,1.0,1.0,0.08728825,0.0,0.0,0.0,0.0,0.08821818,0.0
0.0,0.0,0.04411765,0.1,0.0,0.0,0.0,0.0,0.0,0.054012567,0.0,0.0,0.0,0.0,0.0,0.0,0.0027616099,0.025395185,0.0,0.0,0.0,0.07057133,0.01432427,0.12133072,1.0,1.0,0.0,0.0,1.0,0.0,0.0,0.88488185,1.0,1.0,0.12394024,0.0,0.0034897923,0.0,0.0,0.10053223,0.0
0.0,0.0,0.029411765,0.1,0.0,0.0,0.0,0.0,0.0,0.0,0.0,0.0,0.0,0.0,0.0,0.0,0.0,0.0,0.0,0.0,0.0,0.0,0.023369744,0.0019569471,1.0,1.0,0.0,0.0,0.0,0.07,0.0,0.7724904,1.0,1.0,0.08713988,0.0,0.0,0.0,0.0,0.08848658,0.0
0.12821624,0.0,0.13235295,0.0,0.0,3.2691223e-05,0.0,0.0,0.0,0.0,0.0,0.0,0.0,0.0,0.0,0.0,0.0,0.0,0.0,0.0,0.0,0.0023823082,0.017760098,0.0019569471,0.0,0.0,0.0,0.0,1.0,0.0,0.0,0.7683351,1.0,1.0,0.08990111,0.0,0.0036272407,0.0,0.0,0.08223125,0.0
0.0,0.0,0.04411765,0.0,0.0008681168,0.0061771553,0.0,0.0,0.0,0.0,0.0,0.0,0.0,0.0,0.0,0.0,0.0,0.0,0.0,0.0,0.0,0.0027466416,0.010841891,0.009784736,0.0,0.0,0.0,0.0,1.0,0.0,0.0,0.7563926,1.0,1.0,0.09294587,0.0,0.00981091,0.0,0.0,0.06473854,0.0
0.0,0.0,0.029411765,0.1,0.0,0.0,0.0,0.0,0.0,0.0,0.0,0.0,0.0,0.0,0.0,0.0,0.0,0.0,0.0,0.0,0.0,0.0,0.022982493,0.031311154,1.0,1.0,0.0,0.0,0.06,0.06,0.0,0.7810658,1.0,1.0,0.08976815,0.0,0.0,0.0,0.0,0.090471625,0.0
0.0,0.0,0.19117647,0.2,0.0,0.0,0.0,0.0,0.0,0.0,0.0,0.0,0.0,0.0,0.0,0.0,0.0,0.0,0.0,0.0,0.0,0.0009736419,0.016989157,0.009784736,0.0,0.0,1.0,1.0,0.02,0.06,0.0,0.76926637,1.0,1.0,0.09151494,0.0,0.0020041615,0.0,0.0,0.07915178,0.0
0.0,0.0,0.073529415,0.2,0.0,0.0,0.0,0.0,0.0,0.0,0.0,0.0,0.0,0.0,0.0,0.0,0.0,0.0,0.0,0.0,0.0,0.00579834,0.016619183,0.039138943,0.01,0.0,0.99,1.0,0.07,0.05,0.0,0.77740407,1.0,1.0,0.09401279,0.0,0.0019678026,0.0,0.0,0.080667496,0.0
0.0,0.0,0.25,0.5,0.0,0.0,0.0,0.0,0.0,0.0,0.0,0.0,0.0,0.0,0.0,0.0,0.0,0.0,0.0,0.0,0.0,0.0,0.017303057,0.007827789,0.0,0.0,1.0,1.0,0.04,0.08,0.0,0.76259243,1.0,1.0,0.089306496,0.0,0.0029695183,0.0,0.0,0.07643154,0.0
1.7326518e-05,0.0,0.22058824,0.0,4.1368454e-05,0.00021769383,0.0,0.0,0.0,0.0,0.0,0.0,0.0,0.0,0.0,0.0,0.0,0.0,0.0,0.0,0.0,0.0,0.014095023,0.0058708414,0.0,0.0,0.0,0.0,1.0,0.0,0.0,0.74751616,1.0,1.0,0.087783106,0.0,0.0065801144,0.0,0.0,0.071477264,0.0
0.0,1.0,0.36764705,0.0,1.6044403e-05,0.0,0.0,0.0,0.0,0.0006890893,0.0,0.0,0.0,0.0,0.0,0.0,0.0,0.0,0.0,0.0,0.0,0.013172597,0.0144350305,0.31311154,0.0,0.0,0.0,0.0,1.0,0.0,0.0,0.78018403,1.0,1.0,0.09658005,0.0,0.0044932514,0.0,0.0,0.08403209,0.0
0.0,0.0,0.029411765,0.1,0.0,0.0,0.0,0.0,0.0,0.0,0.0,0.0,0.0,0.0,0.0,0.0,0.0,0.0,0.0,0.0,0.0,0.0,0.023245767,0.029354207,1.0,1.0,0.0,0.0,0.08,0.09,0.0,0.7799245,1.0,1.0,0.089107566,0.0,0.0,0.0,0.0,0.08966863,0.0
0.013757256,0.0,0.04411765,0.3,1.6299076e-05,0.0,0.0,0.0,0.0,0.030292481,0.0,0.0,0.0,0.0,0.0,0.0,0.002151847,0.011363536,0.0,0.0,0.0,0.050168276,0.00944975,0.15851273,0.02,0.02,0.98,0.98,1.0,0.0,0.0,0.8383428,1.0,1.0,0.11586053,0.0,0.009139448,0.0,0.0,0.0805766,0.0
0.016009703,0.0,0.04411765,0.3,0.00015382253,0.0,0.0,0.0,0.0,0.045364887,0.0,0.0,0.0,0.0,0.0,0.0008416325,0.0038971081,0.025058955,0.0,0.0,0.0,0.067317486,0.008942299,0.06849315,0.06,0.06,0.94,0.94,1.0,0.0,0.0,0.8677298,1.0,1.0,0.12407117,0.0,0.009276211,0.0,0.0,0.08472669,0.0
0.0,0.0,0.4852941,0.1,0.0,0.0,0.0,0.0,0.0,0.0,0.0,0.0,0.0,0.0,0.0,0.0,0.0,0.0,0.0,0.0,0.0,0.0,0.022949547,0.031311154,1.0,1.0,0.0,0.0,0.05,0.06,0.0,0.7820947,1.0,1.0,0.090092964,0.0,0.0,0.0,0.0,0.090729475,0.0
0.0,0.0,0.029411765,0.1,0.0,0.0,0.0,0.0,0.0,0.0,0.0,0.0,0.0,0.0,0.0,0.0,0.0,0.0,0.0,0.0,0.0,0.0,0.023565732,0.0058708414,1.0,1.0,0.0,0.0,0.02,0.1,0.0,0.77180755,1.0,1.0,0.0866602,0.0,0.0,0.0,0.0,0.08783439,0.0
0.0,0.0,0.5294118,0.1,0.0,0.0,0.0,0.0,0.0,0.0,0.0,0.0,0.0,0.0,0.0,0.0,0.0,0.0,0.0,0.0,0.0,0.0,0.023097746,0.019569471,1.0,1.0,0.0,0.0,0.04,0.06,0.0,0.7792262,1.0,1.0,0.089187555,0.0,0.0,0.0,0.0,0.09004569,0.0
0.0,0.0,0.029411765,0.1,0.0,0.0,0.0,0.0,0.0,0.0,0.0,0.0,0.0,0.0,0.0,0.0,0.0,0.0,0.0,0.0,0.0,0.0,0.023210399,0.039138943,1.0,1.0,0.0,0.0,0.12,0.08,0.0,0.781304,1.0,1.0,0.08947692,0.0,0.0,0.0,0.0,0.089823276,0.0
0.0,0.0,0.3382353,0.1,0.0,0.0,0.0,0.0,0.0,0.0,0.0,0.0,0.0,0.0,0.0,0.0,0.0,0.0,0.0,0.0,0.0,0.0,0.023199663,0.007827789,1.0,1.0,0.0,0.0,0.01,0.06,0.0,0.7763835,1.0,1.0,0.08835893,0.0,0.0,0.0,0.0,0.08946654,0.0
0.0,0.0,0.029411765,0.2,0.0,0.0,0.0,0.0,0.0,0.0,0.0,0.0,0.0,0.0,0.0,0.0,0.0,0.0,0.0,0.0,0.0,0.0,0.017425463,0.0019569471,0.0,0.0,1.0,1.0,0.01,0.07,0.0,0.75851476,1.0,1.0,0.08810731,0.0,0.00308536,0.0,0.0,0.07545036,0.0
0.0,0.0,0.029411765,0.2,0.0,0.0,0.0,0.0,0.0,0.0,0.0,0.0,0.0,0.0,0.0,0.0,0.0,0.0,0.0,0.0,0.0,0.00022605062,0.01698538,0.019569471,0.0,0.0,1.0,1.0,0.05,0.06,0.0,0.7672559,1.0,1.0,0.09092157,0.0,0.0025081933,0.0,0.0,0.07787052,0.0
0.0,0.0,0.029411765,0.1,0.0,0.0,0.0,0.0,0.0,0.0,0.0,0.0,0.0,0.0,0.0,0.0,0.0,0.0,0.0,0.0,0.0,0.0,0.023470126,0.0019569471,1.0,1.0,0.0,0.0,0.01,0.09,0.0,0.7729368,1.0,1.0,0.0870991,0.0,0.0,0.0,0.0,0.08836129,0.0
0.0,0.0,0.029411765,0.2,0.0,0.0,0.0,0.0,0.0,0.0,0.0,0.0,0.0,0.0,0.0,0.0,0.0,0.0,0.0,0.0,0.0,0.0,0.021319307,0.01369863,0.0,0.0,1.0,1.0,0.05,0.06,0.0,0.71535325,1.0,1.0,0.07298856,0.0,0.0032452196,0.0,0.0,0.06688014,0.0
0.035848565,0.0,0.04411765,0.3,0.001155006,0.0,0.0,0.0,0.0,0.0,0.0,0.0,0.0,0.0,0.0,0.0,0.0,0.0,0.0,0.0,0.0,0.015629381,0.0106903985,0.023483366,0.0,0.0,1.0,1.0,1.0,0.0,0.0,0.7787136,1.0,1.0,0.098953925,0.0,0.00967592,0.0,0.0,0.06904793,0.0
0.01557654,0.0,0.04411765,0.3,0.0009789632,0.0,0.0,0.0,0.0,0.04061407,0.0,0.0,0.0,0.0,0.0,0.0,0.0034183562,0.02121687,0.0,0.0,0.0,0.062106192,0.009027481,0.06262231,0.0,0.0,1.0,1.0,1.0,0.0,0.0,0.8586451,1.0,1.0,0.12159812,0.0,0.009394094,0.0,0.0,0.08279011,0.0
0.0,0.0,0.1764706,0.1,0.0,0.0,0.0,0.0,0.0,0.0,0.0,0.0,0.0,0.0,0.0,0.0,0.0,0.0,0.0,0.0,0.0,0.0,0.02316513,0.03522505,1.0,1.0,0.0,0.0,0.09,0.08,0.0,0.78174865,1.0,1.0,0.08966782,0.0,0.0,0.0,0.0,0.09010327,0.0
0.0,1.0,0.36764705,0.0,8.276875e-06,0.0,0.0,0.0,0.0,0.00048187375,0.0,0.0,0.0,0.0,0.0,0.0,0.0,0.0,0.0,0.0,0.0,0.010613978,0.01610282,0.99804306,0.0,0.0,0.0,0.0,1.0,0.0,0.0,0.7805288,1.0,1.0,0.09538131,0.0,0.0024734288,0.0,0.0,0.085990876,0.0
0.0,0.0,0.029411765,0.2,0.0,0.0,0.0,0.0,0.0,0.0,0.0,0.0,0.0,0.0,0.0,0.0,0.0,0.0,0.0,0.0,0.0,0.0,0.017274894,0.007827789,0.0,0.0,1.0,1.0,0.03,0.06,0.0,0.76128817,1.0,1.0,0.08900944,0.0,0.0029387623,0.0,0.0,0.076089054,0.0
0.0,1.0,0.36764705,0.0,1.6426413e-05,0.0,0.0,0.0,0.0,0.0,0.0,0.0,0.0,0.0,0.0,0.0,0.0,0.0,0.0,0.0,0.0,0.0,0.0186816,0.011741683,0.0,0.0,0.0,0.0,1.0,0.0,0.0,0.7175034,1.0,1.0,0.075778775,0.0,0.0052291304,0.0,0.0,0.07075164,0.0
0.0,0.0,0.029411765,0.2,0.0,0.0,0.0,0.0,0.0,0.0,0.0,0.0,0.0,0.0,0.0,0.0,0.0,0.0,0.0,0.0,0.0,0.0003733039,0.017037593,0.0039138943,0.0,0.0,1.0,1.0,0.01,0.07,0.0,0.768417,1.0,1.0,0.09126275,0.0,0.0019023418,0.0,0.0,0.079138905,0.0
0.0,0.0,0.13235295,0.8,0.0,3.2691223e-05,0.0,0.0,0.0,0.0,0.0,0.0,0.0,0.0,0.0,0.0,0.0,0.0,0.0,0.0,0.0,0.0,0.020688348,0.0019569471,1.0,1.0,0.0,0.0,1.0,0.0,0.0,0.72433054,1.0,1.0,0.07580341,0.0,0.0022444278,0.0,0.0,0.0751974,0.0
0.013878541,0.0,0.04411765,0.3,0.001155006,0.0,0.0,0.0,0.0,0.0,0.0,0.0,0.0,0.0,0.0,0.0,0.0,0.0,0.0,0.0,0.0,0.0141536,0.010495082,0.05479452,0.0,0.0,1.0,1.0,1.0,0.0,0.0,0.7760879,1.0,1.0,0.098461606,0.0,0.00967747,0.0,0.0,0.0684385,0.0
0.0,0.0,0.029411765,0.2,0.0,0.0,0.0,0.0,0.0,0.0,0.0,0.0,0.0,0.0,0.0,0.0,0.0,0.0,0.0,0.0,0.0,0.0059527755,0.016595684,0.039138943,0.0,0.0,1.0,1.0,0.08,0.06,0.0,0.7774888,1.0,1.0,0.094035916,0.0,0.002072364,0.0,0.0,0.08058858,0.0
0.0,0.0,0.029411765,0.2,0.0,0.0,0.0,0.0,0.0,0.0,0.0,0.0,0.0,0.0,0.0,0.0,0.0,0.0,0.0,0.0,0.0,0.0,0.017137535,0.019569471,0.0,0.0,1.0,1.0,0.08,0.07,0.0,0.7648488,1.0,1.0,0.09006127,0.0,0.0029781014,0.0,0.0,0.07678345,0.0
0.0,0.0,0.38235295,0.2,0.0,0.0,0.0,0.0,0.0,0.0,0.0,0.0,0.0,0.0,0.0,0.0,0.0,0.0,0.0,0.0,0.0,0.0019242167,0.016874224,0.019569471,0.0,0.0,1.0,1.0,0.04,0.06,0.0,0.77068317,1.0,1.0,0.09198516,0.0,0.0021113157,0.0,0.0,0.07918304,0.0
0.0,0.0,0.5882353,0.2,0.0,0.0,0.0,0.0,0.0,0.0,0.0,0.0,0.0,0.0,0.0,0.0,0.0,0.0,0.0,0.0,0.0,0.0,0.017177962,0.015655577,0.0,0.0,1.0,1.0,0.06,0.06,0.0,0.7629298,1.0,1.0,0.089530595,0.0,0.0029490292,0.0,0.0,0.07640293,0.0
0.0,0.0,0.4852941,0.2,0.0,0.0,0.0,0.0,0.0,0.0,0.0,0.0,0.0,0.0,0.0,0.0,0.0,0.0,0.0,0.0,0.0,0.002194643,0.016900145,0.019569471,0.0,0.0,1.0,1.0,0.04,0.07,0.0,0.7710743,1.0,1.0,0.092047654,0.0,0.0021654367,0.0,0.0,0.079247,0.0
0.0,0.0,0.04411765,0.1,0.0,0.0,0.0,0.0,0.0,0.002593875,0.0,0.0,0.0,0.0,0.0,0.0,0.0,0.0,0.0,0.0,0.0,0.005956501,0.022990912,0.021526419,1.0,1.0,0.0,0.0,0.37,0.13,0.0,0.78985476,1.0,1.0,0.091642074,0.0,0.0,0.0,0.0,0.09037626,0.0
0.0,0.0,0.3382353,0.2,0.0,0.0,0.0,0.0,0.0,0.0,0.0,0.0,0.0,0.0,0.0,0.0,0.0,0.0,0.0,0.0,0.0,0.000107616186,0.017053246,0.0058708414,0.0,0.0,1.0,1.0,0.01,0.07,0.0,0.767786,1.0,1.0,0.09106242,0.0,0.002022162,0.0,0.0,0.07885477,0.0
0.12941177,0.0,0.13235295,0.0,0.0,3.2691223e-05,0.0,0.0,0.0,0.0,0.0,0.0,0.0,0.0,0.0,0.0,0.0,0.0,0.0,0.0,0.0,0.0,0.018012851,0.0019569471,0.0,0.0,0.0,0.0,1.0,0.0,0.0,0.76406777,1.0,1.0,0.08855226,0.0,0.0034473091,0.0,0.0,0.08210918,0.0
0.0,0.0,0.04411765,0.2,0.0,0.0,0.0,0.0,0.0,0.0,0.0,0.0,0.0,0.0,0.0,0.0,0.0,0.0,0.0,0.0,0.0,0.00074383616,0.016978383,0.01369863,0.0,0.0,1.0,1.0,0.03,0.06,0.0,0.76860034,1.0,1.0,0.091326244,0.0,0.0021927059,0.0,0.0,0.07866299,0.0
1.7326518e-05,0.0,0.22058824,0.0,4.1368454e-05,0.00021769383,0.0,0.0,0.0,0.0,0.0,0.0,0.0,0.0,0.0,0.0,0.0,0.0,0.0,0.0,0.0,0.0028698444,0.010962822,0.0019569471,0.0,0.0,0.0,0.0,1.0,0.0,0.0,0.7567469,1.0,1.0,0.09290817,0.0,0.009708524,0.0,0.0,0.06537831,0.0
0.0,0.0,0.029411765,0.2,0.0,0.0,0.0,0.0,0.0,0.0,0.0,0.0,0.0,0.0,0.0,0.0,0.0,0.0,0.0,0.0,0.0,0.001903832,0.016867064,0.01369863,0.0,0.0,1.0,1.0,0.02,0.06,0.0,0.7710669,1.0,1.0,0.092139594,0.0,0.0018263161,0.0,0.0,0.07967743,0.0
0.0,0.0,0.4117647,0.2,0.0,0.0,0.0,0.0,0.0,0.0,0.0,0.0,0.0,0.0,0.0,0.0,0.0,0.0,0.0,0.0,0.0,0.00234887,0.016894475,0.025440313,0.0,0.0,1.0,1.0,0.06,0.06,0.0,0.7709751,1.0,1.0,0.091987066,0.0,0.0024081618,0.0,0.0,0.07886979,0.0
0.0,0.0,0.60294116,0.5,0.0,0.0,0.0,0.0,0.0,0.0,0.0,0.0,0.0,0.0,0.0,0.0,0.0,0.0,0.0,0.0,0.0,0.0,0.017156169,0.0019569471,0.0,0.0,1.0,1.0,0.0,0.08,0.0,0.7664124,1.0,1.0,0.090578504,0.0,0.0021365732,0.0,0.0,0.07850468,0.0
0.0,0.0,0.04411765,0.0,0.0008681168,0.0061771553,0.0,0.0,0.0,0.0,0.0,0.0,0.0,0.0,0.0,0.0,0.0,0.0,0.0,0.0,0.0,0.0,0.011412501,0.009784736,0.0,0.0,0.2,0.2,1.0,0.0,0.0,0.7425916,1.0,1.0,0.08875,0.0,0.009756416,0.0,0.0,0.063153535,0.0
0.0,1.0,0.36764705,0.0,8.276875e-06,0.0,0.0,0.0,0.0,0.007574141,0.0,0.0,0.0,0.0,0.0,0.0,0.0,0.0,0.0,0.0,0.0,0.01885724,0.015080087,0.91193736,0.0,0.0,0.0,0.0,1.0,0.0,0.0,0.79312027,1.0,1.0,0.09957897,0.0,0.0027816445,0.0,0.0,0.08904916,0.0
0.0,0.0,0.029411765,0.1,0.0,0.0,0.0,0.0,0.0,0.0,0.0,0.0,0.0,0.0,0.0,0.0,0.0,0.0,0.0,0.0,0.0,0.0,0.023342922,0.019569471,1.0,1.0,0.0,0.0,0.05,0.08,0.0,0.77650225,1.0,1.0,0.08813327,0.0,0.0,0.0,0.0,0.088968664,0.0
0.0,0.0,0.7058824,0.2,0.0,0.0,0.0,0.0,0.0,0.0,0.0,0.0,0.0,0.0,0.0,0.0,0.0,0.0,0.0,0.0,0.0,0.004133433,0.016723245,0.025440313,0.0,0.0,1.0,1.0,0.05,0.06,0.0,0.7747698,1.0,1.0,0.09323835,0.0,0.0018444657,0.0,0.0,0.08043039,0.0
0.0,0.0,0.029411765,0.1,0.0,0.0,0.0,0.0,0.0,0.0,0.0,0.0,0.0,0.0,0.0,0.0,0.0,0.0,0.0,0.0,0.0,0.0,0.023201138,0.02739726,1.0,1.0,0.0,0.0,0.06,0.05,0.0,0.778512,1.0,1.0,0.08882486,0.0,0.0,0.0,0.0,0.089558154,0.0
0.0,0.0,0.04411765,0.0,0.0008681168,0.0061771553,0.0,0.0,0.0,0.0,0.0,0.0,0.0,0.0,0.0,0.0,0.0,0.0,0.0,0.0,0.0,0.0092840195,0.01061175,0.0058708414,0.0,0.0,0.0,0.0,1.0,0.0,0.0,0.7675966,1.0,1.0,0.096116655,0.0,0.009826168,0.0,0.0,0.06643647,0.0
1.7326518e-05,0.0,0.22058824,0.0,4.1368454e-05,0.00021769383,0.0,0.0,0.0,0.0,0.0,0.0,0.0,0.0,0.0,0.0,0.0,0.0,0.0,0.0,0.0,0.0005887151,0.01284869,0.0058708414,0.0,0.0,0.0,0.0,1.0,0.0,0.0,0.7552085,1.0,1.0,0.09073832,0.0,0.0078020543,0.0,0.0,0.07296598,0.0
0.0,0.0,0.029411765,0.2,0.0,0.0,0.0,0.0,0.0,0.0,0.0,0.0,0.0,0.0,0.0,0.0,0.0,0.0,0.0,0.0,0.0,0.005880922,0.016613886,0.03522505,0.01,0.0,0.99,1.0,0.06,0.06,0.0,0.7777271,1.0,1.0,0.09411924,0.0,0.0018326044,0.0,0.0,0.081006795,0.0
0.0,0.0,0.029411765,0.1,0.0,0.0,0.0,0.0,0.0,0.0,0.0,0.0,0.0,0.0,0.0,0.0,0.0,0.0,0.0,0.0,0.0,0.0,0.023307025,0.0332681,1.0,1.0,0.0,0.0,0.1,0.07,0.0,0.7786598,1.0,1.0,0.08868716,0.0,0.0,0.0,0.0,0.08918846,0.0
0.0,0.0,0.029411765,0.1,0.0,0.0,0.0,0.0,0.0,0.0,0.0,0.0,0.0,0.0,0.0,0.0,0.0,0.0,0.0,0.0,0.0,0.0,0.023284331,0.031311154,1.0,1.0,0.0,0.0,0.1,0.09,0.0,0.7793596,1.0,1.0,0.088899635,0.0,0.0,0.0,0.0,0.08945754,0.0
0.0,0.0,0.029411765,0.2,0.0,0.0,0.0,0.0,0.0,0.0,0.0,0.0,0.0,0.0,0.0,0.0,0.0,0.0,0.0,0.0,0.0,0.0020350516,0.016802013,0.021526419,0.0,0.0,1.0,1.0,0.04,0.06,0.0,0.7710365,1.0,1.0,0.09217592,0.0,0.0019726604,0.0,0.0,0.07940072,0.0
0.0,0.0,0.38235295,0.1,0.0,0.0,0.0,0.0,0.0,0.0,0.0,0.0,0.0,0.0,0.0,0.0,0.0,0.0,0.0,0.0,0.0,0.0,0.023434743,0.007827789,1.0,1.0,0.0,0.0,0.02,0.09,0.0,0.77439916,1.0,1.0,0.087505035,0.0,0.0,0.0,0.0,0.08856055,0.0
0.0,1.0,0.36764705,0.0,8.08587e-06,0.0,0.0,0.0,0.0,0.0068178475,0.0,0.0,0.0,0.0,0.0,0.0,0.0,0.0,0.0,0.0,0.0,0.018271357,0.01502081,0.84931505,0.0,0.0,0.0,0.0,1.0,0.0,0.0,0.79168,1.0,1.0,0.09922179,0.0,0.0029985905,0.0,0.0,0.08859643,0.0
0.0,0.0,0.23529412,0.2,0.0,0.0,0.0,0.0,0.0,0.0,0.0,0.0,0.0,0.0,0.0,0.0,0.0,0.0,0.0,0.0,0.0,0.00054582953,0.017049156,0.01369863,0.0,0.0,1.0,1.0,0.04,0.07,0.0,0.7679956,1.0,1.0,0.09106027,0.0,0.0023948103,0.0,0.0,0.078317344,0.0
0.0,0.0,0.029411765,0.2,0.0,0.0,0.0,0.0,0.0,0.0,0.0,0.0,0.0,0.0,0.0,0.0,0.0,0.0,0.0,0.0,0.0,0.0,0.017382659,0.0019569471,0.0,0.0,1.0,1.0,0.01,0.07,0.0,0.75946355,1.0,1.0,0.088420145,0.0,0.0029444247,0.0,0.0,0.07584062,0.0
0.015697826,0.0,0.04411765,0.3,0.0009226168,0.0,0.0,0.0,0.0,0.0,0.0,0.0,0.0,0.0,0.0,0.0,0.0,0.0,0.0,0.0,0.0,0.0019034445,0.010882206,0.0039138943,0.0,0.0,1.0,1.0,1.0,0.0,0.0,0.7549293,1.0,1.0,0.09251558,0.0,0.00987114,0.0,0.0,0.064275384,0.0
0.0,1.0,0.36764705,0.0,1.6044403e-05,0.0,0.0,0.0,0.0,0.00024428964,0.0,0.0,0.0,0.0,0.0,0.0,0.0,0.0,0.0,0.0,0.0,0.012775898,0.014384523,0.27201566,0.0,0.0,0.0,0.0,1.0,0.0,0.0,0.77936304,1.0,1.0,0.09640751,0.0,0.0045817345,0.0,0.0,0.08363277,0.0
0.0,0.0,0.029411765,0.2,0.0,0.0,0.0,0.0,0.0,0.0,0.0,0.0,0.0,0.0,0.0,0.0,0.0,0.0,0.0,0.0,0.0,0.00391376,0.01716528,0.0332681,0.02,0.06,0.98,0.94,0.07,0.05,0.0,0.77485657,1.0,1.0,0.09283211,0.0,0.0016780347,0.0,0.0,0.08105266,0.0
1.7326518e-05,0.0,0.22058824,0.0,4.1368454e-05,0.00021769383,0.0,0.0,0.0,0.0,0.0,0.0,0.0,0.0,0.0,0.0,0.0,0.0,0.0,0.0,0.0,0.0022321641,0.010992289,0.007827789,0.0,0.0,0.0,0.0,1.0,0.0,0.5,0.7556373,1.0,1.0,0.092586,0.0,0.009699941,0.0,0.0,0.06529853,0.0
0.035813913,0.0,0.04411765,0.3,0.001155006,0.0,0.0,0.0,0.0,0.03322068,0.0,0.0,0.0,0.0,0.0,0.0,0.0022118762,0.014532387,0.0,0.0,0.0,0.053742588,0.00960736,0.019569471,0.0,0.0,1.0,1.0,1.0,0.0,0.0,0.8445358,1.0,1.0,0.11731926,0.0,0.0093227625,0.0,0.0,0.080908924,0.0
0.0,0.0,0.029411765,0.2,0.0,0.0,0.0,0.0,0.0,0.0,0.0,0.0,0.0,0.0,0.0,0.0,0.0,0.0,0.0,0.0,0.0,0.0,0.017092556,0.019569471,0.0,0.0,1.0,1.0,0.07,0.05,0.0,0.7658448,1.0,1.0,0.09038972,0.0,0.002830118,0.0,0.0,0.07719314,0.0
0.0,0.0,0.3970588,0.1,0.0,0.0,0.0,0.0,0.0,0.0,0.0,0.0,0.0,0.0,0.0,0.0,0.0,0.0,0.0,0.0,0.0,0.0,0.02332782,0.0039138943,1.0,1.0,0.0,0.0,0.01,0.07,0.0,0.7738738,1.0,1.0,0.08754698,0.0,0.0,0.0,0.0,0.088777274,0.0
0.0,0.0,0.5147059,0.2,0.0,0.0,0.0,0.0,0.0,0.0,0.0,0.0,0.0,0.0,0.0,0.0,0.0,0.0,0.0,0.0,0.0,0.0,0.01724916,0.007827789,0.0,0.0,1.0,1.0,0.03,0.06,0.0,0.7618574,1.0,1.0,0.08919712,0.0,0.0028542131,0.0,0.0,0.07632315,0.0
0.0,0.0,0.23529412,0.1,0.0,0.0,0.0,0.0,0.0,0.0,0.0,0.0,0.0,0.0,0.0,0.0,0.0,0.0,0.0,0.0,0.0,0.0,0.023574188,0.009784736,1.0,1.0,0.0,0.0,0.04,0.09,0.0,0.7724649,1.0,1.0,0.086801015,0.0,0.0,0.0,0.0,0.087856114,0.0
0.0,0.0,0.75,0.5,0.0,0.0,0.0,0.0,0.0,0.0,0.0,0.0,0.0,0.0,0.0,0.0,0.0,0.0,0.0,0.0,0.0,0.0,0.017225236,0.015655577,0.0,0.0,1.0,1.0,0.07,0.06,0.0,0.7628467,1.0,1.0,0.08943669,0.0,0.003073603,0.0,0.0,0.07627183,0.0
0.0,1.0,0.36764705,0.0,1.6426413e-05,0.0,0.0,0.0,0.0,0.0029555857,0.0,0.0,0.0,0.0,0.0,0.0,0.0,0.0,0.0,0.0,0.0,0.01519379,0.014692366,0.52250487,0.0,0.0,0.0,0.0,1.0,0.0,0.0,0.7843673,1.0,1.0,0.09745919,0.0,0.004042417,0.0,0.0,0.086066484,0.0
0.0,1.0,0.36764705,0.0,1.6426413e-05,0.0,0.0,0.0,0.0,0.0,0.0,0.0,0.0,0.0,0.0,0.0,0.0,0.0,0.0021099206,0.0,0.0,0.0,0.046443723,1.0,0.0,0.0,0.0,0.0,1.0,0.0,0.0,0.591918,0.8617979,0.9597628,0.013627693,0.0,0.0081843585,0.0,0.0,0.058534145,0.0
0.0,0.0,0.7647059,0.1,0.0,0.0,0.0,0.0,0.0,0.0,0.0,0.0,0.0,0.0,0.0,0.0,0.0,0.0,0.0,0.0,0.0,0.0,0.023139618,0.0332681,1.0,1.0,0.0,0.0,0.08,0.08,0.0,0.78153384,1.0,1.0,0.089660786,0.0,0.0,0.0,0.0,0.09012875,0.0
0.03617777,0.0,0.04411765,0.3,0.001155006,0.0,0.0,0.0,0.0,0.0009265244,0.0,0.0,0.0,0.0,0.0,0.0,0.0,0.0,0.0,0.0,0.0,0.01779288,0.010624319,0.02739726,0.07,0.07,0.93,0.93,1.0,0.0,0.0,0.7824446,1.0,1.0,0.09999969,0.0,0.009652957,0.0,0.0,0.06973815,0.0
0.14089924,0.0,0.13235295,0.0,0.0,1.1144735e-05,0.0,0.0,0.0,0.0,0.0,0.0,0.0,0.0,0.0,0.0,0.0,0.0,0.0,0.0,0.0,0.0,0.034478948,0.0019569471,0.0,0.0,0.0,0.0,1.0,0.0,0.0,0.6376974,0.9207962,1.0,0.03749065,0.0,0.009337708,0.0,0.0,0.061016336,0.0
0.0,0.0,0.029411765,0.2,0.0,0.0,0.0,0.0,0.0,0.0,0.0,0.0,0.0,0.0,0.0,0.0,0.0,0.0,0.0,0.0,0.0,0.0,0.017143026,0.017612524,0.0,0.0,1.0,1.0,0.07,0.06,0.0,0.76404476,1.0,1.0,0.08985498,0.0,0.002959177,0.0,0.0,0.076574504,0.0
0.0,0.0,0.13235295,0.5,0.0,0.0,0.0,0.0,0.0,0.012465924,0.0,0.0,0.0,0.0,0.0,0.0,0.0,0.0,0.0,0.0,0.0,0.022366703,0.016538642,0.031311154,0.0,0.0,1.0,1.0,0.22,0.06,0.0,0.80500746,1.0,1.0,0.10106983,0.0,0.002224192,0.0,0.0,0.088106364,0.0
0.0,0.0,0.029411765,0.2,0.0,0.0,0.0,0.0,0.0,0.0,0.0,0.0,0.0,0.0,0.0,0.0,0.0,0.0,0.0,0.0,0.0,0.0043072402,0.016663931,0.031311154,0.0,0.0,1.0,1.0,0.06,0.06,0.0,0.774896,1.0,1.0,0.093318574,0.0,0.0019414872,0.0,0.0,0.08024272,0.0
0.0,0.0,0.029411765,0.1,0.0,0.0,0.0,0.0,0.0,0.0,0.0,0.0,0.0,0.0,0.0,0.0,0.0,0.0,0.0,0.0,0.0,0.0,0.023094893,0.017612524,1.0,1.0,0.0,0.0,0.03,0.06,0.0,0.77930784,1.0,1.0,0.0892204,0.0,0.0,0.0,0.0,0.090082556,0.0
0.0,0.0,0.14705883,0.1,0.0,0.0,1.0,0.0,0.0,0.027887523,0.0,0.0,0.0,0.0,0.0,0.0,0.0029763058,0.0057677627,0.0,0.0,0.0,0.036358297,0.02057913,0.0039138943,1.0,1.0,0.0,0.0,1.0,0.0,1.0,0.8400464,1.0,1.0,0.107785754,0.0,0.0,0.0,0.0,0.091011226,0.0
0.0,0.0,0.04411765,0.0,0.0008681168,0.0061771553,0.0,0.0,0.0,0.0,0.0,0.0,0.0,0.0,0.0,0.0,0.0,0.0,0.0,0.0,0.0,0.005407393,0.010875136,0.0058708414,0.0,0.0,0.0,0.0,1.0,0.0,0.0,0.7610184,1.0,1.0,0.09412571,0.0,0.009767517,0.0,0.0,0.065781415,0.0
0.0,1.0,0.36764705,0.0,1.6426413e-05,0.0,0.0,0.0,0.0,0.0032945275,0.0,0.0,0.0,0.0,0.0,0.0,0.0,0.0,0.0,0.0,0.0,0.015496075,0.014730804,0.553816,0.0,0.0,0.0,0.0,1.0,0.0,0.0,0.78499293,1.0,1.0,0.09759066,0.0,0.0039750636,0.0,0.0,0.08637068,0.0
0.0,0.0,0.073529415,0.2,0.0,0.0,0.0,0.0,0.0,0.0,0.0,0.0,0.0,0.0,0.0,0.0,0.0,0.0,0.0,0.0,0.0,0.0010405779,0.016982704,0.009784736,0.0,0.0,1.0,1.0,0.02,0.06,0.0,0.7694087,1.0,1.0,0.091561876,0.0,0.001982972,0.0,0.0,0.07921034,0.0
0.0,0.0,0.029411765,0.1,0.0,0.0,0.0,0.0,0.0,0.0001859963,0.0,0.0,0.0,0.0,0.0,0.0,0.0,0.0,0.0,0.0,0.0,0.0004324317,0.02290041,0.037181996,1.0,1.0,0.0,0.0,0.07,0.06,0.0,0.78409445,1.0,1.0,0.09064924,0.0,0.0,0.0,0.0,0.091132075,0.0
0.0,0.0,0.45588234,0.2,0.0,0.0,0.0,0.0,0.0,0.0,0.0,0.0,0.0,0.0,0.0,0.0,0.0,0.0,0.0,0.0,0.0,0.0,0.017189547,0.0039138943,0.0,0.0,1.0,1.0,0.01,0.07,0.0,0.7650491,1.0,1.0,0.09015221,0.0,0.0024026185,0.0,0.0,0.07775378,0.0
0.0,0.0,0.19117647,0.2,0.0,0.0,0.0,0.0,0.0,0.0,0.0,0.0,0.0,0.0,0.0,0.0,0.0,0.0,0.0,0.0,0.0,0.004957676,0.01671432,0.037181996,0.0,0.0,1.0,1.0,0.09,0.08,0.0,0.7754843,1.0,1.0,0.093351685,0.0,0.0023065805,0.0,0.0,0.07995427,0.0
0.0,1.0,0.36764705,0.0,1.6044403e-05,0.0,0.0,0.0,0.0,0.0068178475,0.0,0.0,0.0,0.0,0.0,0.0,0.0,0.0,0.0,0.0,0.0,0.018271357,0.01502081,0.84931505,0.0,0.0,0.0,0.0,1.0,0.0,0.0,0.79168,1.0,1.0,0.09922179,0.0,0.0029985905,0.0,0.0,0.08859643,0.0
0.0,0.0,0.029411765,0.2,0.0,0.0,0.0,0.0,0.0,0.0,0.0,0.0,0.0,0.0,0.0,0.0,0.0,0.0,0.0,0.0,0.0,0.0022142231,0.016846433,0.019569471,0.0,0.0,1.0,1.0,0.04,0.06,0.0,0.7712997,1.0,1.0,0.092188485,0.0,0.0020197183,0.0,0.0,0.07943669,0.0
0.12724595,0.0,0.13235295,0.0,0.0,3.2691223e-05,0.0,0.0,0.0,0.0,0.0,0.0,0.0,0.0,0.0,0.0,0.0,0.0,0.0,0.0,0.0,0.0018854141,0.017703295,0.0019569471,0.0,0.0,0.0,0.0,1.0,0.0,0.0,0.7673483,1.0,1.0,0.08968546,0.0,0.0037304312,0.0,0.0,0.08175725,0.0
0.0,0.0,0.029411765,0.2,0.0,0.0,0.0,0.0,0.0,0.0,0.0,0.0,0.0,0.0,0.0,0.0,0.0,0.0,0.0,0.0,0.0,0.0007779598,0.016959958,0.037181996,0.0,0.0,1.0,1.0,0.17,0.05,0.0,0.76714814,1.0,1.0,0.090802364,0.0,0.0032082647,0.0,0.0,0.07681659,0.0
0.0,0.0,0.029411765,0.2,0.0,0.0,0.0,0.0,0.0,0.0,0.0,0.0,0.0,0.0,0.0,0.0,0.0,0.0,0.0,0.0,0.0,0.0023284554,0.01688727,0.019569471,0.0,0.0,1.0,1.0,0.04,0.06,0.0,0.77135897,1.0,1.0,0.0921415,0.0,0.0021231622,0.0,0.0,0.07936409,0.0
0.0,0.0,0.5,0.5,0.0,0.0,0.0,0.0,0.0,0.0,0.0,0.0,0.0,0.0,0.0,0.0,0.0,0.0,0.0,0.0,0.0,0.0007903874,0.016964681,0.007827789,0.0,0.0,1.0,1.0,0.01,0.06,0.0,0.76912653,1.0,1.0,0.0915276,0.0,0.0018865168,0.0,0.0,0.079215914,0.0
0.0,0.0,0.029411765,0.2,0.0,0.0,0.0,0.0,0.0,0.0,0.0,0.0,0.0,0.0,0.0,0.0,0.0,0.0,0.0,0.0,0.0,0.0,0.017296404,0.007827789,0.0,0.0,1.0,1.0,0.03,0.06,0.0,0.7617743,1.0,1.0,0.089103274,0.0,0.0029788464,0.0,0.0,0.07619202,0.0
0.035969853,0.0,0.04411765,0.3,0.001155006,0.0,0.0,0.0,0.0,0.0,0.0,0.0,0.0,0.0,0.0,0.0,0.0,0.0,0.0,0.0,0.0,0.006685704,0.011036329,0.017612524,0.0,0.0,1.0,1.0,1.0,0.0,0.0,0.7633631,1.0,1.0,0.09457662,0.0,0.009681314,0.0,0.0,0.066678286,0.0
0.12984493,0.0,0.13235295,0.0,0.0,3.2691223e-05,0.0,0.0,0.0,0.02289471,0.0,0.0,0.0,0.0,0.0,0.0,0.0,0.0,0.0,0.0,0.0,0.031921804,0.018542469,0.0019569471,0.0,0.0,0.0,0.0,1.0,0.0,0.0,0.8255068,1.0,1.0,0.104578726,0.0,0.00038388371,0.0,0.0,0.09657368,0.0
0.0,0.0,0.029411765,0.2,0.0,0.0,0.0,0.0,0.0,0.0,0.0,0.0,0.0,0.0,0.0,0.0,0.0,0.0,0.0,0.0,0.0,0.005640447,0.01662574,0.039138943,0.0,0.0,1.0,1.0,0.08,0.06,0.0,0.77682483,1.0,1.0,0.0938169,0.0,0.002170965,0.0,0.0,0.08031544,0.0
0.0,1.0,0.36764705,0.0,1.6426413e-05,0.0,0.0,0.0,0.0,0.0,0.0,0.0,0.0,0.0,0.0,0.0,0.0,0.0,0.0,0.0,0.0,0.0,0.018283382,0.9960861,0.0,0.0,0.0,0.0,1.0,0.0,0.0,0.747463,1.0,1.0,0.0846918,0.0,0.0024225265,0.0,0.0,0.07774806,0.0
0.0,1.0,0.36764705,0.0,2.3557259e-05,0.0,0.0,0.33333334,0.0,0.0,0.0,0.0,0.0,0.0,0.0,0.0,0.0,0.0,0.0,0.0,0.0,0.0,0.02578085,0.0058708414,0.0,0.0,0.0,0.0,1.0,0.0,0.67,0.67498755,0.9688048,1.0,0.05708226,0.0,0.00787732,0.0,0.0,0.063069925,0.0
0.0,1.0,0.36764705,0.0,1.6044403e-05,0.0,0.0,0.0,0.0,0.0035487711,0.0,0.0,0.0,0.0,0.0,0.0,0.0,0.0,0.0,0.0,0.0,0.015722722,0.014759742,0.5772994,0.0,0.0,0.0,0.0,1.0,0.0,0.0,0.78546214,1.0,1.0,0.09768923,0.0,0.0039244443,0.0,0.0,0.08659893,0.0
0.0,0.0,0.029411765,0.2,0.0,0.0,0.0,0.0,0.0,0.0,0.0,0.0,0.0,0.0,0.0,0.0,0.0,0.0,0.0,0.0,0.0,0.0019811988,0.016915813,0.0332681,0.0,0.0,1.0,1.0,0.11,0.05,0.0,0.76965487,1.0,1.0,0.091547035,0.0,0.0028959066,0.0,0.0,0.077799976,0.0
0.0,0.0,0.029411765,0.2,0.0,0.0,0.0,0.0,0.0,0.0,0.0,0.0,0.0,0.0,0.0,0.0,0.0,0.0,0.0,0.0,0.0,0.00097462535,0.016960591,0.0332681,0.0,0.0,1.0,1.0,0.13,0.05,0.0,0.7676983,1.0,1.0,0.09096836,0.0,0.003074333,0.0,0.0,0.07709223,0.0
0.0,0.0,0.029411765,0.2,0.0,0.0,0.0,0.0,0.0,0.0,0.0,0.0,0.0,0.0,0.0,0.0,0.0,0.0,0.0,0.0,0.0,0.0037143528,0.016805485,0.02739726,0.0,0.0,1.0,1.0,0.06,0.07,0.0,0.77362895,1.0,1.0,0.09280335,0.0,0.002152294,0.0,0.0,0.07983953,0.0
0.0,1.0,0.36764705,0.0,2.3557259e-05,0.0,0.0,0.33333334,0.0,0.0,0.0,0.0,0.0,0.0,0.0,0.0,0.0,0.0,0.0,0.0,0.0,0.0,0.025494508,0.0058708414,0.0,0.0,0.0,0.0,1.0,0.0,0.67,0.67623496,0.97042197,1.0,0.057715945,0.0,0.0078072995,0.0,0.0,0.063147694,0.0
0.13169886,0.0,0.13235295,0.0,0.0,3.2691223e-05,0.0,0.0,0.0,0.0,0.0,0.0,0.0,0.0,0.0,0.0,0.0,0.0,0.0,0.0,0.0,0.0,0.019112505,0.017612524,0.0,0.22,0.0,0.33,1.0,0.0,0.67,0.7523252,1.0,1.0,0.08451008,0.0,0.0027879626,0.0,0.0,0.0808897,0.0
0.0,0.0,0.14705883,0.5,0.0,0.0,0.0,0.0,0.0,0.0048258603,0.0,0.0,0.0,0.0,0.0,0.0,0.0,0.0,0.0,0.0,0.0,0.015977085,0.016041659,0.019569471,0.0,0.0,1.0,1.0,0.3,0.12,0.0,0.79150116,1.0,1.0,0.097914495,0.0,0.0039249063,0.0,0.0,0.08086729,0.0
0.0,0.0,0.029411765,0.2,0.0,0.0,0.0,0.0,0.0,0.0,0.0,0.0,0.0,0.0,0.0,0.0,0.0,0.0,0.0,0.0,0.0,0.003725201,0.01672957,0.029354207,0.0,0.0,1.0,1.0,0.06,0.06,0.0,0.7737243,1.0,1.0,0.09292453,0.0,0.002089411,0.0,0.0,0.079785556,0.0
0.0,0.0,0.029411765,0.2,0.0,0.0,0.0,0.0,0.0,0.0,0.0,0.0,0.0,0.0,0.0,0.0,0.0,0.0,0.0,0.0,0.0,0.0,0.017268658,0.007827789,0.0,0.0,1.0,1.0,0.03,0.07,0.0,0.762391,1.0,1.0,0.08930657,0.0,0.0028872043,0.0,0.0,0.07644564,0.0
0.0,0.0,0.029411765,0.2,0.0,0.0,0.0,0.0,0.0,0.0,0.0,0.0,0.0,0.0,0.0,0.0,0.0,0.0,0.0,0.0,0.0,0.0,0.017262988,0.009784736,0.0,0.0,1.0,1.0,0.04,0.07,0.0,0.76223433,1.0,1.0,0.08926266,0.0,0.0029365271,0.0,0.0,0.07635656,0.0
0.0,0.0,0.029411765,0.1,0.0,0.0,0.0,0.0,0.0,0.0,0.0,0.0,0.0,0.0,0.0,0.0,0.0,0.0,0.0,0.0,0.0,0.00021651387,0.02293013,0.0332681,1.0,1.0,0.0,0.0,0.06,0.06,0.0,0.7837745,1.0,1.0,0.090539984,0.0,0.0,0.0,0.0,0.09103167,0.0
0.0,0.0,0.029411765,0.2,0.0,0.0,0.0,0.0,0.0,0.0,0.0,0.0,0.0,0.0,0.0,0.0,0.0,0.0,0.0,0.0,0.0,0.0064881444,0.016544454,0.039138943,0.0,0.0,1.0,1.0,0.07,0.06,0.0,0.7786273,1.0,1.0,0.09441128,0.0,0.0019031763,0.0,0.0,0.0810568,0.0
0.0,0.0,0.029411765,0.2,0.0,0.0,0.0,0.0,0.0,0.0,0.0,0.0,0.0,0.0,0.0,0.0,0.0,0.0,0.0,0.0,0.0,0.0,0.017262198,0.007827789,0.0,0.0,1.0,1.0,0.03,0.07,0.0,0.7625332,1.0,1.0,0.08935348,0.0,0.0028660595,0.0,0.0,0.07650423,0.0
0.12880534,0.0,0.13235295,0.0,0.0,3.2691223e-05,0.0,0.0,0.0,0.0,0.0,0.0,0.0,0.0,0.0,0.0,0.0,0.0,0.0,0.0,0.0,0.0,0.018423483,0.0019569471,0.0,0.0,0.0,0.0,1.0,0.0,0.0,0.73457456,1.0,1.0,0.08036684,0.0,0.0039741695,0.0,0.0,0.075598955,0.0
0.0,0.0,0.7058824,0.1,0.0,0.0,0.0,0.0,0.0,0.0,0.0,0.0,0.0,0.0,0.0,0.0,0.0,0.0,0.0,0.0,0.0,0.0,0.023236498,0.011741683,1.0,1.0,0.0,0.0,0.02,0.06,0.0,0.7751988,1.0,1.0,0.087990604,0.0,0.0,0.0,0.0,0.08912012,0.0
0.015628519,0.0,0.04411765,0.3,0.0009226168,0.0,0.0,0.0,0.0,0.0010261536,0.0,0.0,0.0,0.0,0.0,0.0,0.0,0.0,0.0,0.0,0.0,0.017843544,0.010337487,0.078277886,0.03,0.03,0.95,0.95,1.0,0.0,0.0,0.7824178,1.0,1.0,0.10028372,0.0,0.009650528,0.0,0.0,0.06951651,0.0
0.0,0.5,0.029411765,0.0,4.4567784e-07,0.0,0.0,1.0,0.0,0.0,0.0,0.0,0.0,0.0,0.0,0.0,0.0,0.0,0.0,0.0,0.0,0.0,0.025242321,0.10958904,0.0,0.0,0.0,0.0,1.0,0.0,0.0,0.6805192,0.9759317,1.0,0.05938662,0.0,0.00467968,0.0,0.0,0.06532055,0.0
0.0,0.0,0.029411765,0.2,0.0,0.0,0.0,0.0,0.0,0.0,0.0,0.0,0.0,0.0,0.0,0.0,0.0,0.0,0.0,0.0,0.0,0.0,0.017038189,0.009784736,0.0,0.0,1.0,1.0,0.02,0.07,0.0,0.7672149,1.0,1.0,0.090905,0.0,0.0021966547,0.0,0.0,0.07840499,0.0
0.013653296,0.0,0.04411765,0.3,1.6299076e-05,0.0,0.0,0.0,0.0,0.054839432,0.0,0.0,0.0,0.0,0.0,0.0034326762,0.0049468204,0.032935947,0.0,0.0,0.0,0.07780704,0.008662343,0.08023483,0.02,0.02,0.98,0.98,1.0,0.0,0.0,0.8858644,1.0,1.0,0.12911138,0.0,0.009131536,0.0,0.0,0.08825761,0.0
0.015559213,0.0,0.04411765,0.3,0.001208169,0.0,0.0,0.0,0.0,0.034799635,0.0,0.0,0.0,0.0,0.0,0.0,0.0027418658,0.016298681,0.0,0.0,0.0,0.055639267,0.009224221,0.052837573,0.0,0.0,1.0,1.0,1.0,0.0,0.0,0.84749436,1.0,1.0,0.11847373,0.0,0.009458408,0.0,0.0,0.08074361,0.0
0.0,0.0,0.029411765,0.1,0.0,0.0,0.0,0.0,0.0,0.0,0.0,0.0,0.0,0.0,0.0,0.0,0.0,0.0,0.0,0.0,0.0,0.0,0.023137093,0.031311154,1.0,1.0,0.0,0.0,0.07,0.07,0.0,0.78075457,1.0,1.0,0.089472465,0.0,0.0,0.0,0.0,0.09005576,0.0
0.0,1.0,0.36764705,0.0,1.6044403e-05,0.0,0.0,0.0,0.0,0.0016634762,0.0,0.0,0.0,0.0,0.0,0.0,0.0,0.0,0.0,0.0,0.0,0.014041543,0.014545642,0.40313113,0.0,0.0,0.0,0.0,1.0,0.0,0.0,0.7819824,1.0,1.0,0.096958004,0.0,0.004299432,0.0,0.0,0.08490667,0.0
0.0,0.0,0.029411765,0.1,0.0,0.0,0.0,0.0,0.0,0.0,0.0,0.0,0.0,0.0,0.0,0.0,0.0,0.0,0.0,0.0,0.0,0.0,0.023757279,0.007827789,1.0,1.0,0.0,0.0,0.04,0.06,0.0,0.76702964,1.0,1.0,0.085153244,0.0,0.0,0.0,0.0,0.08639926,0.0
0.0,0.0,0.029411765,0.5,0.0,0.0,0.0,0.0,0.0,0.0,0.0,0.0,0.0,0.0,0.0,0.0,0.0,0.0,0.0,0.0,0.0,0.0,0.017371334,0.0039138943,0.0,0.0,1.0,1.0,0.02,0.08,0.0,0.76005673,1.0,1.0,0.088572465,0.0,0.0030320734,0.0,0.0,0.07579744,0.0
0.03583124,0.0,0.04411765,0.3,0.0008993779,7.4298237e-07,0.0,0.0,0.0,0.015579134,0.0,0.0,0.0,0.0,0.0,0.0,0.00014384836,0.0,0.0,0.0,0.0,0.03403163,0.010205127,0.021526419,0.0,0.0,1.0,1.0,1.0,0.0,0.0,0.8105693,1.0,1.0,0.10780517,0.0,0.009444058,0.0,0.0,0.075032115,0.0
0.015697826,0.0,0.04411765,0.3,0.0009923336,0.0,0.0,0.0,0.0,0.025738835,0.0,0.0,0.0,0.0,0.0,0.0,0.0017113239,0.008319408,0.0,0.0,0.0,0.04543042,0.009514064,0.08414873,0.0,0.0,1.0,1.0,1.0,0.0,0.0,0.82994413,1.0,1.0,0.11358126,0.0,0.009456009,0.0,0.0,0.07792783,0.0
0.0,0.0,0.029411765,0.2,0.0,0.0,0.0,0.0,0.0,0.0,0.0,0.0,0.0,0.0,0.0,0.0,0.0,0.0,0.0,0.0,0.0,0.00097569823,0.016979195,0.011741683,0.0,0.0,1.0,1.0,0.02,0.06,0.0,0.76920474,1.0,1.0,0.09150233,0.0,0.0020393878,0.0,0.0,0.07910177,0.0
0.0,0.0,0.04411765,0.1,0.0,0.0,0.0,0.0,0.0,0.05691281,0.0,0.0,0.0,0.0,0.0,0.0,0.0017244071,0.023584425,0.0,0.0,0.0,0.06902492,0.018632792,0.13111547,1.0,1.0,0.0,0.0,1.0,0.0,0.0,0.891413,1.0,1.0,0.12196534,0.0,0.0,0.0,0.0,0.11010319,0.0
0.0,0.0,0.029411765,0.1,0.0,0.0,0.0,0.0,0.0,0.0,0.0,0.0,0.0,0.0,0.0,0.0,0.0,0.0,0.0,0.0,0.0,0.0,0.022090077,0.007827789,0.82,1.0,0.18,0.0,0.03,0.06,0.0,0.7590575,1.0,1.0,0.08451002,0.0,0.0,0.0,0.0,0.0820117,0.0
0.0,0.0,0.04411765,0.0,0.0008681168,0.0061771553,0.0,0.0,0.0,0.0,0.0,0.0,0.0,0.0,0.0,0.0,0.0,0.0,0.0,0.0,0.0,0.007190734,0.01067321,0.06262231,0.0,0.0,0.0,0.0,1.0,0.0,0.06,0.763993,1.0,1.0,0.09510969,0.0,0.009835571,0.0,0.0,0.06581959,0.0
0.0,1.0,0.36764705,0.0,1.6426413e-05,0.0,0.0,0.0,0.0,0.0077159703,0.0,0.0,0.0,0.0,0.0,0.0,0.0,0.0,0.0,0.0,0.0,0.018967122,0.015091181,0.92367905,0.0,0.0,0.0,0.0,1.0,0.0,0.0,0.7933903,1.0,1.0,0.099645965,0.0,0.0027409643,0.0,0.0,0.08913401,0.0
0.0,0.0,0.029411765,0.2,0.0,0.0,0.0,0.0,0.0,0.0,0.0,0.0,0.0,0.0,0.0,0.0,0.0,0.0,0.0,0.0,0.0,0.0,0.017207257,0.017612524,0.0,0.0,1.0,1.0,0.09,0.07,0.0,0.76262176,1.0,1.0,0.08938571,0.0,0.0031705797,0.0,0.0,0.07598919,0.0
0.0,0.0,0.029411765,0.1,0.0,0.0,0.0,0.0,0.0,0.0,0.0,0.0,0.0,0.0,0.0,0.0,0.0,0.0,0.0,0.0,0.0,0.0,0.023285769,0.039138943,1.0,1.0,0.0,0.0,0.13,0.07,0.0,0.77967846,1.0,1.0,0.088955574,0.0,0.0,0.0,0.0,0.08933285,0.0
0.0,1.0,0.36764705,0.0,1.6044403e-05,0.0,0.0,0.0,0.0,0.0013457239,0.0,0.0,0.0,0.0,0.0,0.0,0.0,0.0,0.0,0.0,0.0,0.013758153,0.014509596,0.3737769,0.0,0.0,0.0,0.0,1.0,0.0,0.0,0.78139603,1.0,1.0,0.09683477,0.0,0.004362613,0.0,0.0,0.08462143,0.0
0.0,0.0,0.29411766,0.1,0.0,0.0,0.0,0.0,0.0,0.0,0.0,0.0,0.0,0.0,0.0,0.0,0.0,0.0,0.0,0.0,0.0,0.0,0.02355855,0.0019569471,1.0,1.0,0.0,0.0,0.01,0.09,0.0,0.77053165,1.0,1.0,0.08636274,0.0,0.0,0.0,0.0,0.08768526,0.0
0.015628519,0.0,0.04411765,0.3,0.0008993779,0.0,0.0,0.0,0.0,0.022596091,0.0,0.0,0.0,0.0,0.0,0.0,0.00137344,0.0052943826,0.0,0.0,0.0,0.04178214,0.009600751,0.1330724,0.0,0.0,1.0,1.0,1.0,0.0,0.0,0.82371473,1.0,1.0,0.111865126,0.0,0.009371236,0.0,0.0,0.07725614,0.0
0.0,0.0,0.5294118,0.1,0.0,0.0,0.0,0.0,0.0,0.0,0.0,0.0,0.0,0.0,0.0,0.0,0.0,0.0,0.0,0.0,0.0,0.0,0.023345985,0.023483366,1.0,1.0,0.0,0.0,0.08,0.1,0.0,0.77843726,1.0,1.0,0.08860191,0.0,0.0,0.0,0.0,0.08925986,0.0
0.0,0.0,0.029411765,0.1,0.0,0.0,0.0,0.0,0.0,0.0,0.0,0.0,0.0,0.0,0.0,0.0,0.0,0.0,0.0,0.0,0.0,0.0,0.02348429,0.025440313,1.0,1.0,0.0,0.0,0.09,0.07,0.0,0.7741089,1.0,1.0,0.08730062,0.0,0.0,0.0,0.0,0.08807421,0.0
0.0,0.0,0.029411765,0.2,0.0,0.0,0.0,0.0,0.0,0.0,0.0,0.0,0.0,0.0,0.0,0.0,0.0,0.0,0.0,0.0,0.0,0.0012267232,0.016969286,0.029354207,0.0,0.0,1.0,1.0,0.1,0.05,0.0,0.76841176,1.0,1.0,0.09117269,0.0,0.002878651,0.0,0.0,0.07760057,0.0
1.7326518e-05,0.0,0.22058824,0.0,4.1368454e-05,0.00021769383,0.0,0.0,0.0,0.0,0.0,0.0,0.0,0.0,0.0,0.0,0.0,0.0,0.0,0.0,0.0,0.0028553605,0.012212671,0.0058708414,0.0,0.0,0.0,0.0,1.0,0.0,0.0,0.7572193,1.0,1.0,0.0917206,0.0,0.008815005,0.0,0.0,0.07175323,0.0
0.0,0.0,0.3529412,0.2,0.0,0.0,0.0,0.0,0.0,0.0,0.0,0.0,0.0,0.0,0.0,0.0,0.0,0.0,0.0,0.0,0.0,0.0037299097,0.016771734,0.023483366,0.0,0.0,1.0,1.0,0.04,0.06,0.0,0.77397764,1.0,1.0,0.09296941,0.0,0.001936093,0.0,0.0,0.080129296,0.0
0.0,0.0,0.029411765,0.2,0.0,0.0,0.0,0.0,0.0,0.0,0.0,0.0,0.0,0.0,0.0,0.0,0.0,0.0,0.0,0.0,0.0,0.0,0.017295055,0.009784736,0.0,0.0,1.0,1.0,0.05,0.08,0.0,0.7615229,1.0,1.0,0.08902802,0.0,0.0030422658,0.0,0.0,0.07606393,0.0
0.0,0.0,0.029411765,0.2,0.0,0.0,0.0,0.0,0.0,0.0,0.0,0.0,0.0,0.0,0.0,0.0,0.0,0.0,0.0,0.0,0.0,0.004525572,0.016600326,0.037181996,0.0,0.0,1.0,1.0,0.07,0.06,0.0,0.77511704,1.0,1.0,0.093430094,0.0,0.0020243973,0.0,0.0,0.08009404,0.0
0.0,0.0,0.029411765,0.1,0.0,0.0,0.0,0.0,0.0,0.0,0.0,0.0,0.0,0.0,0.0,0.0,0.0,0.0,0.0,0.0,0.0,0.0,0.022948459,0.031311154,1.0,1.0,0.0,0.0,0.05,0.06,0.0,0.7827133,1.0,1.0,0.09024956,0.0,0.0,0.0,0.0,0.090857,0.0
0.03572728,0.0,0.04411765,0.3,0.001155006,0.0,0.0,0.0,0.0,0.01525861,0.0,0.0,0.0,0.0,0.0,0.0,9.5807016e-05,0.0,0.0,0.0,0.0,0.033673912,0.010214619,0.019569471,0.0,0.0,1.0,1.0,1.0,0.0,0.0,0.80993867,1.0,1.0,0.10762837,0.0,0.009446919,0.0,0.0,0.07495776,0.0
0.0,0.0,0.029411765,0.2,0.0,0.0,0.0,0.0,0.0,0.0,0.0,0.0,0.0,0.0,0.0,0.0,0.0,0.0,0.0,0.0,0.0,0.0,0.017248034,0.01369863,0.0,0.0,1.0,1.0,0.07,0.06,0.0,0.76262367,1.0,1.0,0.08935546,0.0,0.0030806065,0.0,0.0,0.07620484,0.0
0.0,1.0,0.36764705,0.0,1.6426413e-05,0.0,0.0,0.0,0.0,0.0030403137,0.0,0.0,0.0,0.0,0.0,0.0,0.0,0.0,0.0,0.0,0.0,0.015269399,0.0147020295,0.5303327,0.0,0.0,0.0,0.0,1.0,0.0,0.0,0.78452384,1.0,1.0,0.09749205,0.0,0.0040255934,0.0,0.0,0.08614254,0.0
0.0,0.0,0.029411765,0.1,0.0,0.0,0.0,0.0,0.0,0.0,0.0,0.0,0.0,0.0,0.0,0.0,0.0,0.0,0.0,0.0,0.0,0.0,0.023520447,0.021526419,1.0,1.0,0.0,0.0,0.08,0.07,0.0,0.77284753,1.0,1.0,0.08694091,0.0,0.0,0.0,0.0,0.087834835,0.0
0.0,0.0,0.20588236,0.1,0.0,0.0,0.0,0.0,0.0,0.0,0.0,0.0,0.0,0.0,0.0,0.0,0.0,0.0,0.0,0.0,0.0,0.0,0.023566142,0.021526419,1.0,1.0,0.0,0.0,0.08,0.05,0.0,0.7716248,1.0,1.0,0.08656552,0.0,0.0,0.0,0.0,0.087489575,0.0
0.0,0.0,0.029411765,0.2,0.0,0.0,0.0,0.0,0.0,0.0,0.0,0.0,0.0,0.0,0.0,0.0,0.0,0.0,0.0,0.0,0.0,0.0009290278,0.01699344,0.009784736,0.0,0.0,1.0,1.0,0.02,0.07,0.0,0.7691715,1.0,1.0,0.091483645,0.0,0.0020182133,0.0,0.0,0.07911283,0.0
0.12717664,0.0,0.13235295,0.0,0.0,3.2691223e-05,0.0,0.0,0.0,0.0,0.0,0.0,0.0,0.0,0.0,0.0,0.0,0.0,0.0,0.0,0.0,0.0017080307,0.017749935,0.0019569471,0.0,0.0,0.0,0.0,1.0,0.0,0.0,0.76709807,1.0,1.0,0.08957463,0.0,0.0037326366,0.0,0.0,0.08165744,0.0
0.0,0.0,0.029411765,0.1,0.0,0.0,0.0,0.0,0.0,0.0,0.0,0.0,0.0,0.0,0.0,0.0,0.0,0.0,0.0,0.0,0.0,0.0,0.02332732,0.007827789,1.0,1.0,0.0,0.0,0.02,0.07,0.0,0.7746519,1.0,1.0,0.08773156,0.0,0.0,0.0,0.0,0.08884248,0.0
0.0,0.0,0.3382353,0.2,0.0,0.0,0.0,0.0,0.0,0.0,0.0,0.0,0.0,0.0,0.0,0.0,0.0,0.0,0.0,0.0,0.0,0.0,0.017223693,0.007827789,0.0,0.0,1.0,1.0,0.03,0.06,0.0,0.7633871,1.0,1.0,0.08963507,0.0,0.0027392358,0.0,0.0,0.07685533,0.0
0.14147103,0.0,0.13235295,0.0,0.0,1.1144735e-05,0.0,0.0,0.0,0.0,0.0,0.0,0.0,0.0,0.0,0.0,0.0,0.0,0.0,0.0,0.0,0.0,0.019074462,0.0019569471,0.0,0.0,0.0,0.0,1.0,0.0,0.0,0.7425542,1.0,1.0,0.0821492,0.0,0.0018271357,0.0,0.0,0.07728639,0.0
0.0,0.0,0.38235295,0.1,0.0,0.0,0.0,0.0,0.0,0.0,0.0,0.0,0.0,0.0,0.0,0.0,0.0,0.0,0.0,0.0,0.0,0.0,0.023466893,0.015655577,1.0,1.0,0.0,0.0,0.05,0.09,0.0,0.7746514,1.0,1.0,0.0874925,0.0,0.0,0.0,0.0,0.088421434,0.0
0.0,0.0,0.029411765,0.2,0.0,0.0,0.0,0.0,0.0,0.0,0.0,0.0,0.0,0.0,0.0,0.0,0.0,0.0,0.0,0.0,0.0,0.0,0.017041892,0.029354207,0.0,0.0,1.0,1.0,0.13,0.06,0.0,0.7658386,1.0,1.0,0.09039069,0.0,0.0031487346,0.0,0.0,0.076639146,0.0
0.0,0.0,0.3382353,0.1,0.0,0.0,0.0,0.0,0.0,0.0,0.0,0.0,0.0,0.0,0.0,0.0,0.0,0.0,0.0,0.0,0.0,0.0,0.023262247,0.02739726,1.0,1.0,0.0,0.0,0.07,0.08,0.0,0.7782849,1.0,1.0,0.08867516,0.0,0.0,0.0,0.0,0.08938098,0.0
0.0,1.0,0.36764705,0.0,1.6426413e-05,0.0,0.0,0.0,0.0,0.0,0.0,0.0,0.0,0.0,0.0,0.0,0.0,0.0,0.0,0.0,0.0,0.011793643,0.014259465,0.17025441,0.0,0.0,0.0,0.0,1.0,0.0,0.0,0.77733004,1.0,1.0,0.09598031,0.0,0.0048008114,0.0,0.0,0.082644016,0.0
0.14063935,0.0,0.13235295,0.8,1.5917067e-08,1.1144735e-05,0.0,0.0,0.0,0.0,0.0,0.0,0.0,0.0,0.0,0.0,0.0,0.0,0.0,0.0,0.0,0.0,0.01848545,0.0019569471,1.0,1.0,0.0,0.0,1.0,0.0,0.0,0.7617327,1.0,1.0,0.08791455,0.0,0.00081020594,0.0,0.0,0.082279295,0.0
0.015645847,0.0,0.04411765,0.3,0.0009923336,0.0,0.0,0.0,0.0,0.028788447,0.0,0.0,0.0,0.0,0.0,0.0,0.0020716116,0.010827869,0.0,0.0,0.0,0.04879263,0.009406991,0.099804305,0.0,0.0,1.0,1.0,1.0,0.0,0.0,0.8357533,1.0,1.0,0.11521473,0.0,0.009399116,0.0,0.0,0.07908547,0.0
0.0,0.0,0.029411765,0.2,0.0,0.0,0.0,0.0,0.0,0.0,0.0,0.0,0.0,0.0,0.0,0.0,0.0,0.0,0.0,0.0,0.0,0.0051712394,0.016609773,0.0332681,0.0,0.0,1.0,1.0,0.06,0.05,0.0,0.776438,1.0,1.0,0.09378376,0.0,0.0018882304,0.0,0.0,0.08058977,0.0
0.01632158,0.0,0.04411765,0.3,0.00027192716,0.0,0.0,0.0,0.0,0.0010520518,0.0,0.0,0.0,0.0,0.0,0.0,0.0,0.0,0.0,0.0,0.0,0.01786697,0.010335878,0.08023483,0.02,0.02,0.95,0.95,1.0,0.0,0.0,0.78246033,1.0,1.0,0.1002967,0.0,0.009646058,0.0,0.0,0.06954092,0.0
0.0,0.0,0.14705883,0.1,0.0,0.0,0.0,0.0,0.0,0.0,0.0,0.0,0.0,0.0,0.0,0.0,0.0,0.0,0.0,0.0,0.0,0.0,0.0232699,0.019569471,1.0,1.0,0.0,0.0,0.05,0.06,0.0,0.7768905,1.0,1.0,0.08834138,0.0,0.0,0.0,0.0,0.089203954,0.0
0.0,0.0,0.029411765,0.1,0.0,0.0,0.0,0.0,0.0,0.0,0.0,0.0,0.0,0.0,0.0,0.0,0.0,0.0,0.0,0.0,0.0,0.0,0.02352307,0.0332681,1.0,1.0,0.0,0.0,0.16,0.07,0.0,0.7745229,1.0,1.0,0.08732354,0.0,0.0,0.0,0.0,0.08788833,0.0
0.0,0.0,0.04411765,0.0,0.0008681168,0.0061771553,0.0,0.0,0.0,0.0,0.0,0.0,0.0,0.0,0.0,0.0,0.0,0.0,0.0,0.0,0.0,0.0,0.011169136,0.007827789,0.0,0.0,0.0,0.0,1.0,0.0,0.0,0.74952877,1.0,1.0,0.09081491,0.0,0.009777039,0.0,0.0,0.06403655,0.0
1.7326518e-05,0.0,0.22058824,0.0,4.1368454e-05,0.00021769383,0.0,0.0,0.0,0.0,0.0,0.0,0.0,0.0,0.0,0.0,0.0,0.0,0.0,0.0,0.0,0.004233867,0.011169352,0.0039138943,0.0,0.0,0.0,0.0,1.0,0.0,0.0,0.75935936,1.0,1.0,0.093378805,0.0,0.0094061345,0.0,0.0,0.06741437,0.0
0.0,0.0,0.029411765,0.1,0.0,0.0,0.0,0.0,0.0,0.0,0.0,0.0,0.0,0.0,0.0,0.0,0.0,0.0,0.0,0.0,0.0,0.0,0.023580447,0.025440313,1.0,1.0,0.0,0.0,0.12,0.06,0.0,0.77220154,1.0,1.0,0.08667714,0.0,0.0,0.0,0.0,0.087482154,0.0
0.0,0.0,0.029411765,0.2,0.0,0.0,0.0,0.0,0.0,0.0,0.0,0.0,0.0,0.0,0.0,0.0,0.0,0.0,0.0,0.0,0.0,0.0,0.017078124,0.0039138943,0.0,0.0,1.0,1.0,0.01,0.07,0.0,0.7665552,1.0,1.0,0.09071534,0.0,0.0020665973,0.0,0.0,0.07847023,0.0
0.0,1.0,0.36764705,0.0,1.6426413e-05,0.0,0.0,0.0,0.0,0.0,0.0,0.0,0.0,0.0,0.0,0.0,0.0,0.0,0.0,0.0,0.0,0.012435883,0.014341235,0.23679061,0.0,0.0,0.0,0.0,1.0,0.0,0.0,0.7786592,1.0,1.0,0.096259646,0.0,0.004657522,0.0,0.0,0.08329055,0.0
0.0,0.0,0.029411765,0.2,0.0,0.0,0.0,0.0,0.0,0.0,0.0,0.0,0.0,0.0,0.0,0.0,0.0,0.0,0.0,0.0,0.0,0.00026655197,0.017089821,0.0058708414,0.0,0.0,1.0,1.0,0.01,0.08,0.0,0.76794016,1.0,1.0,0.09104674,0.0,0.0021115243,0.0,0.0,0.07882118,0.0
0.0,0.0,0.13235295,0.5,0.0,0.0,0.0,0.0,0.0,0.0,0.0,0.0,0.0,0.0,0.0,0.0,0.0,0.0,0.0,0.0,0.0,0.0012510717,0.01695723,0.031311154,0.0,0.0,1.0,1.0,0.11,0.06,0.0,0.76839745,1.0,1.0,0.0911757,0.0,0.0029068738,0.0,0.0,0.07756996,0.0
0.0,0.0,0.029411765,0.2,0.0,0.0,0.0,0.0,0.0,0.0,0.0,0.0,0.0,0.0,0.0,0.0,0.0,0.0,0.0,0.0,0.0,0.0043964386,0.016655408,0.031311154,0.0,0.0,1.0,1.0,0.06,0.06,0.0,0.7750857,1.0,1.0,0.09338113,0.0,0.0019132644,0.0,0.0,0.080320776,0.0
0.0,1.0,0.36764705,0.0,1.6426413e-05,0.0,0.0,0.0,0.0,0.0,0.0,0.0,0.0,0.0,0.0,0.0,0.0,0.0,0.0,0.0,0.0,0.010758042,0.0139526725,0.009784736,0.0,0.0,0.0,0.0,1.0,0.0,0.0,0.77500653,1.0,1.0,0.09564201,0.0,0.0051515996,0.0,0.0,0.08112472,0.0
0.0,0.0,0.04411765,0.0,0.0008681168,0.0061771553,0.0,0.0,0.0,0.0,0.0,0.0,0.0,0.0,0.0,0.0,0.0,0.0,0.0,0.0,0.0,0.009781063,0.010620341,0.009784736,0.0,0.0,0.0,0.0,1.0,0.0,0.0,0.7685255,1.0,1.0,0.09635358,0.0,0.00976871,0.0,0.0,0.066791505,0.0
0.12608507,0.0,0.13235295,0.0,0.0,3.2691223e-05,0.0,0.0,0.0,0.0,0.0,0.0,0.0,0.0,0.0,0.0,0.0,0.0,0.0,0.0,0.0,0.0,0.017809786,0.0019569471,0.0,0.0,0.0,0.0,1.0,0.0,0.0,0.7428589,1.0,1.0,0.08314986,0.0,0.004153982,0.0,0.0,0.07566744,0.0
0.12728061,0.0,0.13235295,0.0,0.0,3.2691223e-05,0.0,0.0,0.0,0.016877055,0.0,0.0,0.0,0.0,0.0,0.0,0.0,0.0,0.0,0.0,0.0,0.026699215,0.018118754,0.0019569471,0.0,0.0,0.0,0.0,1.0,0.0,0.0,0.81366575,1.0,1.0,0.10166743,0.0,0.0016214252,0.0,0.0,0.09394261,0.0
0.0,0.0,0.029411765,0.1,0.0,0.0,0.0,0.0,0.0,0.0,0.0,0.0,0.0,0.0,0.0,0.0,0.0,0.0,0.0,0.0,0.0,0.0,0.023493424,0.0332681,1.0,1.0,0.0,0.0,0.15,0.06,0.0,0.7749257,1.0,1.0,0.08746945,0.0,0.0,0.0,0.0,0.08803353,0.0
0.0,0.0,0.029411765,0.1,0.0,0.0,0.0,0.0,0.0,0.0,0.0,0.0,0.0,0.0,0.0,0.0,0.0,0.0,0.0,0.0,0.0,0.0,0.023658253,0.0019569471,1.0,1.0,0.0,0.0,0.01,0.11,0.0,0.769781,1.0,1.0,0.08602337,0.0,0.0,0.0,0.0,0.087319255,0.0
0.0,0.0,0.029411765,0.1,0.0,0.0,0.0,0.0,0.0,0.0,0.0,0.0,0.0,0.0,0.0,0.0,0.0,0.0,0.0,0.0,0.0,0.0,0.023661189,0.0019569471,1.0,1.0,0.0,0.0,0.01,0.1,0.0,0.7697407,1.0,1.0,0.08600878,0.0,0.0,0.0,0.0,0.08730483,0.0
0.0,0.0,0.029411765,0.1,0.0,0.0,0.0,0.0,0.0,0.0,0.0,0.0,0.0,0.0,0.0,0.0,0.0,0.0,0.0,0.0,0.0,0.0,0.023402236,0.021526419,1.0,1.0,0.0,0.0,0.07,0.09,0.0,0.7756555,1.0,1.0,0.087823175,0.0,0.0,0.0,0.0,0.08865601,0.0
0.0,0.0,0.029411765,0.1,0.0,0.0,0.0,0.0,0.0,0.0,0.0,0.0,0.0,0.0,0.0,0.0,0.0,0.0,0.0,0.0,0.0,0.0,0.023699969,0.0039138943,1.0,1.0,0.0,0.0,0.02,0.07,0.0,0.768221,1.0,1.0,0.08556675,0.0,0.0,0.0,0.0,0.08683556,0.0
0.0,0.0,0.25,0.5,0.0,0.0,0.0,0.0,0.0,0.0,0.0,0.0,0.0,0.0,0.0,0.0,0.0,0.0,0.0,0.0,0.0,0.0,0.017297171,0.009784736,0.0,0.0,1.0,1.0,0.05,0.08,0.0,0.76147544,1.0,1.0,0.08901244,0.0,0.0030492991,0.0,0.0,0.07604444,0.0
0.0,0.0,0.13235295,0.8,0.0,3.2691223e-05,0.0,0.0,0.0,0.025249183,0.0,0.0,0.0,0.0,0.0,0.0,0.0,0.0,0.0,0.0,0.0,0.032990545,0.018942297,0.0019569471,0.5,1.0,0.5,0.0,0.5,1.0,0.0,0.8302126,1.0,1.0,0.10563772,0.0,0.0,0.0,0.0,0.09775597,0.0
0.0,0.0,0.14705883,0.5,0.0,0.0,0.0,0.0,0.0,0.0,0.0,0.0,0.0,0.0,0.0,0.0,0.0,0.0,0.0,0.0,0.0,0.0051975846,0.016587667,0.037181996,0.0,0.0,1.0,1.0,0.07,0.06,0.0,0.77636206,1.0,1.0,0.09377416,0.0,0.0019516945,0.0,0.0,0.080509156,0.0
0.0,0.0,0.45588234,0.2,0.0,0.0,0.0,0.0,0.0,0.0,0.0,0.0,0.0,0.0,0.0,0.0,0.0,0.0,0.0,0.0,0.0,0.0,0.017231628,0.015655577,0.0,0.0,1.0,1.0,0.08,0.08,0.0,0.7627044,1.0,1.0,0.089389764,0.0,0.0030947477,0.0,0.0,0.07621333,0.0
0.0,0.0,0.3970588,0.1,0.0,0.0,0.0,0.0,0.0,0.0,0.0,0.0,0.0,0.0,0.0,0.0,0.0,0.0,0.0,0.0,0.0,0.0,0.023292184,0.0039138943,1.0,1.0,0.0,0.0,0.01,0.06,0.0,0.7743571,1.0,1.0,0.087722056,0.0,0.0,0.0,0.0,0.0889515,0.0
0.0,0.0,0.029411765,0.1,0.0,0.0,0.0,0.0,0.0,0.0,0.0,0.0,0.0,0.0,0.0,0.0,0.0,0.0,0.0,0.0,0.0,0.0,0.023288697,0.007827789,1.0,1.0,0.0,0.0,0.02,0.06,0.0,0.77517545,1.0,1.0,0.087921284,0.0,0.0,0.0,0.0,0.08903119,0.0
0.0,0.0,0.13235295,0.8,0.0,3.2691223e-05,0.0,0.0,0.0,0.0,0.0,0.0,0.0,0.0,0.0,0.0,0.0,0.0,0.0,0.0,0.0,0.0,0.020573683,0.0019569471,1.0,1.0,0.0,0.0,1.0,0.0,0.0,0.726123,1.0,1.0,0.076386176,0.0,0.0022238344,0.0,0.0,0.07560578,0.0
0.0,0.0,0.029411765,0.1,0.0,0.0,0.0,0.0,0.0,0.0,0.0,0.0,0.0,0.0,0.0,0.0,0.0,0.0,0.0,0.0,0.0,0.0,0.023787268,0.007827789,1.0,1.0,0.0,0.0,0.09,0.18,0.0,0.7714225,1.0,1.0,0.08622419,0.0,0.0,0.0,0.0,0.087201595,0.0
0.0,0.0,0.11764706,0.2,0.0,0.0,0.0,0.0,0.0,0.0,0.0,0.0,0.0,0.0,0.0,0.0,0.0,0.0,0.0,0.0,0.0,0.0026827455,0.01680091,0.02739726,0.0,0.0,1.0,1.0,0.06,0.07,0.0,0.771803,1.0,1.0,0.09233422,0.0,0.0021990538,0.0,0.0,0.07928246,0.0
0.14091657,0.0,0.13235295,0.8,1.5917067e-08,1.1144735e-05,0.0,0.0,0.0,0.0,0.0,0.0,0.0,0.0,0.0,0.0,0.0,0.0,0.0,0.0,0.0,0.0,0.018807173,0.0019569471,1.0,1.0,0.0,0.0,1.0,0.0,0.0,0.7531612,1.0,1.0,0.08528962,0.0,0.001207158,0.0,0.0,0.08013943,0.0
0.0,0.0,0.19117647,0.2,0.0,0.0,0.0,0.0,0.0,0.0,0.0,0.0,0.0,0.0,0.0,0.0,0.0,0.0,0.0,0.0,0.0,0.00039836764,0.01708699,0.0039138943,0.0,0.0,1.0,1.0,0.01,0.07,0.0,0.76828635,1.0,1.0,0.0911532,0.0,0.0020339638,0.0,0.0,0.078988284,0.0
0.0,0.0,0.029411765,0.1,0.0,0.0,0.0,0.0,0.0,0.0,0.0,0.0,0.0,0.0,0.0,0.0,0.0,0.0,0.0,0.0,0.0,0.0,0.023023844,0.031311154,1.0,1.0,0.0,0.0,0.06,0.06,0.0,0.78108776,1.0,1.0,0.08972817,0.0,0.0,0.0,0.0,0.09036666,0.0
0.0,1.0,0.36764705,0.0,1.6426413e-05,0.0,0.0,0.0,0.0,0.0,0.0,0.0,0.0,0.0,0.0,0.0,0.0,0.0,0.0,0.0,0.0,0.0,0.020679124,0.9960861,0.0,0.0,0.0,0.0,1.0,0.0,0.0,0.71066165,1.0,1.0,0.07283614,0.0,0.0023684949,0.0,0.0,0.06845942,0.0
0.0,0.0,0.04411765,0.0,0.0008681168,0.0061771553,0.0,0.0,0.0,0.0,0.0,0.0,0.0,0.0,0.0,0.0,0.0,0.0,0.0,0.0,0.0,0.0076176226,0.010686427,0.0058708414,0.0,0.0,0.0,0.0,1.0,0.0,0.0,0.76479435,1.0,1.0,0.09530776,0.0,0.009791657,0.0,0.0,0.06610125,0.0
0.0,0.0,0.20588236,0.2,0.0,0.0,0.0,0.0,0.0,0.0,0.0,0.0,0.0,0.0,0.0,0.0,0.0,0.0,0.0,0.0,0.0,0.0010037124,0.016990654,0.029354207,0.0,0.0,1.0,1.0,0.11,0.07,0.0,0.76793754,1.0,1.0,0.091016315,0.0,0.0029491931,0.0,0.0,0.07740545,0.0
0.0,0.0,0.13235295,0.1,0.0,0.0,0.0,0.0,0.0,0.0,0.0,0.0,0.0,0.0,0.0,0.0,0.0,0.0,0.0,0.0,0.0,0.0,0.02328135,0.029354207,1.0,1.0,0.0,0.0,0.09,0.08,0.0,0.77944124,1.0,1.0,0.08893254,0.0,0.0,0.0,0.0,0.08949447,0.0
1.7326518e-05,0.0,0.22058824,0.0,4.1368454e-05,0.00021769383,0.0,0.0,0.0,0.0,0.0,0.0,0.0,0.0,0.0,0.0,0.0,0.0,0.0,0.0,0.0,0.0,0.013820253,0.0039138943,0.0,0.0,0.0,0.0,1.0,0.0,0.0,0.7503431,1.0,1.0,0.08871927,0.0,0.006823227,0.0,0.0,0.072381586,0.0
0.0,0.0,0.029411765,0.2,0.0,0.0,0.0,0.0,0.0,0.0,0.0,0.0,0.0,0.0,0.0,0.0,0.0,0.0,0.0,0.0,0.0,0.0012636781,0.016961321,0.009784736,0.0,0.0,1.0,1.0,0.02,0.07,0.0,0.76988304,1.0,1.0,0.09171828,0.0,0.0019125342,0.0,0.0,0.0794054,0.0
0.0,0.0,0.029411765,0.2,0.0,0.0,0.0,0.0,0.0,0.0,0.0,0.0,0.0,0.0,0.0,0.0,0.0,0.0,0.0,0.0,0.0,0.0,0.017211571,0.009784736,0.0,0.0,1.0,1.0,0.03,0.06,0.0,0.7633728,1.0,1.0,0.08963805,0.0,0.0027674586,0.0,0.0,0.076824754,0.0
1.7326518e-05,0.0,0.22058824,0.0,4.1368454e-05,0.00021769383,0.0,0.0,0.0,0.0,0.0,0.0,0.0,0.0,0.0,0.0,0.0,0.0,0.0,0.0,0.0,0.0045345426,0.011098087,0.0039138943,0.0,0.0,0.0,0.0,1.0,0.0,0.0,0.7598338,1.0,1.0,0.09357766,0.0,0.009466127,0.0,0.0,0.067120105,0.0
0.0,0.0,0.029411765,0.2,0.0,0.0,0.0,0.0,0.0,0.0,0.0,0.0,0.0,0.0,0.0,0.0,0.0,0.0,0.0,0.0,0.0,0.0,0.020471998,0.0332681,0.0,0.0,1.0,1.0,0.13,0.05,0.0,0.72909796,1.0,1.0,0.077389844,0.0,0.0031947643,0.0,0.0,0.070136726,0.0
0.0,0.0,0.029411765,0.1,0.0,0.0,0.0,0.0,0.0,0.0,0.0,0.0,0.0,0.0,0.0,0.0,0.0,0.0,0.0,0.0,0.0,0.0,0.023155384,0.019569471,1.0,1.0,0.0,0.0,0.04,0.06,0.0,0.7778424,1.0,1.0,0.08875369,0.0,0.0,0.0,0.0,0.089642406,0.0
0.14076063,0.0,0.13235295,0.0,0.0,1.1144735e-05,0.0,0.0,0.0,0.0,0.0,0.0,0.0,0.0,0.0,0.0,0.0,0.0,0.0,0.0,0.0,0.0,0.021247566,0.0019569471,0.0,0.0,0.0,0.0,1.0,0.0,0.0,0.73619914,1.0,1.0,0.07870167,0.0,0.00056387484,0.0,0.0,0.07831216,0.0
0.0,0.0,0.0,0.2,0.0,0.0,0.0,0.0,0.0,0.004292071,0.0,0.0,0.0,0.0,0.0,0.0,0.0,0.0,0.0,0.0,0.0,0.015463293,0.016088925,0.009784736,0.0,0.0,1.0,1.0,0.19,0.15,0.0,0.79058933,1.0,1.0,0.097615354,0.0,0.0040049106,0.0,0.0,0.080491394,0.0
0.0,0.0,0.0,0.1,0.0,0.0,0.0,0.0,0.0,0.004019201,0.0,0.0,0.0,0.0,0.0,0.0,0.0,0.0,0.0,0.0,0.0,0.00719136,0.02279067,0.0332681,1.0,1.0,0.0,0.0,0.23,0.05,0.0,0.7922808,1.0,1.0,0.092530124,0.0,0.0,0.0,0.0,0.09114352,0.0
0.0,0.0,0.029411765,0.2,0.0,0.0,0.0,0.0,0.0,0.0,0.0,0.0,0.0,0.0,0.0,0.0,0.0,0.0,0.0,0.0,0.0,0.0016852319,0.016855948,0.02739726,0.0,0.0,1.0,1.0,0.06,0.06,0.0,0.76994765,1.0,1.0,0.091776185,0.0,0.0023117363,0.0,0.0,0.078784436,0.0
0.0,0.0,0.029411765,0.2,0.0,0.0,0.0,0.0,0.0,0.0,0.0,0.0,0.0,0.0,0.0,0.0,0.0,0.0,0.0,0.0,0.0,0.0,0.017278,0.009784736,0.0,0.0,1.0,1.0,0.04,0.07,0.0,0.76190233,1.0,1.0,0.08915313,0.0,0.00298585,0.0,0.0,0.076220006,0.0
0.0,0.0,0.29411766,0.2,0.0,0.0,0.0,0.0,0.0,0.0,0.0,0.0,0.0,0.0,0.0,0.0,0.0,0.0,0.0,0.0,0.0,0.0,0.017205037,0.0019569471,0.0,0.0,1.0,1.0,0.01,0.07,0.0,0.76340044,1.0,1.0,0.089718364,0.0,0.0023595244,0.0,0.0,0.07745981,0.0
0.12769644,0.0,0.13235295,0.0,0.0,3.2691223e-05,0.0,0.0,0.0,0.0,0.0,0.0,0.0,0.0,0.0,0.0,0.0,0.0,0.0,0.0,0.0,0.0,0.018118158,0.0019569471,0.0,0.0,0.0,0.0,1.0,0.0,0.0,0.7354531,1.0,1.0,0.08086798,0.0,0.004202068,0.0,0.0,0.07514405,0.0
0.0,0.0,0.029411765,0.2,0.0,0.0,0.0,0.0,0.0,0.0,0.0,0.0,0.0,0.0,0.0,0.0,0.0,0.0,0.0,0.0,0.0,0.0015179813,0.016870588,0.025440313,0.0,0.0,1.0,1.0,0.06,0.05,0.0,0.76957595,1.0,1.0,0.091658704,0.0,0.0023915768,0.0,0.0,0.07848814,0.0
0.0,0.0,0.13235295,0.5,0.0,0.0,0.0,0.0,0.0,0.0,0.0,0.0,0.0,0.0,0.0,0.0,0.0,0.0,0.0,0.0,0.0,0.0028436184,0.01682809,0.021526419,0.0,0.0,1.0,1.0,0.04,0.07,0.0,0.77238834,1.0,1.0,0.09248861,0.0,0.001996383,0.0,0.0,0.0797627,0.0
0.0,0.0,0.029411765,0.2,0.0,0.0,0.0,0.0,0.0,0.0,0.0,0.0,0.0,0.0,0.0,0.0,0.0,0.0,0.0,0.0,0.0,0.0,0.01710976,0.023483366,0.0,0.0,1.0,1.0,0.11,0.06,0.0,0.7655226,1.0,1.0,0.09024792,0.0,0.0030798763,0.0,0.0,0.07674882,0.0
0.0,1.0,0.36764705,0.0,1.6044403e-05,0.0,0.0,0.0,0.0,0.0045491755,0.0,0.0,0.0,0.0,0.0,0.0,0.0,0.0,0.0,0.0,0.0,0.016513765,0.01484292,0.6614481,0.0,0.0,0.0,0.0,1.0,0.0,0.0,0.7873595,1.0,1.0,0.098150305,0.0,0.0036494136,0.0,0.0,0.08723837,0.0
0.0,1.0,0.36764705,0.0,8.276875e-06,0.0,0.0,0.0,0.0,0.0056126714,0.0,0.0,0.0,0.0,0.0,0.0,0.0,0.0,0.0,0.0,0.0,0.01733762,0.014926292,0.74951077,0.0,0.0,0.0,0.0,1.0,0.0,0.0,0.7893847,1.0,1.0,0.098652564,0.0,0.0033443123,0.0,0.0,0.08787498,0.0
0.0,1.0,0.36764705,0.0,1.6426413e-05,0.0,0.0,0.0,0.0,0.00053194165,0.0,0.0,0.0,0.0,0.0,0.0,0.0,0.0,0.0,0.0,0.0,0.013076246,0.014344797,0.26223093,0.0,0.0,0.0,0.0,1.0,0.0,0.0,0.77988493,1.0,1.0,0.096584015,0.0,0.004572034,0.0,0.0,0.083720505,0.0
0.0,1.0,0.36764705,0.0,1.6426413e-05,0.0,0.0,0.0,0.0,0.0,0.0,0.0,0.0,0.0,0.0,0.0,0.0,0.0,0.0,0.0,0.0,0.0,0.025091954,0.9960861,0.0,0.0,0.0,0.0,1.0,0.0,0.0,0.6847298,0.98177767,1.0,0.061370604,0.0,0.0032658726,0.0,0.0,0.06426668,0.0
0.14103785,0.0,0.13235295,0.0,0.0,1.1144735e-05,0.0,0.0,0.0,0.0,0.0,0.0,0.0,0.0,0.0,0.0,0.0,0.0,0.0,0.0,0.0,0.0,0.034634776,0.0019569471,0.0,0.0,0.0,0.0,1.0,0.0,0.0,0.6370493,0.91995925,1.0,0.037156917,0.0,0.009356871,0.0,0.0,0.060975462,0.0
0.0,1.0,0.36764705,0.0,8.276875e-06,0.0,0.0,0.0,0.0,0.0,0.0,0.0,0.0,0.0,0.0,0.0,0.0,0.0,0.0,0.0,0.0,0.0,0.021255746,1.0,0.0,0.0,0.0,0.0,1.0,0.0,0.0,0.70119023,1.0,1.0,0.0698015,0.0,0.0024828464,0.0,0.0,0.06619725,0.0
0.0,0.0,0.029411765,0.2,0.0,0.0,0.0,0.0,0.0,0.0,0.0,0.0,0.0,0.0,0.0,0.0,0.0,0.0,0.0,0.0,0.0,0.0044546425,0.016626686,0.0332681,0.0,0.0,1.0,1.0,0.06,0.06,0.0,0.77509797,1.0,1.0,0.0934084,0.0,0.0019750297,0.0,0.0,0.08013567,0.0
0.0,0.0,0.04411765,0.0,0.0008681168,0.0061771553,0.0,0.0,0.0,0.0,0.0,0.0,0.0,0.0,0.0,0.0,0.0,0.0,0.0,0.0,0.0,0.009734333,0.01062344,0.009784736,0.0,0.0,0.0,0.0,1.0,0.0,0.6,0.7684405,1.0,1.0,0.096327715,0.0,0.00977771,0.0,0.0,0.06674266,0.0
0.0,0.0,0.029411765,0.1,0.0,0.0,0.0,0.0,0.0,0.0,0.0,0.0,0.0,0.0,0.0,0.0,0.0,0.0,0.0,0.0,0.0,0.0,0.022981785,0.0332681,1.0,1.0,0.0,0.0,0.06,0.06,0.0,0.7824712,1.0,1.0,0.09013536,0.0,0.0,0.0,0.0,0.09065741,0.0
0.0,0.0,0.04411765,0.0,0.0008681168,0.0061771553,0.0,0.0,0.0,0.0,0.0,0.0,0.0,0.0,0.0,0.0,0.0,0.0,0.0,0.0,0.0,0.0025702715,0.010864504,0.0039138943,0.0,0.0,0.0,0.0,1.0,0.0,0.0,0.756101,1.0,1.0,0.09284707,0.0,0.00982064,0.0,0.0,0.064640224,0.0
0.0,0.0,0.029411765,0.1,0.0,0.0,0.0,0.0,0.0,0.0,0.0,0.0,0.0,0.0,0.0,0.0,0.0,0.0,0.0,0.0,0.0,0.0,0.02330742,0.023483366,1.0,1.0,0.0,0.0,0.07,0.09,0.0,0.7789608,1.0,1.0,0.08879157,0.0,0.0,0.0,0.0,0.08944857,0.0
0.0,0.0,0.1764706,0.2,0.0,0.0,0.0,0.0,0.0,0.0,0.0,0.0,0.0,0.0,0.0,0.0,0.0,0.0,0.0,0.0,0.0,0.0065997243,0.016533665,0.039138943,0.0,0.0,1.0,1.0,0.07,0.06,0.0,0.7788645,1.0,1.0,0.09448948,0.0,0.0018679947,0.0,0.0,0.08115435,0.0
0.1272113,0.0,0.13235295,0.0,0.0,3.2691223e-05,0.0,0.0,0.0,0.017174572,0.0,0.0,0.0,0.0,0.0,0.0,0.0,0.0,0.0,0.0,0.0,0.027094394,0.018052384,0.0019569471,0.0,0.0,0.0,0.0,1.0,0.0,0.0,0.814201,1.0,1.0,0.10186223,0.0,0.001676485,0.0,0.0,0.09400067,0.0
0.0,0.0,0.029411765,0.2,0.0,0.0,0.0,0.0,0.0,0.0,0.0,0.0,0.0,0.0,0.0,0.0,0.0,0.0,0.0,0.0,0.0,0.011826038,0.019924581,0.031311154,0.0,0.0,1.0,1.0,0.16,0.06,0.0,0.78725195,1.0,1.0,0.09318278,0.0,0.004126653,0.0,0.0,0.07688382,0.0
0.0,0.0,0.029411765,0.2,0.0,0.0,0.0,0.0,0.0,0.0,0.0,0.0,0.0,0.0,0.0,0.0,0.0,0.0,0.0,0.0,0.0,0.0,0.017067641,0.021526419,0.0,0.0,1.0,1.0,0.07,0.05,0.0,0.7661152,1.0,1.0,0.09048661,0.0,0.0028160065,0.0,0.0,0.07727963,0.0
0.0,0.0,0.13235295,0.8,0.0,3.2691223e-05,0.0,0.0,0.0,0.018699288,0.0,0.0,0.0,0.0,0.0,0.0,0.0,0.0,0.0,0.0,0.0,0.025558203,0.019067384,0.0019569471,1.0,1.0,0.0,0.0,1.0,0.0,0.0,0.81762254,1.0,1.0,0.10223197,0.0,0.0,0.0,0.0,0.09519836,0.0
0.0,0.0,0.04411765,0.0,0.0008681168,0.0061771553,0.0,0.0,0.0,0.0,0.0,0.0,0.0,0.0,0.0,0.0,0.0,0.0,0.0,0.0,0.0,0.005074084,0.010736182,0.04109589,0.0,0.0,0.0,0.0,1.0,0.0,0.1,0.760347,1.0,1.0,0.094089784,0.0,0.009849474,0.0,0.0,0.065178216,0.0
0.0,0.0,0.029411765,0.2,0.0,0.0,0.0,0.0,0.0,0.0,0.0,0.0,0.0,0.0,0.0,0.0,0.0,0.0,0.0,0.0,0.0,0.0,0.017205134,0.017612524,0.0,0.0,1.0,1.0,0.09,0.06,0.0,0.7626692,1.0,1.0,0.08940136,0.0,0.0031635016,0.0,0.0,0.07600874,0.0
0.0,0.0,0.029411765,0.1,0.0,0.0,0.0,0.0,0.0,0.0,0.0,0.0,0.0,0.0,0.0,0.0,0.0,0.0,0.0,0.0,0.0,0.0,0.023008965,0.029354207,1.0,1.0,0.0,0.0,0.05,0.06,0.0,0.7813306,1.0,1.0,0.08981945,0.0,0.0,0.0,0.0,0.09046152,0.0
0.0,0.0,0.04411765,0.3,0.0008681168,0.0061771553,0.0,0.0,0.0,0.0,0.0,0.0,0.0,0.0,0.0,0.0,0.0,0.0,0.0,0.0,0.0,0.0091333985,0.010688752,0.019569471,0.0,0.0,0.67,0.2,1.0,0.0,0.3,0.76743865,1.0,1.0,0.09600114,0.0,0.009756565,0.0,0.0,0.066696316,0.0
0.0,0.0,0.7647059,0.2,0.0,0.0,0.0,0.0,0.0,0.0,0.0,0.0,0.0,0.0,0.0,0.0,0.0,0.0,0.0,0.0,0.0,0.0,0.017095469,0.021526419,0.0,0.0,1.0,1.0,0.08,0.06,0.0,0.76549864,1.0,1.0,0.09028327,0.0,0.0029076487,0.0,0.0,0.07702601,0.0
0.0,1.0,0.36764705,0.0,1.6044403e-05,0.0,0.0,0.0,0.0,0.0,0.0,0.0,0.0,0.0,0.0,0.0,0.0,0.0,0.0,0.0,0.0,0.010831058,0.013982177,0.023483366,0.0,0.0,0.0,0.0,1.0,0.0,0.0,0.7751783,1.0,1.0,0.09566078,0.0,0.0051214844,0.0,0.0,0.08125323,0.0
0.0,0.0,0.4117647,0.2,0.0,0.0,0.0,0.0,0.0,0.0,0.0,0.0,0.0,0.0,0.0,0.0,0.0,0.0,0.0,0.0,0.0,4.0709972e-05,0.017059736,0.0058708414,0.0,0.0,1.0,1.0,0.01,0.06,0.0,0.7676438,1.0,1.0,0.091015495,0.0,0.0020432621,0.0,0.0,0.07879621,0.0
0.0,1.0,0.36764705,0.0,1.6044403e-05,0.0,0.0,0.0,0.0,0.0014939904,0.0,0.0,0.0,0.0,0.0,0.0,0.0,0.0,0.0,0.0,0.0,0.013890386,0.014526434,0.38747555,0.0,0.0,0.0,0.0,1.0,0.0,0.0,0.78166974,1.0,1.0,0.09689226,0.0,0.0043331385,0.0,0.0,0.08475456,0.0
0.0,0.0,0.14705883,0.1,0.0,0.0,0.0,0.0,0.0,0.0,0.0,0.0,0.0,0.0,0.0,0.0,0.0,0.0,0.0,0.0,0.0,0.0,0.023313679,0.039138943,1.0,1.0,0.0,0.0,0.13,0.05,0.0,0.7786974,1.0,1.0,0.08866764,0.0,0.0,0.0,0.0,0.08907464,0.0
0.0,0.0,0.04411765,0.1,0.0,0.0,0.0,0.0,0.0,0.018726707,0.0,0.0,0.0,0.0,0.0,0.0,0.0,0.0,0.0,0.0,0.0,0.03378284,0.013933942,0.019569471,1.0,1.0,0.0,0.0,1.0,0.0,0.0,0.81777775,1.0,1.0,0.10647573,0.0,0.0059878826,0.0,0.0,0.08283648,0.0
0.0,0.0,0.029411765,0.1,0.0,0.0,0.0,0.0,0.0,0.0,0.0,0.0,0.0,0.0,0.0,0.0,0.0,0.0,0.0,0.0,0.0,0.0,0.02296631,0.0039138943,0.86,1.0,0.14,0.0,0.01,0.06,0.0,0.7712903,1.0,1.0,0.08718998,0.0,0.0,0.0,0.0,0.08765873,0.0
1.7326518e-05,0.0,0.22058824,0.0,4.1368454e-05,0.00021769383,0.0,0.0,0.0,0.0,0.0,0.0,0.0,0.0,0.0,0.0,0.0,0.0,0.0,0.0,0.0,0.0037888587,0.011926547,0.0039138943,0.0,0.0,0.0,0.0,1.0,0.0,0.0,0.75882316,1.0,1.0,0.09244291,0.0,0.008930534,0.0,0.0,0.070893645,0.0
0.0,0.0,0.029411765,0.2,0.0,0.0,0.0,0.0,0.0,0.0,0.0,0.0,0.0,0.0,0.0,0.0,0.0,0.0,0.0,0.0,0.0,0.0,0.01719001,0.0019569471,0.0,0.0,1.0,1.0,0.0,0.06,0.0,0.76373255,1.0,1.0,0.08982789,0.0,0.002310142,0.0,0.0,0.077596426,0.0
0.0,0.0,0.04411765,0.2,0.0,0.0,0.0,0.0,0.0,0.0,0.0,0.0,0.0,0.0,0.0,0.0,0.0,0.0,0.0,0.0,0.0,0.0,0.01707387,0.007827789,0.0,0.0,1.0,1.0,0.02,0.06,0.0,0.7667074,1.0,1.0,0.09072993,0.0,0.002245918,0.0,0.0,0.07822096,0.0
0.0,0.0,0.04411765,0.1,0.0,0.0,0.0,0.0,0.0,0.04633835,0.0,0.0,0.0,0.0,0.0,0.0,0.0021185353,0.020229876,0.0,0.0,0.0,0.06315902,0.013750911,0.09393346,0.88,0.88,0.1,0.1,1.0,0.0,0.0,0.87024724,1.0,1.0,0.12054653,0.0,0.0045588166,0.0,0.0,0.09557587,0.0
0.0,0.0,0.7941176,0.2,0.0,0.0,0.0,0.0,0.0,0.0,0.0,0.0,0.0,0.0,0.0,0.0,0.0,0.0,0.0,0.0,0.0,0.0015370846,0.016948715,0.03522505,0.0,0.0,1.0,1.0,0.15,0.06,0.0,0.7686446,1.0,1.0,0.09122159,0.0,0.003072098,0.0,0.0,0.077359736,0.0
0.0,0.0,0.029411765,0.2,0.0,0.0,0.0,0.0,0.0,0.0,0.0,0.0,0.0,0.0,0.0,0.0,0.0,0.0,0.0,0.0,0.0,0.0066666603,0.01652731,0.039138943,0.0,0.0,1.0,1.0,0.07,0.06,0.0,0.77900684,1.0,1.0,0.0945364,0.0,0.0018468648,0.0,0.0,0.08121285,0.0
0.0,0.0,0.04411765,0.1,0.0,0.0,0.0,0.0,0.0,0.03153622,0.0,0.0,0.0,0.0,0.0,0.0,0.0009852871,0.010126889,0.0,0.0,0.0,0.048185617,0.013171598,0.064579256,0.39,0.39,0.61,0.61,1.0,0.0,0.0,0.84227955,1.0,1.0,0.11366328,0.0,0.0060112327,0.0,0.0,0.08661631,0.0
0.0,0.0,0.029411765,0.1,0.0,0.0,0.0,0.0,0.0,0.0,0.0,0.0,0.0,0.0,0.0,0.0,0.0,0.0,0.0,0.0,0.0,0.0,0.023081481,0.0332681,1.0,1.0,0.0,0.0,0.07,0.07,0.0,0.7817205,1.0,1.0,0.08979594,0.0,0.0,0.0,0.0,0.0902915,0.0
0.0,0.0,0.04411765,0.1,0.0,0.0,0.0,0.0,0.0,0.048929214,0.0,0.0,0.0,0.0,0.0,0.0,0.0022982284,0.022028893,0.0,0.0,0.0,0.06577793,0.013883822,0.086105675,1.0,1.0,0.0,0.0,1.0,0.0,0.0,0.87518144,1.0,1.0,0.121731974,0.0,0.0042999834,0.0,0.0,0.09713018,0.0
0.0,0.0,0.029411765,0.2,0.0,0.0,0.0,0.0,0.0,0.0,0.0,0.0,0.0,0.0,0.0,0.0,0.0,0.0,0.0,0.0,0.0,0.0023480952,0.016832963,0.02739726,0.0,0.0,1.0,1.0,0.06,0.05,0.0,0.77109146,1.0,1.0,0.092099644,0.0,0.0023047775,0.0,0.0,0.078989774,0.0
0.1402755,0.0,0.13235295,0.0,0.0,1.1144735e-05,0.0,0.0,0.0,0.0,0.0,0.0,0.0,0.0,0.0,0.0,0.0,0.0,0.0,0.0,0.0,0.0,0.021070778,0.0019569471,0.0,0.0,0.0,0.0,1.0,0.0,0.0,0.73130643,1.0,1.0,0.07752348,0.0,0.0009382516,0.0,0.0,0.07717186,0.0
0.0,0.0,0.04411765,0.0,0.0008681168,0.0061771553,0.0,0.0,0.0,0.0,0.0,0.0,0.0,0.0,0.0,0.0,0.0,0.0,0.0,0.0,0.0,0.005074084,0.010736182,0.019569471,0.0,0.0,0.0,0.0,1.0,0.0,0.3,0.760347,1.0,1.0,0.094089784,0.0,0.009849474,0.0,0.0,0.065178216,0.0
0.127142,0.0,0.13235295,0.0,0.0,3.2691223e-05,0.0,0.0,0.0,0.01617387,0.0,0.0,0.0,0.0,0.0,0.0,0.0,0.0,0.0,0.0,0.0,0.026036948,0.01809641,0.0019569471,0.0,0.0,0.0,0.0,1.0,0.0,0.0,0.81230485,1.0,1.0,0.10131555,0.0,0.0017232746,0.0,0.0,0.09363538,0.0
0.0,0.0,0.7647059,0.1,0.0,0.0,0.0,0.0,0.0,0.0,0.0,0.0,0.0,0.0,0.0,0.0,0.0,0.0,0.0,0.0,0.0,0.0,0.023323812,0.01369863,1.0,1.0,0.0,0.0,0.03,0.06,0.0,0.7754288,1.0,1.0,0.08791246,0.0,0.0,0.0,0.0,0.08889985,0.0
0.0,0.0,0.04411765,0.1,0.0,0.0,0.0,0.0,0.0,0.05708611,0.0,0.0,0.0,0.0,0.0,0.0,0.002119869,0.02446869,0.0,0.0,0.0,0.071060926,0.016767576,0.18590999,1.0,1.0,0.0,0.0,1.0,0.0,0.0,0.89086056,1.0,1.0,0.12340609,0.0,0.000824213,0.0,0.0,0.10777557,0.0
0.0,0.0,0.029411765,0.2,0.0,0.0,0.0,0.0,0.0,0.0,0.0,0.0,0.0,0.0,0.0,0.0,0.0,0.0,0.0,0.0,0.0,0.0012423098,0.016934931,0.0332681,0.0,0.0,1.0,1.0,0.12,0.06,0.0,0.76826763,1.0,1.0,0.09115606,0.0,0.0029897392,0.0,0.0,0.07732642,0.0
0.0,0.0,0.029411765,0.1,0.0,0.0,0.0,0.0,0.0,0.0,0.0,0.0,0.0,0.0,0.0,0.0,0.0,0.0,0.0,0.0,0.0,0.0,0.023552544,0.025440313,1.0,1.0,0.0,0.0,0.11,0.07,0.0,0.77318263,1.0,1.0,0.08696508,0.0,0.0,0.0,0.0,0.08774033,0.0
0.0,0.0,0.029411765,0.2,0.0,0.0,0.0,0.0,0.0,0.0,0.0,0.0,0.0,0.0,0.0,0.0,0.0,0.0,0.0,0.0,0.0,0.0050637126,0.016600542,0.037181996,0.0,0.0,1.0,1.0,0.07,0.05,0.0,0.7760775,1.0,1.0,0.0936803,0.0,0.0019939393,0.0,0.0,0.08039218,0.0
0.0,0.0,0.029411765,0.2,0.0,0.0,0.0,0.0,0.0,0.0,0.0,0.0,0.0,0.0,0.0,0.0,0.0,0.0,0.0,0.0,0.0,0.0026767552,0.016830161,0.029354207,0.0,0.0,1.0,1.0,0.07,0.06,0.0,0.771495,1.0,1.0,0.092189394,0.0,0.0024207085,0.0,0.0,0.07886857,0.0
0.013722602,0.0,0.04411765,0.3,0.0011623278,0.0,0.0,0.0,0.0,0.04064399,0.0,0.0,0.0,0.0,0.0,0.0,0.003315784,0.021136463,0.0,0.0,0.0,0.062078238,0.009138085,0.03522505,0.0,0.0,1.0,1.0,1.0,0.0,0.0,0.8587358,1.0,1.0,0.12151242,0.0,0.009339169,0.0,0.0,0.0830138,0.0
0.0,0.0,0.19117647,0.1,0.0,0.0,0.0,0.0,0.0,0.0,0.0,0.0,0.0,0.0,0.0,0.0,0.0,0.0,0.0,0.0,0.0,0.0,0.023113087,0.01369863,1.0,1.0,0.0,0.0,0.02,0.06,0.0,0.77828825,1.0,1.0,0.0889483,0.0,0.0,0.0,0.0,0.089930266,0.0
0.0,0.0,0.029411765,0.1,0.0,0.0,0.0,0.0,0.0,0.0,0.0,0.0,0.0,0.0,0.0,0.0,0.0,0.0,0.0,0.0,0.0,0.0,0.023453638,0.0332681,1.0,1.0,0.0,0.0,0.14,0.07,0.0,0.77606785,1.0,1.0,0.087815724,0.0,0.0,0.0,0.0,0.08834973,0.0
0.0,0.0,0.44117647,0.2,0.0,0.0,0.0,0.0,0.0,0.0,0.0,0.0,0.0,0.0,0.0,0.0,0.0,0.0,0.0,0.0,0.0,0.00093203783,0.016954973,0.03522505,0.0,0.0,1.0,1.0,0.15,0.06,0.0,0.7675419,1.0,1.0,0.090924464,0.0,0.003123656,0.0,0.0,0.07700318,0.0
0.015715152,0.0,0.04411765,0.3,0.00096909463,0.0,0.0,0.0,0.0,0.03106141,0.0,0.0,0.0,0.0,0.0,0.0,0.0023120865,0.0130675435,0.0,0.0,0.0,0.051452726,0.0093470365,0.056751467,0.0,0.0,1.0,1.0,1.0,0.0,0.0,0.8402872,1.0,1.0,0.116459794,0.0,0.009477228,0.0,0.0,0.079509795,0.0
0.0,0.0,0.029411765,0.2,0.0,0.0,0.0,0.0,0.0,0.0,0.0,0.0,0.0,0.0,0.0,0.0,0.0,0.0,0.0,0.0,0.0,0.0,0.01699739,0.0019569471,0.0,0.0,1.0,1.0,0.0,0.06,0.0,0.7680017,1.0,1.0,0.09123563,0.0,0.0016759485,0.0,0.0,0.0793522,0.0
0.13060729,0.0,0.13235295,0.0,0.0,3.2691223e-05,0.0,0.0,0.0,0.02542767,0.0,0.0,0.0,0.0,0.0,0.0,0.0,0.0,0.0,0.0,0.0,0.034246683,0.018676661,0.0019569471,0.0,0.0,0.0,0.0,1.0,0.0,0.0,0.8304703,1.0,1.0,0.105822034,0.0,0.0,0.0,0.0,0.09765175,0.0
1.7326518e-05,0.0,0.22058824,0.0,4.1368454e-05,0.00021769383,0.0,0.0,0.0,0.0,0.0,0.0,0.0,0.0,0.0,0.0,0.0,0.0,0.0,0.0,0.0,0.0050082207,0.011565365,0.0058708414,0.0,0.0,0.0,0.0,1.0,0.0,0.0,0.7609236,1.0,1.0,0.093374945,0.0,0.009064704,0.0,0.0,0.06987429,0.0
0.0,0.0,0.44117647,0.1,0.0,0.0,0.0,0.0,0.0,0.0,0.0,0.0,0.0,0.0,0.0,0.0,0.0,0.0,0.0,0.0,0.0,0.0,0.023697592,0.011741683,1.0,1.0,0.0,0.0,0.14,0.16,0.0,0.7743634,1.0,1.0,0.08708046,0.0,0.0,0.0,0.0,0.08796033,0.0
1.7326518e-05,0.0,0.22058824,0.0,4.1368454e-05,0.00021769383,0.0,0.0,0.0,0.0,0.0,0.0,0.0,0.0,0.0,0.0,0.0,0.0,0.0,0.0,0.0,0.0,0.013792291,0.0039138943,0.0,0.0,0.0,0.0,1.0,0.0,0.0,0.7506821,1.0,1.0,0.088851236,0.0,0.006777525,0.0,0.0,0.0723418,0.0
0.0,0.0,0.029411765,0.1,0.0,0.0,0.0,0.0,0.0,0.0,0.0,0.0,0.0,0.0,0.0,0.0,0.0,0.0,0.0,0.0,0.0,0.0,0.023567863,0.019569471,1.0,1.0,0.0,0.0,0.08,0.06,0.0,0.7722447,1.0,1.0,0.08672588,0.0,0.0,0.0,0.0,0.08762497,0.0
0.0,0.0,0.44117647,0.1,0.0,0.0,0.0,0.0,0.0,0.0,0.0,0.0,0.0,0.0,0.0,0.0,0.0,0.0,0.0,0.0,0.0,0.0,0.02333565,0.039138943,1.0,1.0,0.0,0.0,0.13,0.05,0.0,0.77779675,1.0,1.0,0.088408925,0.0,0.0,0.0,0.0,0.08884549,0.0
0.0,0.0,0.029411765,0.1,0.0,0.0,0.0,0.0,0.0,0.0,0.0,0.0,0.0,0.0,0.0,0.0,0.0,0.0,0.0,0.0,0.0,0.0,0.023593314,0.017612524,1.0,1.0,0.0,0.0,0.07,0.07,0.0,0.77017367,1.0,1.0,0.086142294,0.0,0.0,0.0,0.0,0.08720735,0.0
0.0,0.0,0.029411765,0.2,0.0,0.0,0.0,0.0,0.0,0.0,0.0,0.0,0.0,0.0,0.0,0.0,0.0,0.0,0.0,0.0,0.0,0.0,0.017146774,0.009784736,0.0,0.0,1.0,1.0,0.02,0.07,0.0,0.76599777,1.0,1.0,0.090465,0.0,0.0022617131,0.0,0.0,0.078143924,0.0
0.0,0.0,0.029411765,0.2,0.0,0.0,0.0,0.0,0.0,0.0,0.0,0.0,0.0,0.0,0.0,0.0,0.0,0.0,0.0,0.0,0.0,0.0,0.017048225,0.025440313,0.0,0.0,1.0,1.0,0.1,0.06,0.0,0.76563907,1.0,1.0,0.090360485,0.0,0.0029764622,0.0,0.0,0.07686886,0.0
0.0,0.0,0.38235295,0.2,0.0,0.0,0.0,0.0,0.0,0.0,0.0,0.0,0.0,0.0,0.0,0.0,0.0,0.0,0.0,0.0,0.0,0.00090396404,0.016944073,0.009784736,0.0,0.0,1.0,1.0,0.02,0.06,0.0,0.769302,1.0,1.0,0.09159318,0.0,0.0018866062,0.0,0.0,0.07926345,0.0
0.0,0.0,0.029411765,0.2,0.0,0.0,0.0,0.0,0.0,0.0,0.0,0.0,0.0,0.0,0.0,0.0,0.0,0.0,0.0,0.0,0.0,0.0,0.017129697,0.021526419,0.0,0.0,1.0,1.0,0.09,0.08,0.0,0.76473963,1.0,1.0,0.09003302,0.0,0.0030204207,0.0,0.0,0.07671389,0.0
0.015507234,0.0,0.04411765,0.3,0.0009102015,7.4298237e-07,0.0,0.0,0.0,0.050610423,0.0,0.0,0.0,0.0,0.0,0.0021460652,0.0043450072,0.029332876,0.0,0.0,0.0,0.0730854,0.008926138,0.045009784,0.22,0.22,0.78,0.78,1.0,0.0,0.0,0.87784195,1.0,1.0,0.12674448,0.0,0.009149298,0.0,0.0,0.0868772,0.0
0.0,0.0,0.04411765,0.9,0.0008681168,0.006177898,0.0,0.0,0.0,0.0,0.0,0.0,0.0,0.0,0.0,0.0,0.0,0.0,0.0,0.0,0.0,0.0029947758,0.010827795,0.007827789,0.25,0.25,0.0,0.0,1.0,0.0,0.0,0.7568307,1.0,1.0,0.09307385,0.0,0.009841621,0.0,0.0,0.06462261,0.0
0.0,0.0,0.029411765,0.2,0.0,0.0,0.0,0.0,0.0,0.0,0.0,0.0,0.0,0.0,0.0,0.0,0.0,0.0,0.0,0.0,0.0,0.0027568936,0.016906537,0.019569471,0.02,0.0,0.98,1.0,0.04,0.06,0.0,0.77232957,1.0,1.0,0.09239992,0.0,0.0019741058,0.0,0.0,0.0797801,0.0
1.7326518e-05,0.0,0.22058824,0.0,4.1368454e-05,0.00021769383,0.0,0.0,0.0,0.0,0.0,0.0,0.0,0.0,0.0,0.0,0.0,0.0,0.0,0.0,0.0,0.0046176612,0.01120808,0.0039138943,0.0,0.0,0.0,0.0,1.0,0.0,0.0,0.7600795,1.0,1.0,0.093527935,0.0,0.00934571,0.0,0.0,0.06783748,0.0
0.0,0.0,0.029411765,0.5,0.0,0.0,0.0,0.0,0.0,0.0,0.0,0.0,0.0,0.0,0.0,0.0,0.0,0.0,0.0,0.0,0.0,0.0,0.01708261,0.021526419,0.0,0.0,1.0,1.0,0.08,0.06,0.0,0.7657832,1.0,1.0,0.090377115,0.0,0.002865389,0.0,0.0,0.0771431,0.0
0.0,0.0,0.029411765,0.1,0.0,0.0,0.0,0.0,0.0,0.0,0.0,0.0,0.0,0.0,0.0,0.0,0.0,0.0,0.0,0.0,0.0,0.0,0.023319595,0.039138943,1.0,1.0,0.0,0.0,0.14,0.06,0.0,0.7786169,1.0,1.0,0.08863849,0.0,0.0,0.0,0.0,0.08904567,0.0
0.0,0.0,0.13235295,0.5,0.0,0.0,0.0,0.0,0.0,0.00340724,0.0,0.0,0.0,0.0,0.0,0.0,0.0,0.0,0.0,0.0,0.0,0.014271349,0.016147517,0.017612524,0.0,0.0,1.0,1.0,0.21,0.09,0.0,0.78879654,1.0,1.0,0.097114675,0.0,0.003841579,0.0,0.0,0.08044949,0.0
0.0,0.0,0.029411765,0.2,0.0,0.0,0.0,0.0,0.0,0.0,0.0,0.0,0.0,0.0,0.0,0.0,0.0,0.0,0.0,0.0,0.0,0.0012077987,0.017077655,0.01369863,0.04,0.0,0.96,1.0,0.03,0.06,0.0,0.7698176,1.0,1.0,0.09158122,0.0,0.0019385815,0.0,0.0,0.079387456,0.0
0.0,0.0,0.5588235,0.1,0.0,0.0,0.0,0.0,0.0,0.0,0.0,0.0,0.0,0.0,0.0,0.0,0.0,0.0,0.0,0.0,0.0,0.0,0.023782209,0.0019569471,1.0,1.0,0.0,0.0,0.03,0.23,0.0,0.7729181,1.0,1.0,0.08661976,0.0,0.0,0.0,0.0,0.0876866,0.0
0.0,0.0,0.029411765,0.2,0.0,0.0,0.0,0.0,0.0,0.0,0.0,0.0,0.0,0.0,0.0,0.0,0.0,0.0,0.0,0.0,0.0,0.0,0.017151967,0.007827789,0.01,0.0,0.99,1.0,0.02,0.06,0.0,0.7656748,1.0,1.0,0.09035864,0.0,0.0023969263,0.0,0.0,0.077804685,0.0
0.0,0.0,0.4852941,0.1,0.0,0.0,0.0,0.0,0.0,0.0,0.0,0.0,0.0,0.0,0.0,0.0,0.0,0.0,0.0,0.0,0.0,0.0,0.023317985,0.017612524,1.0,1.0,0.0,0.0,0.05,0.08,0.0,0.77748454,1.0,1.0,0.088424854,0.0,0.0,0.0,0.0,0.08923465,0.0
0.0,1.0,0.36764705,0.0,1.6426413e-05,0.0,0.0,0.0,0.0,0.0054944754,0.0,0.0,0.0,0.0,0.0,0.0,0.0,0.0,0.0,0.0,0.0,0.017246097,0.0149170235,0.739726,0.0,0.0,0.0,0.0,1.0,0.0,0.0,0.7891598,1.0,1.0,0.098596774,0.0,0.0033782125,0.0,0.0,0.0878042,0.0
0.0,0.0,0.029411765,0.2,0.0,0.0,0.0,0.0,0.0,0.0,0.0,0.0,0.0,0.0,0.0,0.0,0.0,0.0,0.0,0.0,0.0,0.0055707693,0.016580597,0.039138943,0.0,0.0,1.0,1.0,0.07,0.06,0.0,0.77686036,1.0,1.0,0.09389516,0.0,0.0020534396,0.0,0.0,0.08042708,0.0
0.0,0.0,0.029411765,0.2,0.0,0.0,0.0,0.0,0.0,0.0,0.0,0.0,0.0,0.0,0.0,0.0,0.0,0.0,0.0,0.0,0.0,0.0026232302,0.016901024,0.021526419,0.0,0.0,1.0,1.0,0.05,0.08,0.0,0.7717359,1.0,1.0,0.09220701,0.0,0.0022055358,0.0,0.0,0.0793975,0.0
0.0,1.0,0.36764705,0.0,1.6044403e-05,0.0,0.0,0.0,0.0,0.008354008,0.0,0.0,0.0,0.0,0.0,0.0,0.0,0.0,0.0,0.0,0.0,0.019461453,0.015141241,0.9765166,0.0,0.0,0.0,0.0,1.0,0.0,0.0,0.7946055,1.0,1.0,0.09994731,0.0,0.0025578886,0.0,0.0,0.089515984,0.0
0.0,1.0,0.36764705,0.0,1.6044403e-05,0.0,0.0,0.0,0.0,0.008023173,0.0,0.0,0.0,0.0,0.0,0.0,0.0,0.0,0.0,0.0,0.0,0.019205093,0.015115298,0.9491194,0.0,0.0,0.0,0.0,1.0,0.0,0.0,0.79397535,1.0,1.0,0.09979101,0.0,0.002652824,0.0,0.0,0.08931795,0.0
0.0,0.0,0.029411765,0.2,0.0,0.0,0.0,0.0,0.0,0.0,0.0,0.0,0.0,0.0,0.0,0.0,0.0,0.0,0.0,0.0,0.0,0.004061848,0.01668746,0.031311154,0.0,0.0,1.0,1.0,0.06,0.06,0.0,0.77437425,1.0,1.0,0.093146525,0.0,0.002019003,0.0,0.0,0.08002815,0.0
0.0,0.0,0.3970588,0.1,0.0,0.0,0.0,0.0,0.0,0.0,0.0,0.0,0.0,0.0,0.0,0.0,0.0,0.0,0.0,0.0,0.0,0.0,0.023007713,0.031311154,1.0,1.0,0.0,0.0,0.06,0.06,0.0,0.7819079,1.0,1.0,0.08995781,0.0,0.0,0.0,0.0,0.090566784,0.0
0.0,0.0,0.029411765,0.2,0.0,0.0,0.0,0.0,0.0,0.0,0.0,0.0,0.0,0.0,0.0,0.0,0.0,0.0,0.0,0.0,0.0,0.0031635761,0.016802393,0.0332681,0.0,0.0,1.0,1.0,0.08,0.05,0.0,0.772169,1.0,1.0,0.092376016,0.0,0.0025224239,0.0,0.0,0.07883397,0.0
0.0,0.0,0.04411765,0.1,0.0,0.0,0.0,0.0,0.0,0.029666483,0.0,0.0,0.0,0.0,0.0,0.0,0.00091125816,0.008958638,0.0,0.0,0.0,0.04627651,0.013086863,0.056751467,0.31,0.31,0.69,0.69,1.0,0.0,0.0,0.83877933,1.0,1.0,0.112822674,0.0,0.0061823875,0.0,0.0,0.08535752,0.0
0.0,0.0,0.04411765,0.0,0.0008681168,0.0061771553,0.0,0.0,0.0,0.0,0.0,0.0,0.0,0.0,0.0,0.0,0.0,0.0,0.0,0.0,0.0,0.0071415305,0.010752946,0.009784736,0.0,0.0,0.0,0.0,1.0,0.0,0.0,0.7639849,1.0,1.0,0.09502762,0.0,0.009768978,0.0,0.0,0.06616315,0.0
0.0,1.0,0.36764705,0.0,1.6426413e-05,0.0,0.0,0.0,0.0,0.0027014017,0.0,0.0,0.0,0.0,0.0,0.0,0.0,0.0,0.0,0.0,0.0,0.014967144,0.014663532,0.49902153,0.0,0.0,0.0,0.0,1.0,0.0,0.0,0.78389823,1.0,1.0,0.09736057,0.0,0.0040929765,0.0,0.0,0.08583832,0.0
0.0,0.0,0.0,0.1,0.0,0.0,0.0,0.0,0.0,0.0,0.0,0.0,0.0,0.0,0.0,0.0,0.0,0.0,0.0,0.0,0.0,0.0,0.02336517,0.011741683,1.0,1.0,0.0,0.0,0.55,0.18,0.0,0.77952886,1.0,1.0,0.08858939,0.0,0.0,0.0,0.0,0.08817378,0.0
0.0,0.0,0.63235295,0.1,0.0,0.0,0.0,0.0,0.0,0.0,0.0,0.0,0.0,0.0,0.0,0.0,0.0,0.0,0.0,0.0,0.0,0.0,0.023690574,0.007827789,1.0,1.0,0.0,0.0,0.03,0.07,0.0,0.76912,1.0,1.0,0.0857951,0.0,0.0,0.0,0.0,0.08694431,0.0
0.0,0.0,0.029411765,0.1,0.0,0.0,0.0,0.0,0.0,0.0,0.0,0.0,0.0,0.0,0.0,0.0,0.0,0.0,0.0,0.0,0.0,0.0,0.023166083,0.017612524,1.0,1.0,0.0,0.0,0.03,0.07,0.0,0.7783414,1.0,1.0,0.08887031,0.0,0.0,0.0,0.0,0.089734256,0.0
1.7326518e-05,0.0,0.22058824,0.0,4.1368454e-05,0.00021769383,0.0,0.0,0.0,0.0,0.0,0.0,0.0,0.0,0.0,0.0,0.0,0.0,0.0,0.0,0.0,0.0029166043,0.010959707,0.007827789,0.0,0.0,0.0,0.0,1.0,0.0,0.5,0.7568319,1.0,1.0,0.09293402,0.0,0.009699509,0.0,0.0,0.065427214,0.0
0.0,0.0,0.029411765,0.1,0.0,0.0,0.0,0.0,0.0,0.0,0.0,0.0,0.0,0.0,0.0,0.0,0.0,0.0,0.0,0.0,0.0,0.0,0.02356492,0.019569471,1.0,1.0,0.0,0.0,0.08,0.06,0.0,0.77228487,1.0,1.0,0.0867404,0.0,0.0,0.0,0.0,0.08763957,0.0
0.0,1.0,0.36764705,0.0,1.6044403e-05,0.0,0.0,0.0,0.0,0.0016211569,0.0,0.0,0.0,0.0,0.0,0.0,0.0,0.0,0.0,0.0,0.0,0.014003754,0.014540859,0.39921722,0.0,0.0,0.0,0.0,1.0,0.0,0.0,0.7819042,1.0,1.0,0.09694158,0.0,0.0043078214,0.0,0.0,0.08486867,0.0
0.0,0.0,0.13235295,0.8,0.0,3.2691223e-05,0.0,0.0,0.0,0.0,0.0,0.0,0.0,0.0,0.0,0.0,0.0,0.0,0.0,0.0,0.0,0.0,0.024668746,0.0019569471,1.0,1.0,0.0,0.0,1.0,0.0,0.0,0.68163836,0.9770854,1.0,0.060083352,0.0,0.004783556,0.0,0.0,0.06644413,0.0
1.7326518e-05,0.0,0.22058824,0.0,4.1368454e-05,0.00021769383,0.0,0.0,0.0,0.0,0.0,0.0,0.0,0.0,0.0,0.0,0.0,0.0,0.0,0.0,0.0,0.0056990087,0.01138559,0.0058708414,0.0,0.0,0.0,0.0,1.0,0.0,0.0,0.76207507,1.0,1.0,0.093862616,0.0,0.0091278255,0.0,0.0,0.06950691,0.0
0.0,0.0,0.04411765,0.1,0.0,0.0,0.0,0.0,0.0,0.0,0.0,0.0,0.0,0.0,0.0,0.0,0.0,0.0,0.0,0.0,0.0,0.0,0.023766607,0.0332681,1.0,0.12,0.0,0.0,0.33,0.67,0.12,0.75241053,1.0,1.0,0.081049584,0.0,0.0,0.0,0.0,0.08266389,0.0
0.0,1.0,0.36764705,0.0,8.08587e-06,0.0,0.0,0.0,0.0,0.008613914,0.0,0.0,0.0,0.0,0.0,0.0,0.0,0.0,0.0,0.0,0.0,0.019662768,0.015161596,0.99804306,0.0,0.0,0.0,0.0,1.0,0.0,0.0,0.79510057,1.0,1.0,0.10007007,0.0,0.0024833232,0.0,0.0,0.08967152,0.0
0.0,0.0,0.029411765,0.2,0.0,0.0,0.0,0.0,0.0,0.0,0.0,0.0,0.0,0.0,0.0,0.0,0.0,0.0,0.0,0.0,0.0,0.0,0.017096587,0.015655577,0.0,0.0,1.0,1.0,0.05,0.06,0.0,0.76473224,1.0,1.0,0.09012496,0.0,0.0026812553,0.0,0.0,0.077144295,0.0
0.0,0.0,0.14705883,0.5,0.0,0.0,0.0,0.0,0.0,0.015043646,0.0,0.0,0.0,0.0,0.0,0.0,0.0,0.0,0.0,0.0,0.0,0.024045616,0.016616613,0.019569471,0.0,0.0,1.0,1.0,0.33,0.07,0.0,0.80928385,1.0,1.0,0.10215696,0.0,0.0013848692,0.0,0.0,0.09088057,0.0
0.0,0.0,0.029411765,0.2,0.0,0.0,0.0,0.0,0.0,0.0,0.0,0.0,0.0,0.0,0.0,0.0,0.0,0.0,0.0,0.0,0.0,0.006064296,0.01658506,0.039138943,0.0,0.0,1.0,1.0,0.07,0.06,0.0,0.77772605,1.0,1.0,0.0941141,0.0,0.002037093,0.0,0.0,0.08068612,0.0
0.0,0.0,0.029411765,0.2,0.0,0.0,0.0,0.0,0.0,0.0,0.0,0.0,0.0,0.0,0.0,0.0,0.0,0.0,0.0,0.0,0.0,0.0019249618,0.016935773,0.017612524,0.0,0.0,1.0,1.0,0.04,0.07,0.0,0.7705668,1.0,1.0,0.091872565,0.0,0.0022147596,0.0,0.0,0.07906303,0.0
0.0,1.0,0.36764705,0.0,1.6044403e-05,0.0,0.0,0.0,0.0,0.0033157766,0.0,0.0,0.0,0.0,0.0,0.0,0.0,0.0,0.0,0.0,0.0,0.015515,0.01473321,0.555773,0.0,0.0,0.0,0.0,1.0,0.0,0.0,0.78503203,1.0,1.0,0.09759887,0.0,0.0039708167,0.0,0.0,0.08638975,0.0
0.0,0.0,0.029411765,0.2,0.0,0.0,0.0,0.0,0.0,0.0,0.0,0.0,0.0,0.0,0.0,0.0,0.0,0.0,0.0,0.0,0.0,0.0045512915,0.016711302,0.03522505,0.0,0.0,1.0,1.0,0.08,0.07,0.0,0.77487016,1.0,1.0,0.09320795,0.0,0.002259463,0.0,0.0,0.079823345,0.0
0.0,0.0,0.04411765,0.0,0.0008681168,0.0061771553,0.0,0.0,0.0,0.0,0.0,0.0,0.0,0.0,0.0,0.0,0.0,0.0,0.0,0.0,0.0,0.010215133,0.010655716,0.037181996,0.0,0.0,0.0,0.0,1.0,0.0,0.11,0.76930416,1.0,1.0,0.09652399,0.0,0.009745106,0.0,0.0,0.06704149,0.0
0.0,0.0,0.029411765,0.2,0.0,0.0,0.0,0.0,0.0,0.0,0.0,0.0,0.0,0.0,0.0,0.0,0.0,0.0,0.0,0.0,0.0,0.0020573735,0.016799875,0.021526419,0.0,0.0,1.0,1.0,0.04,0.06,0.0,0.7710841,1.0,1.0,0.0921916,0.0,0.001965627,0.0,0.0,0.07942018,0.0
0.0,0.0,0.029411765,0.2,0.0,0.0,0.0,0.0,0.0,0.0,0.0,0.0,0.0,0.0,0.0,0.0,0.0,0.0,0.0,0.0,0.0,0.0,0.017259486,0.017612524,0.0,0.0,1.0,1.0,0.03,0.07,0.0,0.767254,1.0,1.0,0.09073422,0.0,0.0018738657,0.0,0.0,0.079152405,0.0
0.0,1.0,0.36764705,0.0,1.6044403e-05,0.0,0.0,0.0,0.0,0.006605178,0.0,0.0,0.0,0.0,0.0,0.0,0.0,0.0,0.0,0.0,0.0,0.01810658,0.015004143,0.83170253,0.0,0.0,0.0,0.0,1.0,0.0,0.0,0.791275,1.0,1.0,0.099121355,0.0,0.0030595213,0.0,0.0,0.08846912,0.0
0.0,0.0,0.23529412,0.1,0.0,0.0,0.0,0.0,0.0,0.0,0.0,0.0,0.0,0.0,0.0,0.0,0.0,0.0,0.0,0.0,0.0,6.484985e-05,0.022956789,0.03522505,1.0,1.0,0.0,0.0,0.07,0.06,0.0,0.7833706,1.0,1.0,0.09039038,0.0,0.0,0.0,0.0,0.090878725,0.0
0.0,1.0,0.36764705,0.0,1.6044403e-05,0.0,0.0,0.0,0.0,0.0043837726,0.0,0.0,0.0,0.0,0.0,0.0,0.0,0.0,0.0,0.0,0.0,0.016385525,0.014829956,0.6477495,0.0,0.0,0.0,0.0,1.0,0.0,0.0,0.7870444,1.0,1.0,0.09807218,0.0,0.003696844,0.0,0.0,0.08713931,0.0
0.0,0.0,0.029411765,0.2,0.0,0.0,0.0,0.0,0.0,0.0,0.0,0.0,0.0,0.0,0.0,0.0,0.0,0.0,0.0,0.0,0.0,0.00566417,0.016703606,0.03522505,0.04,0.0,0.96,1.0,0.06,0.06,0.0,0.7775693,1.0,1.0,0.094010524,0.0,0.0017340332,0.0,0.0,0.08107245,0.0
0.0,0.0,0.7352941,0.5,0.0,0.0,0.0,0.0,0.0,0.0,0.0,0.0,0.0,0.0,0.0,0.0,0.0,0.0,0.0,0.0,0.0,0.003641963,0.016708814,0.02739726,0.0,0.0,1.0,1.0,0.05,0.06,0.0,0.7738426,1.0,1.0,0.09300683,0.0,0.0018960983,0.0,0.0,0.08012131,0.0
0.0,1.0,0.36764705,0.0,8.08587e-06,0.0,0.0,0.0,0.0,0.0,0.0,0.0,0.0,0.0,0.0,0.0,0.0,0.0,0.0,0.0,0.0,0.0,0.018763915,1.0,0.0,0.0,0.0,0.0,1.0,0.0,0.0,0.7501242,1.0,1.0,0.0849072,0.0,0.0014023483,0.0,0.0,0.0787144,0.0
0.0,0.0,0.029411765,0.2,0.0,0.0,0.0,0.0,0.0,0.0,0.0,0.0,0.0,0.0,0.0,0.0,0.0,0.0,0.0,0.0,0.0,0.0,0.017103344,0.023483366,0.0,0.0,1.0,1.0,0.1,0.08,0.0,0.76566494,1.0,1.0,0.0902948,0.0,0.0030587316,0.0,0.0,0.07680735,0.0
0.0,0.0,0.42647058,0.2,0.0,0.0,0.0,0.0,0.0,0.0,0.0,0.0,0.0,0.0,0.0,0.0,0.0,0.0,0.0,0.0,0.0,0.0013578832,0.01690428,0.037181996,0.0,0.0,1.0,1.0,0.14,0.07,0.0,0.76838136,1.0,1.0,0.09120905,0.0,0.00302504,0.0,0.0,0.077323794,0.0
0.0,0.0,0.029411765,0.2,0.0,0.0,0.0,0.0,0.0,0.0,0.0,0.0,0.0,0.0,0.0,0.0,0.0,0.0,0.0,0.0,0.0,0.0,0.017297387,0.009784736,0.0,0.0,1.0,1.0,0.05,0.07,0.0,0.7624359,1.0,1.0,0.0892626,0.0,0.003018871,0.0,0.0,0.07634246,0.0
0.13845621,0.0,0.13235295,0.0,0.0,3.2691223e-05,0.0,0.0,0.0,0.0,0.0,0.0,0.0,0.0,0.0,0.0,0.0,0.0,0.0,0.0,0.0,0.0,0.02095683,0.0019569471,0.0,0.0,0.0,0.0,1.0,0.0,0.0,0.72310233,1.0,1.0,0.075287886,0.0,0.001952216,0.0,0.0,0.07494888,0.0
1.7326518e-05,0.0,0.22058824,0.0,4.1368454e-05,0.00021769383,0.0,0.0,0.0,0.0,0.0,0.0,0.0,0.0,0.0,0.0,0.0,0.0,0.0,0.0,0.0,0.0,0.013997726,0.0058708414,0.0,0.0,0.25,0.0,0.75,0.5,0.0,0.74859166,1.0,1.0,0.08813461,0.0,0.0066610873,0.0,0.0,0.07182288,0.0
0.0,0.0,0.3529412,0.1,0.0,0.0,0.0,0.0,0.0,0.0,0.0,0.0,0.0,0.0,0.0,0.0,0.0,0.0,0.0,0.0,0.0,0.0,0.023706362,0.0058708414,1.0,1.0,0.0,0.0,0.08,0.22,0.0,0.7753217,1.0,1.0,0.087325715,0.0,0.0,0.0,0.0,0.08824214,0.0
0.013947847,0.0,0.04411765,0.3,0.0012769307,7.4298237e-07,0.0,0.0,0.0,0.056863844,0.0,0.0,0.0,0.0,0.0,0.0039951354,0.005185649,0.034605294,0.0,0.0,0.0,0.08004075,0.008591458,0.09001957,0.02,0.02,0.98,0.98,1.0,0.0,0.0,0.88972294,1.0,1.0,0.130196,0.0,0.009095147,0.0,0.0,0.089021266,0.0
0.0,0.0,0.7205882,0.2,0.0,0.0,0.0,0.0,0.0,0.0,0.0,0.0,0.0,0.0,0.0,0.0,0.0,0.0,0.0,0.0,0.0,0.0017943382,0.016867712,0.015655577,0.0,0.0,1.0,1.0,0.03,0.06,0.0,0.77076805,1.0,1.0,0.09204879,0.0,0.0018967986,0.0,0.0,0.07952982,0.0
0.0,0.0,0.13235295,0.8,0.0,3.2691223e-05,0.0,0.0,0.0,0.0,0.0,0.0,0.0,0.0,0.0,0.0,0.0,0.0,0.0,0.0,0.0,0.0,0.020138003,0.0019569471,1.0,1.0,0.0,0.0,1.0,0.0,0.0,0.72643673,1.0,1.0,0.07674616,0.0,0.0028573126,0.0,0.0,0.07553822,0.0
0.0,0.0,0.029411765,0.2,0.0,0.0,0.0,0.0,0.0,0.0,0.0,0.0,0.0,0.0,0.0,0.0,0.0,0.0,0.0,0.0,0.0,0.0,0.017311998,0.009784736,0.0,0.0,1.0,1.0,0.05,0.06,0.0,0.760183,1.0,1.0,0.08865272,0.0,0.0031290948,0.0,0.0,0.07560977,0.0
0.0,1.0,0.36764705,0.0,2.3557259e-05,0.0,0.0,0.33333334,0.0,0.0,0.0,0.0,0.0,0.0,0.0,0.0,0.0,0.0,0.0,0.0,0.0,0.0,0.026681937,0.0058708414,0.0,0.0,0.0,0.0,1.0,0.0,0.67,0.67193675,0.9637928,1.0,0.05576127,0.0,0.004966691,0.0,0.0,0.06761108,0.0
0.0,0.0,0.029411765,0.2,0.0,0.0,0.0,0.0,0.0,0.0,0.0,0.0,0.0,0.0,0.0,0.0,0.0,0.0,0.0,0.0,0.0,0.0017602146,0.016927287,0.03522505,0.0,0.0,1.0,1.0,0.13,0.05,0.0,0.769119,1.0,1.0,0.091377996,0.0,0.0030016303,0.0,0.0,0.07755491,0.0
0.0,0.0,0.029411765,0.1,0.0,0.0,0.0,0.0,0.0,0.0,0.0,0.0,0.0,0.0,0.0,0.0,0.0,0.0,0.0,0.0,0.0,0.0,0.02300185,0.031311154,1.0,1.0,0.0,0.0,0.06,0.06,0.0,0.7819884,1.0,1.0,0.08998691,0.0,0.0,0.0,0.0,0.09059578,0.0
0.0,0.0,0.029411765,0.2,0.0,0.0,0.0,0.0,0.0,0.0,0.0,0.0,0.0,0.0,0.0,0.0,0.0,0.0,0.0,0.0,0.0,0.0047365725,0.016726345,0.031311154,0.0,0.0,1.0,1.0,0.06,0.06,0.0,0.7754413,1.0,1.0,0.09336541,0.0,0.0020849854,0.0,0.0,0.08027318,0.0
0.016009703,0.0,0.04411765,0.3,0.00040594887,0.0,0.0,0.0,0.0,0.04254824,0.0,0.0,0.0,0.0,0.0,5.0917268e-05,0.0035727993,0.022631228,0.0,0.0,0.0,0.06416595,0.009035192,0.0704501,0.06,0.06,0.94,0.94,1.0,0.0,0.0,0.86230326,1.0,1.0,0.122554265,0.0,0.009292647,0.0,0.0,0.08378905,0.0
0.0,0.0,0.029411765,0.2,0.0,0.0,0.0,0.0,0.0,0.0,0.0,0.0,0.0,0.0,0.0,0.0,0.0,0.0,0.0,0.0,0.0,0.0,0.017377704,0.0039138943,0.0,0.0,1.0,1.0,0.02,0.06,0.0,0.7599145,1.0,1.0,0.088525556,0.0,0.003053233,0.0,0.0,0.07573897,0.0
1.7326518e-05,0.0,0.22058824,0.0,4.1368454e-05,0.00019391839,0.0,0.0,0.0,0.0,0.0,0.0,0.0,0.0,0.0,0.0,0.0,0.0,0.0,0.0,0.0,0.0027205646,0.011006147,0.0039138943,0.0,0.0,0.0,0.0,1.0,0.0,0.0,0.75650156,1.0,1.0,0.09279918,0.0,0.009688288,0.0,0.0,0.06549463,0.0
0.0,0.0,0.029411765,0.1,0.0,0.0,0.0,0.0,0.0,0.0,0.0,0.0,0.0,0.0,0.0,0.0,0.0,0.0,0.0,0.0,0.0,0.0,0.023700438,0.0019569471,1.0,1.0,0.0,0.0,0.01,0.06,0.0,0.76740146,1.0,1.0,0.08536381,0.0,0.0,0.0,0.0,0.086747974,0.0
0.0,1.0,0.36764705,0.0,8.08587e-06,0.0,0.0,0.0,0.0,0.008354008,0.0,0.0,0.0,0.0,0.0,0.0,0.0,0.0,0.0,0.0,0.0,0.019461453,0.015141241,0.9765166,0.0,0.0,0.0,0.0,1.0,0.0,0.0,0.7946055,1.0,1.0,0.09994731,0.0,0.0025578886,0.0,0.0,0.089515984,0.0
1.7326518e-05,0.0,0.22058824,0.0,4.1368454e-05,0.00021769383,0.0,0.0,0.0,0.0,0.0,0.0,0.0,0.0,0.0,0.0,0.0,0.0,0.0,0.0,0.0,0.0,0.0132154,0.0058708414,0.0,0.0,0.0,0.0,1.0,0.0,0.0,0.7532457,1.0,1.0,0.089918025,0.0,0.0074911267,0.0,0.0,0.07302591,0.0
0.0,0.0,0.7058824,0.2,0.0,0.0,0.0,0.0,0.0,0.0,0.0,0.0,0.0,0.0,0.0,0.0,0.0,0.0,0.0,0.0,0.0,0.0018173754,0.016927198,0.01369863,0.0,0.0,1.0,1.0,0.03,0.06,0.0,0.77069926,1.0,1.0,0.09195184,0.0,0.0019931346,0.0,0.0,0.0794293,0.0
0.0,1.0,0.36764705,0.0,1.6044403e-05,0.0,0.0,0.0,0.0,0.0,0.0,0.0,0.0,0.0,0.0,0.0,0.0,0.0,0.0,0.0,0.0,0.011352271,0.014192782,0.12133072,0.0,0.0,0.0,0.0,1.0,0.0,0.0,0.7764056,1.0,1.0,0.09579504,0.0,0.004906401,0.0,0.0,0.08217114,0.0
0.0,0.0,0.13235295,0.8,0.0,3.2691223e-05,0.0,0.0,0.0,0.003813088,0.0,0.0,0.0,0.0,0.0,0.0,0.0,0.0,0.0,0.0,0.0,0.009230882,0.018361464,0.0019569471,1.0,1.0,0.0,0.0,1.0,0.0,0.0,0.7882272,1.0,1.0,0.09514334,0.0,0.0,0.0,0.0,0.08880621,0.0
0.0,0.0,0.029411765,0.2,0.0,0.0,0.0,0.0,0.0,0.0,0.0,0.0,0.0,0.0,0.0,0.0,0.0,0.0,0.0,0.0,0.0,0.0017050803,0.016876332,0.015655577,0.0,0.0,1.0,1.0,0.03,0.07,0.0,0.7705784,1.0,1.0,0.09198617,0.0,0.0019249767,0.0,0.0,0.0794518,0.0
0.0,0.0,0.0882353,0.2,0.0,0.0,0.0,0.0,0.0,0.0,0.0,0.0,0.0,0.0,0.0,0.0,0.0,0.0,0.0,0.0,0.0,0.00083708763,0.01695048,0.009784736,0.0,0.0,1.0,1.0,0.02,0.06,0.0,0.7691598,1.0,1.0,0.09154632,0.0,0.0019077212,0.0,0.0,0.07920489,0.0
0.0,0.0,0.029411765,0.2,0.0,0.0,0.0,0.0,0.0,0.0,0.0,0.0,0.0,0.0,0.0,0.0,0.0,0.0,0.0,0.0,0.0,0.0006194711,0.017074935,0.009784736,0.0,0.0,1.0,1.0,0.02,0.07,0.0,0.7683295,1.0,1.0,0.09113949,0.0,0.002255544,0.0,0.0,0.07866955,0.0
0.0,0.0,0.029411765,0.2,0.0,0.0,0.0,0.0,0.0,0.0,0.0,0.0,0.0,0.0,0.0,0.0,0.0,0.0,0.0,0.0,0.0,0.0,0.017097592,0.007827789,0.0,0.0,1.0,1.0,0.02,0.08,0.0,0.7671461,1.0,1.0,0.09080806,0.0,0.0022929907,0.0,0.0,0.07830441,0.0
0.0,1.0,0.36764705,0.0,8.276875e-06,0.0,0.0,0.0,0.0,0.0,0.0,0.0,0.0,0.0,0.0,0.0,0.0,0.0,0.0,0.0,0.0,0.011112452,0.01409591,0.07632094,0.0,0.0,0.0,0.0,1.0,0.0,0.0,0.7758411,1.0,1.0,0.09573334,0.0,0.005005315,0.0,0.0,0.08174881,0.0
0.0,0.0,0.5735294,0.1,0.0,0.0,0.0,0.0,0.0,0.0,0.0,0.0,0.0,0.0,0.0,0.0,0.0,0.0,0.0,0.0,0.0,0.0,0.023721203,0.0039138943,1.0,1.0,0.0,0.0,0.06,0.22,0.0,0.77516174,1.0,1.0,0.08727106,0.0,0.0,0.0,0.0,0.088191986,0.0
0.0,0.0,0.029411765,0.2,0.0,0.0,0.0,0.0,0.0,0.0,0.0,0.0,0.0,0.0,0.0,0.0,0.0,0.0,0.0,0.0,0.0,0.0,0.020382084,0.029354207,0.0,0.0,1.0,1.0,0.06,0.07,0.0,0.73638666,1.0,1.0,0.07952326,0.0,0.0024134964,0.0,0.0,0.07210478,0.0
0.0,0.0,0.14705883,0.1,0.0,0.0,0.0,0.0,0.0,0.00387308,0.0,0.0,0.0,0.0,0.0,0.0,0.0,0.0,0.0,0.0,0.0,0.0071139038,0.02280549,0.0332681,1.0,1.0,0.0,0.0,0.27,0.06,0.0,0.7920381,1.0,1.0,0.092438824,0.0,0.0,0.0,0.0,0.09104863,0.0
0.0,0.0,0.029411765,0.2,0.0,0.0,0.0,0.0,0.0,0.0,0.0,0.0,0.0,0.0,0.0,0.0,0.0,0.0,0.0,0.0,0.0,0.0,0.01710254,0.0058708414,0.0,0.0,1.0,1.0,0.01,0.06,0.0,0.76669514,1.0,1.0,0.090702645,0.0,0.0021841973,0.0,0.0,0.078406096,0.0
0.0,0.0,0.029411765,0.2,0.0,0.0,0.0,0.0,0.0,0.0,0.0,0.0,0.0,0.0,0.0,0.0,0.0,0.0,0.0,0.0,0.0,0.005397588,0.0188175,0.01369863,0.7,0.0,0.3,1.0,0.03,0.06,0.0,0.7805196,1.0,1.0,0.09291086,0.0,0.00035351515,0.0,0.0,0.08409029,0.0
0.0,0.0,0.47058824,0.1,0.0,0.0,0.0,0.0,0.0,0.0,0.0,0.0,0.0,0.0,0.0,0.0,0.0,0.0,0.0,0.0,0.0,0.0,0.02327685,0.011741683,1.0,1.0,0.0,0.0,0.02,0.07,0.0,0.77525365,1.0,1.0,0.087942995,0.0,0.0,0.0,0.0,0.08904451,0.0
0.0,1.0,0.36764705,0.0,1.6426413e-05,0.0,0.0,0.0,0.0,0.0003925562,0.0,0.0,0.0,0.0,0.0,0.0,0.0,0.0,0.0,0.0,0.0,0.012908101,0.0144014135,0.28767124,0.0,0.0,0.0,0.0,1.0,0.0,0.01,0.77963674,1.0,1.0,0.096465014,0.0,0.0045522153,0.0,0.0,0.083765835,0.0
0.0,0.0,0.029411765,0.1,0.0,0.0,0.0,0.0,0.0,0.0,0.0,0.0,0.0,0.0,0.0,0.0,0.0,0.0,0.0,0.0,0.0,0.0,0.023550078,0.019569471,1.0,1.0,0.0,0.0,0.08,0.06,0.0,0.7724862,1.0,1.0,0.08681335,0.0,0.0,0.0,0.0,0.08771205,0.0
0.14214675,0.0,0.13235295,0.0,0.0,1.1144735e-05,0.0,0.0,0.0,0.0,0.0,0.0,0.0,0.0,0.0,0.0,0.0,0.0,0.0,0.0,0.0,0.0,0.03689123,0.0019569471,0.0,0.0,0.0,0.0,1.0,0.0,0.0,0.6274946,0.9075807,1.0,0.032257773,0.0,0.00967437,0.0,0.0,0.060488075,0.0
0.0,1.0,0.36764705,0.0,1.6426413e-05,0.0,0.0,0.0,0.0,0.004407406,0.0,0.0,0.0,0.0,0.0,0.0,0.0,0.0,0.0,0.0,0.0,0.016403884,0.0148317665,0.6497065,0.0,0.0,0.0,0.0,1.0,0.0,0.0,0.78708947,1.0,1.0,0.09808334,0.0,0.0036900789,0.0,0.0,0.087153465,0.0
0.0,0.0,0.029411765,0.2,0.0,0.0,0.0,0.0,0.0,0.0,0.0,0.0,0.0,0.0,0.0,0.0,0.0,0.0,0.0,0.0,0.0,0.00054979324,0.017029807,0.009784736,0.0,0.0,1.0,1.0,0.02,0.06,0.0,0.76836514,1.0,1.0,0.09121778,0.0,0.0021380037,0.0,0.0,0.07878116,0.0
0.129637,0.0,0.13235295,0.0,0.0,3.2691223e-05,0.0,0.0,0.0,0.022284746,0.0,0.0,0.0,0.0,0.0,0.0,0.0,0.0,0.0,0.0,0.0,0.03136754,0.0185052,0.0019569471,0.0,0.0,0.0,0.0,1.0,0.0,0.0,0.8243059,1.0,1.0,0.10428157,0.0,0.00048977137,0.0,0.0,0.096316755,0.0
0.0,0.0,0.029411765,0.2,0.0,0.0,0.0,0.0,0.0,0.0,0.0,0.0,0.0,0.0,0.0,0.0,0.0,0.0,0.0,0.0,0.0,0.0010144413,0.01715511,0.01369863,0.05,0.0,0.95,1.0,0.03,0.07,0.0,0.7691411,1.0,1.0,0.09128406,0.0,0.00221245,0.0,0.0,0.07883045,0.0
0.0,0.0,0.029411765,0.2,0.0,0.0,0.0,0.0,0.0,0.0,0.0,0.0,0.0,0.0,0.0,0.0,0.0,0.0,0.0,0.0,0.0,0.0052835047,0.016659975,0.039138943,0.0,0.0,1.0,1.0,0.09,0.06,0.0,0.7760658,1.0,1.0,0.09356665,0.0,0.0022837669,0.0,0.0,0.08000332,0.0
0.0,0.0,0.029411765,0.2,0.0,0.0,0.0,0.0,0.0,0.0,0.0,0.0,0.0,0.0,0.0,0.0,0.0,0.0,0.0,0.0,0.0,0.0,0.017228559,0.01369863,0.0,0.0,1.0,1.0,0.06,0.06,0.0,0.7620902,1.0,1.0,0.08924606,0.0,0.00304766,0.0,0.0,0.07608235,0.0
0.0,0.0,0.029411765,0.2,0.0,0.0,0.0,0.0,0.0,0.0,0.0,0.0,0.0,0.0,0.0,0.0,0.0,0.0,0.0,0.0,0.0,0.0,0.017337814,0.0058708414,0.0,0.0,1.0,1.0,0.03,0.08,0.0,0.7605169,1.0,1.0,0.08873192,0.0,0.0029898137,0.0,0.0,0.07596204,0.0
0.013653296,0.0,0.04411765,0.3,1.6299076e-05,0.0,0.0,0.0,0.0,0.055159926,0.0,0.0,0.0,0.0,0.0,0.0035317093,0.0049948543,0.033241212,0.0,0.0,0.0,0.07816476,0.008652799,0.08219178,0.02,0.02,0.98,0.98,1.0,0.0,0.0,0.886495,1.0,1.0,0.12928823,0.0,0.009128764,0.0,0.0,0.08833197,0.0
0.0,0.0,0.23529412,0.2,0.0,0.0,0.0,0.0,0.0,0.0,0.0,0.0,0.0,0.0,0.0,0.0,0.0,0.0,0.0,0.0,0.0,0.0032627285,0.016745195,0.02739726,0.0,0.0,1.0,1.0,0.05,0.06,0.0,0.77303624,1.0,1.0,0.092740916,0.0,0.0020158887,0.0,0.0,0.0797897,0.0
0.0,0.0,0.029411765,0.5,0.0,0.0,0.0,0.0,0.0,0.0,0.0,0.0,0.0,0.0,0.0,0.0,0.0,0.0,0.0,0.0,0.0,0.0,0.017048962,0.02739726,0.0,0.0,1.0,1.0,0.11,0.06,0.0,0.7653402,1.0,1.0,0.09026968,0.0,0.0030469298,0.0,0.0,0.07672125,0.0
0.0,0.0,0.029411765,0.2,0.0,0.0,0.0,0.0,0.0,0.0,0.0,0.0,0.0,0.0,0.0,0.0,0.0,0.0,0.0,0.0,0.0,0.0009136498,0.016938359,0.023483366,0.0,0.0,1.0,1.0,0.06,0.06,0.0,0.7683569,1.0,1.0,0.09124901,0.0,0.0025466084,0.0,0.0,0.07801145,0.0
0.0,0.0,0.38235295,0.1,0.0,0.0,0.0,0.0,0.0,0.0,0.0,0.0,0.0,0.0,0.0,0.0,0.0,0.0,0.0,0.0,0.0,0.0,0.02288732,0.037181996,0.88,1.0,0.12,0.0,0.14,0.06,0.0,0.77360606,1.0,1.0,0.0876646,0.0,0.0,0.0,0.0,0.08703405,0.0
0.0,0.0,0.029411765,0.2,0.0,0.0,0.0,0.0,0.0,0.0,0.0,0.0,0.0,0.0,0.0,0.0,0.0,0.0,0.0,0.0,0.0,0.0028216243,0.01692725,0.031311154,0.04,0.0,0.96,1.0,0.08,0.06,0.0,0.77185655,1.0,1.0,0.092193104,0.0,0.002383262,0.0,0.0,0.07902622,0.0
0.0,0.0,0.029411765,0.2,0.0,0.0,0.0,0.0,0.0,0.0,0.0,0.0,0.0,0.0,0.0,0.0,0.0,0.0,0.0,0.0,0.0,0.004509002,0.01728879,0.029354207,0.03,0.07,0.97,0.93,0.06,0.07,0.0,0.7759435,1.0,1.0,0.09298114,0.0,0.0016708523,0.0,0.0,0.08146536,0.0
0.0,0.0,0.029411765,0.2,0.0,0.0,0.0,0.0,0.0,0.0,0.0,0.0,0.0,0.0,0.0,0.0,0.0,0.0,0.0,0.0,0.0,0.005042106,0.016664192,0.03522505,0.0,0.0,1.0,1.0,0.07,0.07,0.0,0.7759137,1.0,1.0,0.093552075,0.0,0.0021044165,0.0,0.0,0.08025253,0.0
0.0,0.0,0.029411765,0.2,0.0,0.0,0.0,0.0,0.0,0.0,0.0,0.0,0.0,0.0,0.0,0.0,0.0,0.0,0.0,0.0,0.0,0.003102541,0.01678016,0.023483366,0.0,0.0,1.0,1.0,0.04,0.06,0.0,0.7728275,1.0,1.0,0.092656635,0.0,0.0019946992,0.0,0.0,0.07975316,0.0
0.01557654,0.0,0.04411765,0.3,0.0009923336,0.0,0.0,0.0,0.0,0.026738137,0.0,0.0,0.0,0.0,0.0,0.0,0.0018287748,0.009149581,0.0,0.0,0.0,0.04653555,0.009479389,0.08806262,0.0,0.0,1.0,1.0,1.0,0.0,0.0,0.8318522,1.0,1.0,0.11411715,0.0,0.009440005,0.0,0.0,0.078297466,0.0
0.0,0.0,0.04411765,0.0,0.0008681168,0.0061771553,0.0,0.0,0.0,0.0,0.0,0.0,0.0,0.0,0.0,0.0,0.0,0.0,0.0,0.0,0.0,0.0026405156,0.010859802,0.031311154,0.0,0.0,0.0,0.0,1.0,0.0,0.19,0.75622857,1.0,1.0,0.09288589,0.0,0.009807169,0.0,0.0,0.06471354,0.0
0.035761934,0.0,0.04411765,0.3,0.0008872809,0.0,0.0,0.0,0.0,0.03801,0.0,0.0,0.0,0.0,0.0,0.0,0.0027670562,0.01861155,0.0,0.0,0.0,0.059081018,0.0094467625,0.023483366,0.0,0.0,1.0,1.0,1.0,0.0,0.0,0.85373604,1.0,1.0,0.11989493,0.0,0.009278983,0.0,0.0,0.082561225,0.0
0.015645847,0.0,0.04411765,0.3,0.00094585575,0.0,0.0,0.0,0.0,0.0,0.0,0.0,0.0,0.0,0.0,0.0,0.0,0.0,0.0,0.0,0.0,0.011142492,0.01054994,0.04892368,0.04,0.04,0.92,0.92,1.0,0.0,0.0,0.77084196,1.0,1.0,0.09702986,0.0,0.009759873,0.0,0.0,0.067225695,0.0
0.0,0.0,0.0,0.2,0.0,0.0,0.0,0.0,0.0,0.0061863363,0.0,0.0,0.0,0.0,0.0,0.0,0.0,0.0,0.0,0.0,0.0,0.016826361,0.016248085,0.023483366,0.0,0.0,1.0,1.0,0.24,0.08,0.0,0.7938131,1.0,1.0,0.09835396,0.0,0.0034014583,0.0,0.0,0.0826506,0.0
0.0,0.0,0.029411765,0.5,0.0,0.0,0.0,0.0,0.0,0.0,0.0,0.0,0.0,0.0,0.0,0.0,0.0,0.0,0.0,0.0,0.0,0.0,0.017041892,0.029354207,0.0,0.0,1.0,1.0,0.13,0.06,0.0,0.7658386,1.0,1.0,0.09039069,0.0,0.0031487346,0.0,0.0,0.076639146,0.0
0.0,0.0,0.14705883,0.1,0.0,0.0,0.0,0.0,0.0,0.0,0.0,0.0,0.0,0.0,0.0,0.0,0.0,0.0,0.0,0.0,0.0,0.0,0.023583926,0.007827789,1.0,1.0,0.0,0.0,0.25,0.25,0.0,0.75119483,1.0,1.0,0.080878995,0.0,0.0,0.0,0.0,0.08240223,0.0
0.0,1.0,0.36764705,0.0,1.6426413e-05,0.0,0.0,0.0,0.0,0.0,0.0,0.0,0.0,0.0,0.0,0.0,0.0,0.0,0.0,0.0,0.0,0.012398064,0.014336452,0.23287672,0.0,0.0,0.0,0.0,1.0,0.0,0.0,0.778581,1.0,1.0,0.096243195,0.0,0.004665956,0.0,0.0,0.08325252,0.0
0.0,0.0,0.029411765,0.2,0.0,0.0,0.0,0.0,0.0,0.0,0.0,0.0,0.0,0.0,0.0,0.0,0.0,0.0,0.0,0.0,0.0,0.0,0.017091885,0.009784736,0.0,0.0,1.0,1.0,0.02,0.06,0.0,0.76698947,1.0,1.0,0.09076416,0.0,0.0023423731,0.0,0.0,0.07821536,0.0
0.0,0.0,0.029411765,0.2,0.0,0.0,0.0,0.0,0.0,0.0,0.0,0.0,0.0,0.0,0.0,0.0,0.0,0.0,0.0,0.0,0.0,0.0,0.01731848,0.0058708414,0.0,0.0,1.0,1.0,0.02,0.06,0.0,0.7609439,1.0,1.0,0.08887269,0.0,0.0029264241,0.0,0.0,0.07613754,0.0
0.0,0.0,0.13235295,0.8,0.0,3.2691223e-05,0.0,0.0,0.0,0.0,0.0,0.0,0.0,0.0,0.0,0.0,0.0,0.0,0.0,0.0,0.0,0.0,0.01984185,0.0019569471,1.0,1.0,0.0,0.0,1.0,0.0,0.0,0.7400031,1.0,1.0,0.08074664,0.0,0.0020432174,0.0,0.0,0.078804225,0.0
0.0,0.0,0.029411765,0.2,0.0,0.0,0.0,0.0,0.0,0.0,0.0,0.0,0.0,0.0,0.0,0.0,0.0,0.0,0.0,0.0,0.0,0.0015305877,0.016874105,0.011741683,0.0,0.0,1.0,1.0,0.02,0.06,0.0,0.7705684,1.0,1.0,0.09201857,0.0,0.0017245114,0.0,0.0,0.07975963,0.0
0.0,0.0,0.029411765,0.2,0.0,0.0,0.0,0.0,0.0,0.0,0.0,0.0,0.0,0.0,0.0,0.0,0.0,0.0,0.0,0.0,0.0,0.0029504895,0.016775146,0.02739726,0.0,0.0,1.0,1.0,0.06,0.06,0.0,0.7723721,1.0,1.0,0.09252197,0.0,0.0021145046,0.0,0.0,0.07951656,0.0
0.013947847,0.0,0.04411765,0.3,0.00096909463,0.0,0.0,0.0,0.0,0.004634559,0.0,0.0,0.0,0.0,0.0,0.0,0.0,0.0,0.0,0.0,0.0,0.021819353,0.0102573335,0.07632094,0.0,0.0,1.0,1.0,1.0,0.0,0.0,0.78931665,1.0,1.0,0.10217368,0.0,0.009579226,0.0,0.0,0.07095224,0.0
0.0,0.0,0.029411765,0.2,0.0,0.0,0.0,0.0,0.0,0.0,0.0,0.0,0.0,0.0,0.0,0.0,0.0,0.0,0.0,0.0,0.0,0.003160268,0.01676625,0.02739726,0.0,0.0,1.0,1.0,0.05,0.06,0.0,0.77290046,1.0,1.0,0.09268334,0.0,0.0019852966,0.0,0.0,0.07990193,0.0
1.7326518e-05,0.0,0.22058824,0.0,4.1368454e-05,0.00021769383,0.0,0.0,0.0,0.0,0.0,0.0,0.0,0.0,0.0,0.0,0.0,0.0,0.0,0.0,0.0,0.0010388494,0.012734711,0.0058708414,0.0,0.0,0.0,0.0,1.0,0.0,0.0,0.75563157,1.0,1.0,0.09092399,0.0,0.007971451,0.0,0.0,0.07291108,0.0
0.0,0.0,0.8235294,0.2,0.0,0.0,0.0,0.0,0.0,0.0,0.0,0.0,0.0,0.0,0.0,0.0,0.0,0.0,0.0,0.0,0.0,0.00050246716,0.016982518,0.009784736,0.0,0.0,1.0,1.0,0.02,0.06,0.0,0.76844823,1.0,1.0,0.091311716,0.0,0.002013415,0.0,0.0,0.07891223,0.0
0.12631032,0.0,0.13235295,0.0,0.0,3.2691223e-05,0.0,0.0,0.0,0.015425801,0.0,0.0,0.0,0.0,0.0,0.0,0.0,0.0,0.0,0.0,0.0,0.02539432,0.018098406,0.0019569471,0.0,0.0,0.0,0.0,1.0,0.0,0.0,0.81089175,1.0,1.0,0.100915544,0.0,0.0018755049,0.0,0.0,0.093310654,0.0
0.0,0.0,0.04411765,0.1,0.0,0.0,0.0,0.0,0.0,0.033237487,0.0,0.0,0.0,0.0,0.0,0.0,0.0011037737,0.011460513,0.0,0.0,0.0,0.050034672,0.013193391,0.05479452,0.46,0.46,0.5,0.5,1.0,0.0,0.0,0.84555507,1.0,1.0,0.114502974,0.0,0.005950272,0.0,0.0,0.08739531,0.0
0.0,0.0,0.029411765,0.2,0.0,0.0,0.0,0.0,0.0,0.0,0.0,0.0,0.0,0.0,0.0,0.0,0.0,0.0,0.0,0.0,0.0,0.0027823448,0.016848132,0.039138943,0.0,0.0,1.0,1.0,0.14,0.06,0.0,0.77093124,1.0,1.0,0.09194004,0.0,0.0029343069,0.0,0.0,0.077988416,0.0
0.0,0.0,0.4852941,0.1,0.0,0.0,0.0,0.0,0.0,0.0,0.0,0.0,0.0,0.0,0.0,0.0,0.0,0.0,0.0,0.0,0.0,0.0,0.023170702,0.015655577,1.0,1.0,0.0,0.0,0.03,0.06,0.0,0.776863,1.0,1.0,0.088496186,0.0,0.0,0.0,0.0,0.08950463,0.0
0.0,0.0,0.029411765,0.2,0.0,0.0,0.0,0.0,0.0,0.0,0.0,0.0,0.0,0.0,0.0,0.0,0.0,0.0,0.0,0.0,0.0,0.0009250641,0.01701279,0.01369863,0.0,0.0,1.0,1.0,0.03,0.07,0.0,0.7688019,1.0,1.0,0.09132617,0.0,0.0022750497,0.0,0.0,0.078648895,0.0
0.0,0.0,0.029411765,0.2,0.0,0.0,0.0,0.0,0.0,0.0,0.0,0.0,0.0,0.0,0.0,0.0,0.0,0.0,0.0,0.0,0.0,0.0,0.017929785,0.019569471,0.0,0.0,1.0,1.0,0.04,0.08,0.0,0.75879383,1.0,1.0,0.08781757,0.0,0.0021244735,0.0,0.0,0.077325314,0.0
0.0,0.0,0.029411765,0.1,0.0,0.0,0.0,0.0,0.0,0.0,0.0,0.0,0.0,0.0,0.0,0.0,0.0,0.0,0.0,0.0,0.0,0.0,0.023449555,0.007827789,1.0,1.0,0.0,0.0,0.02,0.09,0.0,0.7741977,1.0,1.0,0.08743211,0.0,0.0,0.0,0.0,0.08848795,0.0
0.12925583,0.0,0.13235295,0.0,0.0,3.2691223e-05,0.0,0.0,0.0,0.0,0.0,0.0,0.0,0.0,0.0,0.0,0.0,0.0,0.0,0.0,0.0,0.00040617585,0.017994255,0.0019569471,0.0,0.0,0.0,0.0,1.0,0.0,0.0,0.76521385,1.0,1.0,0.088870294,0.0,0.0034490079,0.0,0.0,0.08228442,0.0
0.0,0.0,0.029411765,0.2,0.0,0.0,0.0,0.0,0.0,0.0,0.0,0.0,0.0,0.0,0.0,0.0,0.0,0.0,0.0,0.0,0.0,0.0,0.019896656,0.007827789,0.77,0.25,0.23,0.75,0.04,0.08,0.0,0.7701993,1.0,1.0,0.0890773,0.0,0.00041808188,0.0,0.0,0.08290115,0.0
0.13790175,0.0,0.13235295,0.0,0.0,3.2691223e-05,0.0,0.0,0.0,0.0,0.0,0.0,0.0,0.0,0.0,0.0,0.0,0.0,0.0,0.0,0.0,0.0,0.020971239,0.0019569471,0.0,0.0,0.0,0.0,1.0,0.0,0.0,0.72044444,1.0,1.0,0.07452235,0.0,0.0022240132,0.0,0.0,0.07429594,0.0
0.0,0.0,0.029411765,0.2,0.0,0.0,0.0,0.0,0.0,0.0,0.0,0.0,0.0,0.0,0.0,0.0,0.0,0.0,0.0,0.0,0.0,0.0044844747,0.016717672,0.03522505,0.0,0.0,1.0,1.0,0.08,0.06,0.0,0.77472794,1.0,1.0,0.093161024,0.0,0.0022806227,0.0,0.0,0.07976481,0.0
0.0,0.0,0.7941176,0.2,0.0,0.0,0.0,0.0,0.0,0.0,0.0,0.0,0.0,0.0,0.0,0.0,0.0,0.0,0.0,0.0,0.0,0.0013741851,0.016931444,0.039138943,0.0,0.0,1.0,1.0,0.18,0.05,0.0,0.7681209,1.0,1.0,0.09107982,0.0,0.0032395571,0.0,0.0,0.07692954,0.0
0.0,0.0,0.22058824,0.1,0.0,0.0,0.0,0.0,0.0,0.0,0.0,0.0,0.0,0.0,0.0,0.0,0.0,0.0,0.0,0.0,0.0,0.0,0.02329667,0.019569471,1.0,1.0,0.0,0.0,0.05,0.07,0.0,0.7765281,1.0,1.0,0.08821004,0.0,0.0,0.0,0.0,0.0890733,0.0
0.013826561,0.0,0.04411765,0.3,0.0009789632,0.0,0.0,0.0,0.0,0.04647708,0.0,0.0,0.0,0.0,0.0,0.0011035353,0.0039859638,0.025877118,0.0,0.0,0.0,0.0684993,0.008945614,0.0704501,0.03,0.03,0.97,0.97,1.0,0.0,0.0,0.8698325,1.0,1.0,0.12462094,0.0,0.009218425,0.0,0.0,0.085299164,0.0
0.0,0.0,0.029411765,0.1,0.0,0.0,0.0,0.0,0.0,0.0,0.0,0.0,0.0,0.0,0.0,0.0,0.0,0.0,0.0,0.0,0.0,0.0,0.023003526,0.02739726,1.0,1.0,0.0,0.0,0.05,0.05,0.0,0.7805916,1.0,1.0,0.089645766,0.0,0.0,0.0,0.0,0.09040305,0.0
0.0,0.0,0.029411765,0.2,0.0,0.0,0.0,0.0,0.0,0.0,0.0,0.0,0.0,0.0,0.0,0.0,0.0,0.0,0.0,0.0,0.0,0.0,0.017283097,0.011741683,0.0,0.0,1.0,1.0,0.06,0.07,0.0,0.76246905,1.0,1.0,0.08928128,0.0,0.0030400753,0.0,0.0,0.07633147,0.0
0.0,0.0,0.029411765,0.2,0.0,0.0,0.0,0.0,0.0,0.0,0.0,0.0,0.0,0.0,0.0,0.0,0.0,0.0,0.0,0.0,0.0,0.0025146604,0.016873844,0.039138943,0.0,0.0,1.0,1.0,0.15,0.06,0.0,0.770362,1.0,1.0,0.09175234,0.0,0.0030188411,0.0,0.0,0.07775429,0.0
0.0,0.0,0.029411765,0.1,0.0,0.0,0.0,0.0,0.0,0.0,0.0,0.0,0.0,0.0,0.0,0.0,0.0,0.0,0.0,0.0,0.0,0.0,0.023436315,0.031311154,1.0,1.0,0.0,0.0,0.12,0.06,0.0,0.7754899,1.0,1.0,0.0877003,0.0,0.0,0.0,0.0,0.08834922,0.0
0.0,0.0,0.04411765,0.1,0.0,0.0,0.0,0.0,0.0,0.03156215,0.0,0.0,0.0,0.0,0.0,0.0,0.0009893179,0.010135859,0.0,0.0,0.0,0.04820901,0.013170011,0.0665362,0.41,0.41,0.59,0.59,1.0,0.0,0.0,0.842322,1.0,1.0,0.11367629,0.0,0.0060067624,0.0,0.0,0.086640716,0.0
0.015611193,0.0,0.04411765,0.3,0.0008993779,0.0,0.0,0.0,0.0,0.018246949,0.0,0.0,0.0,0.0,0.0,0.0,0.00088618696,0.0013675094,0.0,0.0,0.0,0.03684157,0.009734675,0.16242662,0.01,0.01,0.98,0.98,1.0,0.0,0.0,0.81523716,1.0,1.0,0.109509565,0.0,0.009338528,0.0,0.0,0.07601935,0.0
0.13010482,0.0,0.13235295,0.0,0.0,3.2691223e-05,0.0,0.0,0.0,0.0,0.0,0.0,0.0,0.0,0.0,0.0,0.0,0.0,0.0,0.0,0.0,0.0,0.01827541,0.0019569471,0.0,0.0,0.0,0.0,1.0,0.0,0.0,0.76183593,1.0,1.0,0.087735526,0.0,0.0032741427,0.0,0.0,0.082036614,0.0
0.0,0.0,0.13235295,0.8,0.0,3.2691223e-05,0.0,0.0,0.0,0.0,0.0,0.0,0.0,0.0,0.0,0.0,0.0,0.0,0.0,0.0,0.0,0.0,0.019795276,0.0019569471,1.0,1.0,0.0,0.0,1.0,0.0,0.0,0.75458217,1.0,1.0,0.08463422,0.0,0.0017907172,0.0,0.0,0.08188987,0.0
0.0,0.0,0.13235295,0.8,0.0,3.2691223e-05,0.0,0.0,0.0,0.025957257,0.0,0.0,0.0,0.0,0.0,0.0,0.0,0.0,0.0,0.0,0.0,0.0338673,0.019057356,0.0019569471,1.0,1.0,0.0,0.0,1.0,0.0,0.0,0.8316815,1.0,1.0,0.10590302,0.0,0.0,0.0,0.0,0.098140836,0.0
0.0,0.0,0.11764706,0.2,0.0,0.0,0.0,0.0,0.0,0.0,0.0,0.0,0.0,0.0,0.0,0.0,0.0,0.0,0.0,0.0,0.0,0.0015935898,0.016887002,0.015655577,0.0,0.0,1.0,1.0,0.03,0.06,0.0,0.7703413,1.0,1.0,0.09190803,0.0,0.0019601732,0.0,0.0,0.079354316,0.0
0.0,0.0,0.13235295,0.8,0.0,3.2691223e-05,0.0,0.0,0.0,0.0,0.0,0.0,0.0,0.0,0.0,0.0,0.0,0.0,0.0,0.0,0.0,0.0,0.019783616,0.0019569471,1.0,1.0,0.0,0.0,1.0,0.0,0.0,0.7566503,1.0,1.0,0.08518789,0.0,0.0017638654,0.0,0.0,0.082339495,0.0
0.0,0.0,0.029411765,0.2,0.0,0.0,0.0,0.0,0.0,0.0,0.0,0.0,0.0,0.0,0.0,0.0,0.0,0.0,0.0,0.0,0.0,0.003266275,0.017009817,0.017612524,0.05,0.0,0.95,1.0,0.04,0.07,0.0,0.77338433,1.0,1.0,0.09258113,0.0,0.0018962175,0.0,0.0,0.08016688,0.0
0.0156805,0.0,0.04411765,0.3,0.0008993779,0.0,0.0,0.0,0.0,0.0041017234,0.0,0.0,0.0,0.0,0.0,0.0,0.0,0.0,0.0,0.0,0.0,0.021229208,0.01022882,0.09589041,0.02,0.02,0.96,0.96,1.0,0.0,0.0,0.7882695,1.0,1.0,0.10193012,0.0,0.009589165,0.0,0.0,0.07069853,0.0
0.0,0.0,0.04411765,0.0,0.0008681168,0.0061771553,0.0,0.0,0.0,0.0,0.0,0.0,0.0,0.0,0.0,0.0,0.0,0.0,0.0,0.0,0.0,0.0,0.011325628,0.0058708414,0.0,0.0,0.0,0.0,1.0,0.0,0.0,0.7462764,1.0,1.0,0.08980592,0.0,0.009763494,0.0,0.0,0.06362909,0.0
0.0,0.0,0.029411765,0.2,0.0,0.0,0.0,0.0,0.0,0.0,0.0,0.0,0.0,0.0,0.0,0.0,0.0,0.0,0.0,0.0,0.0,0.00020459294,0.01704844,0.025440313,0.0,0.0,1.0,1.0,0.1,0.06,0.0,0.7665994,1.0,1.0,0.09061066,0.0,0.0029460192,0.0,0.0,0.077166975,0.0
0.0,0.0,0.13235295,0.8,0.0,3.2691223e-05,0.0,0.0,0.0,0.0,0.0,0.0,0.0,0.0,0.0,0.0,0.0,0.0,0.0,0.0,0.0,0.0,0.019844972,0.0019569471,1.0,1.0,0.0,0.0,1.0,0.0,0.0,0.7419113,1.0,1.0,0.08124565,0.0,0.0020124167,0.0,0.0,0.079203576,0.0
0.0,0.0,0.029411765,0.2,0.0,0.0,0.0,0.0,0.0,0.0,0.0,0.0,0.0,0.0,0.0,0.0,0.0,0.0,0.0,0.0,0.0,0.0,0.017078355,0.021526419,0.0,0.0,1.0,1.0,0.08,0.06,0.0,0.76587796,1.0,1.0,0.09040838,0.0,0.0028512478,0.0,0.0,0.077182084,0.0
0.0,0.0,0.19117647,0.1,0.0,0.0,0.0,0.0,0.0,0.0,0.0,0.0,0.0,0.0,0.0,0.0,0.0,0.0,0.0,0.0,0.0,0.0,0.023170702,0.015655577,1.0,1.0,0.0,0.0,0.03,0.06,0.0,0.776863,1.0,1.0,0.088496186,0.0,0.0,0.0,0.0,0.08950463,0.0
0.0,0.0,0.029411765,0.2,0.0,0.0,0.0,0.0,0.0,0.0,0.0,0.0,0.0,0.0,0.0,0.0,0.0,0.0,0.0,0.0,0.0,2.4050474e-05,0.017075546,0.023483366,0.0,0.0,1.0,1.0,0.09,0.07,0.0,0.7662816,1.0,1.0,0.09049814,0.0,0.0029671341,0.0,0.0,0.07706094,0.0
0.0,0.0,0.04411765,0.0,0.0008681168,0.0061771553,0.0,0.0,0.0,0.0,0.0,0.0,0.0,0.0,0.0,0.0,0.0,0.0,0.0,0.0,0.0,0.004466027,0.010779344,0.007827789,0.0,0.0,0.0,0.0,1.0,0.0,0.0,0.7593677,1.0,1.0,0.09379085,0.0,0.009808019,0.0,0.0,0.06516361,0.0
0.0,0.0,0.029411765,0.2,0.0,0.0,0.0,0.0,0.0,0.0,0.0,0.0,0.0,0.0,0.0,0.0,0.0,0.0,0.0,0.0,0.0,0.0,0.017084092,0.011741683,0.0,0.0,1.0,1.0,0.03,0.07,0.0,0.7668805,1.0,1.0,0.09073589,0.0,0.0023847073,0.0,0.0,0.07814577,0.0
0.0,0.0,0.4117647,0.2,0.0,0.0,0.0,0.0,0.0,0.0,0.0,0.0,0.0,0.0,0.0,0.0,0.0,0.0,0.0,0.0,0.0,0.00056272745,0.016943336,0.021526419,0.0,0.0,1.0,1.0,0.05,0.06,0.0,0.76790595,1.0,1.0,0.09114363,0.0,0.0024377853,0.0,0.0,0.07811305,0.0
0.0,0.0,0.029411765,0.1,0.0,0.0,0.0,0.0,0.0,0.0,0.0,0.0,0.0,0.0,0.0,0.0,0.0,0.0,0.0,0.0,0.0,0.0,0.023467697,0.02739726,1.0,1.0,0.0,0.0,0.1,0.06,0.0,0.77369046,1.0,1.0,0.08721318,0.0,0.0,0.0,0.0,0.088011354,0.0
0.0,0.0,0.5588235,0.1,0.0,0.0,0.0,0.0,0.0,0.0,0.0,0.0,0.0,0.0,0.0,0.0,0.0,0.0,0.0,0.0,0.0,0.0,0.023765676,0.0019569471,1.0,1.0,0.0,0.0,0.01,0.06,0.0,0.7665155,1.0,1.0,0.08504289,0.0,0.0,0.0,0.0,0.08642864,0.0
0.015628519,0.0,0.04411765,0.3,0.00094585575,0.0,0.0,0.0,0.0,0.017221749,0.0,0.0,0.0,0.0,0.0,0.0,0.0007647276,0.0005283654,0.0,0.0,0.0,0.035713047,0.009770885,0.15655577,0.01,0.01,0.98,0.98,1.0,0.0,0.0,0.81328666,1.0,1.0,0.10896077,0.0,0.009359017,0.0,0.0,0.0756253,0.0
0.0,0.0,0.8382353,0.5,0.0,0.0,0.0,0.0,0.0,0.0,0.0,0.0,0.0,0.0,0.0,0.0,0.0,0.0,0.0,0.0,0.0,0.00088739395,0.016959228,0.03522505,0.0,0.0,1.0,1.0,0.15,0.06,0.0,0.7674469,1.0,1.0,0.09089317,0.0,0.0031377375,0.0,0.0,0.07696414,0.0
0.12530538,0.0,0.13235295,0.0,0.0,3.2691223e-05,0.0,0.0,0.0,0.0,0.0,0.0,0.0,0.0,0.0,0.0,0.0,0.0,0.0,0.0,0.0,0.0,0.017663464,0.0019569471,0.0,0.0,0.0,0.0,1.0,0.0,0.0,0.74745476,1.0,1.0,0.084523715,0.0,0.004113421,0.0,0.0,0.07601237,0.0
1.7326518e-05,0.0,0.22058824,0.0,4.1368454e-05,0.00021769383,0.0,0.0,0.0,0.0,0.0,0.0,0.0,0.0,0.0,0.0,0.0,0.0,0.0,0.0,0.0,0.004200697,0.011809684,0.0039138943,0.0,0.0,0.0,0.0,1.0,0.0,0.0,0.75952256,1.0,1.0,0.092748635,0.0,0.008974075,0.0,0.0,0.07059303,0.0
0.0,1.0,0.36764705,0.0,1.6044403e-05,0.0,0.0,0.0,0.0,0.006321639,0.0,0.0,0.0,0.0,0.0,0.0,0.0,0.0,0.0,0.0,0.0,0.017886877,0.014981903,0.8082192,0.0,0.0,0.0,0.0,1.0,0.0,0.0,0.790735,1.0,1.0,0.09898741,0.0,0.0031408966,0.0,0.0,0.088299364,0.0
0.13003552,0.0,0.13235295,0.0,0.0,3.2691223e-05,0.0,0.0,0.0,0.0,0.0,0.0,0.0,0.0,0.0,0.0,0.0,0.0,0.0,0.0,0.0,0.0,0.01825685,0.0019569471,0.0,0.0,0.0,0.0,1.0,0.0,0.0,0.76196396,1.0,1.0,0.087785445,0.0,0.003281191,0.0,0.0,0.08206463,0.0
0.0,1.0,0.36764705,0.0,1.6044403e-05,0.0,0.0,0.0,0.0,0.0070306063,0.0,0.0,0.0,0.0,0.0,0.0,0.0,0.0,0.0,0.0,0.0,0.018436134,0.015037462,0.86692756,0.0,0.0,0.0,0.0,1.0,0.0,0.0,0.7920852,1.0,1.0,0.0993223,0.0,0.0029375404,0.0,0.0,0.08872372,0.0
0.0,1.0,0.36764705,0.0,1.6044403e-05,0.0,0.0,0.0,0.0,0.008543074,0.0,0.0,0.0,0.0,0.0,0.0,0.0,0.0,0.0,0.0,0.0,0.019607842,0.015156068,0.9921722,0.0,0.0,0.0,0.0,1.0,0.0,0.0,0.7949655,1.0,1.0,0.100036584,0.0,0.0025036186,0.0,0.0,0.08962917,0.0
0.0,0.0,0.04411765,0.0,0.0008681168,0.0061771553,0.0,0.0,0.0,0.0,0.0,0.0,0.0,0.0,0.0,0.0,0.0,0.0,0.0,0.0,0.0,0.004663646,0.010922484,0.011741683,0.0,0.0,0.0,0.0,1.0,0.0,0.33,0.75974476,1.0,1.0,0.09374363,0.0,0.009755194,0.0,0.0,0.06567651,0.0
0.0,0.0,0.029411765,0.1,0.0,0.0,0.0,0.0,0.0,0.0,0.0,0.0,0.0,0.0,0.0,0.0,0.0,0.0,0.0,0.0,0.0,0.0,0.02339556,0.007827789,1.0,1.0,0.0,0.0,0.02,0.07,0.0,0.7737255,1.0,1.0,0.08739602,0.0,0.0,0.0,0.0,0.088508666,0.0
0.0,0.0,0.13235295,0.8,0.0,3.2691223e-05,0.0,0.0,0.0,0.0,0.0,0.0,0.0,0.0,0.0,0.0,0.0,0.0,0.0,0.0,0.0,0.0,0.030330323,0.0019569471,1.0,1.0,0.0,0.0,1.0,0.0,0.0,0.6558853,0.94409144,1.0,0.046867482,0.0,0.007705584,0.0,0.0,0.0631859,0.0
0.0,0.0,0.029411765,0.1,0.0,0.0,0.0,0.0,0.0,0.0,0.0,0.0,0.0,0.0,0.0,0.0,0.0,0.0,0.0,0.0,0.0,0.0,0.023674458,0.0039138943,1.0,1.0,0.0,0.0,0.01,0.06,0.0,0.76796484,1.0,1.0,0.085541435,0.0,0.0,0.0,0.0,0.0868386,0.0
0.0,0.0,0.029411765,0.2,0.0,0.0,0.0,0.0,0.0,0.0,0.0,0.0,0.0,0.0,0.0,0.0,0.0,0.0,0.0,0.0,0.0,0.0014562905,0.017034024,0.015655577,0.0,0.0,1.0,1.0,0.04,0.07,0.0,0.7697116,1.0,1.0,0.09153656,0.0,0.0022758096,0.0,0.0,0.078909814,0.0
0.14140171,0.0,0.13235295,0.0,0.0,1.1144735e-05,0.0,0.0,0.0,0.0,0.0,0.0,0.0,0.0,0.0,0.0,0.0,0.0,0.0,0.0,0.0,0.0,0.01915329,0.0019569471,0.0,0.0,0.0,0.0,1.0,0.0,0.0,0.74161446,1.0,1.0,0.08182093,0.0,0.0018392503,0.0,0.0,0.077145964,0.0
0.0,0.0,0.029411765,0.2,0.0,0.0,0.0,0.0,0.0,0.0,0.0,0.0,0.0,0.0,0.0,0.0,0.0,0.0,0.0,0.0,0.0,0.0023237169,0.016845696,0.017612524,0.0,0.0,1.0,1.0,0.03,0.06,0.0,0.7715986,1.0,1.0,0.09227931,0.0,0.0019492358,0.0,0.0,0.07958433,0.0
0.0,0.0,0.029411765,0.1,0.0,0.0,0.0,0.0,0.0,0.0,0.0,0.0,0.0,0.0,0.0,0.0,0.0,0.0,0.0,0.0,0.0,0.0,0.023468897,0.031311154,1.0,1.0,0.0,0.0,0.13,0.06,0.0,0.77504706,1.0,1.0,0.08753986,0.0,0.0,0.0,0.0,0.08818963,0.0
0.0,0.0,0.029411765,0.2,0.0,0.0,0.0,0.0,0.0,0.0,0.0,0.0,0.0,0.0,0.0,0.0,0.0,0.0,0.0,0.0,0.0,0.0,0.017111853,0.019569471,0.0,0.0,1.0,1.0,0.07,0.06,0.0,0.76541793,1.0,1.0,0.09024895,0.0,0.0028935075,0.0,0.0,0.077017546,0.0
0.0,0.0,0.9117647,0.2,0.0,0.0,0.0,0.0,0.0,0.0,0.0,0.0,0.0,0.0,0.0,0.0,0.0,0.0,0.0,0.0,0.0,0.0038841367,0.016765535,0.037181996,0.0,0.0,1.0,1.0,0.1,0.06,0.0,0.7733855,1.0,1.0,0.092726134,0.0,0.0025061518,0.0,0.0,0.07918805,0.0
0.0,0.0,0.029411765,0.2,0.0,0.0,0.0,0.0,0.0,0.0,0.0,0.0,0.0,0.0,0.0,0.0,0.0,0.0,0.0,0.0,0.0,0.0046804547,0.016656823,0.0332681,0.0,0.0,1.0,1.0,0.06,0.06,0.0,0.77539444,1.0,1.0,0.09343963,0.0,0.0020432323,0.0,0.0,0.08016062,0.0
5.1979554e-05,0.0,0.04411765,0.0,5.5709734e-07,0.0001894605,0.0,0.0,0.0,0.0,0.0,0.0,0.0,0.0,0.0,0.0,0.0,0.0,0.0,0.0,0.0,0.0,0.011879854,0.0332681,0.0,0.0,0.0,0.0,1.0,0.0,0.12,0.74342656,1.0,1.0,0.08853396,0.0,0.009774089,0.0,0.0,0.062455,0.0
0.0,0.0,0.9117647,0.2,0.0,0.0,0.0,0.0,0.0,0.0,0.0,0.0,0.0,0.0,0.0,0.0,0.0,0.0,0.0,0.0,0.0,0.0025265515,0.016816437,0.019569471,0.0,0.0,1.0,1.0,0.04,0.05,0.0,0.77196383,1.0,1.0,0.09240747,0.0,0.0019210726,0.0,0.0,0.0797098,0.0
0.0,0.0,0.029411765,0.2,0.0,0.0,0.0,0.0,0.0,0.0,0.0,0.0,0.0,0.0,0.0,0.0,0.0,0.0,0.0,0.0,0.0,0.0012812912,0.016916968,0.015655577,0.0,0.0,1.0,1.0,0.03,0.06,0.0,0.76967716,1.0,1.0,0.09168904,0.0,0.0020588934,0.0,0.0,0.07908115,0.0
0.0,1.0,0.36764705,0.0,1.6426413e-05,0.0,0.0,0.0,0.0,0.0,0.0,0.0,0.0,0.0,0.0,0.0,0.0,0.0,0.0,0.0,0.0,0.011320949,0.014180131,0.11545988,0.0,0.0,0.0,0.0,1.0,0.0,0.0,0.776332,1.0,1.0,0.09578701,0.0,0.0049193203,0.0,0.0,0.08211601,0.0
0.0,0.0,0.029411765,0.2,0.0,0.0,0.0,0.0,0.0,0.0,0.0,0.0,0.0,0.0,0.0,0.0,0.0,0.0,0.0,0.0,0.0,0.0047947466,0.01669772,0.0332681,0.0,0.0,1.0,1.0,0.07,0.07,0.0,0.7754537,1.0,1.0,0.09339262,0.0,0.002146691,0.0,0.0,0.08008805,0.0
0.14174825,0.0,0.13235295,0.0,0.0,1.1144735e-05,0.0,0.0,0.0,0.0,0.0,0.0,0.0,0.0,0.0,0.0,0.0,0.0,0.0,0.0,0.0,0.0,0.019118905,0.0019569471,0.0,0.0,0.0,0.0,1.0,0.0,0.0,0.7429538,1.0,1.0,0.08222718,0.0,0.0017222464,0.0,0.0,0.07741976,0.0
0.0,1.0,0.36764705,0.0,2.3557259e-05,0.0,0.0,0.33333334,0.0,0.0,0.0,0.0,0.0,0.0,0.0,0.0,0.0,0.0,0.0,0.0,0.0,0.0,0.025659136,0.0058708414,0.0,0.0,0.0,0.0,1.0,0.0,0.67,0.6755421,0.96953326,1.0,0.057357736,0.0,0.007847935,0.0,0.0,0.063076034,0.0
0.0,0.0,0.029411765,0.2,0.0,0.0,0.0,0.0,0.0,0.0,0.0,0.0,0.0,0.0,0.0,0.0,0.0,0.0,0.0,0.0,0.0,3.59416e-05,0.01701811,0.0039138943,0.0,0.0,1.0,1.0,0.01,0.06,0.0,0.7678833,1.0,1.0,0.09115329,0.0,0.0018693358,0.0,0.0,0.07901645,0.0
0.0,0.0,0.029411765,0.1,0.0,0.0,0.0,0.0,0.0,0.0,0.0,0.0,0.0,0.0,0.0,0.0,0.0,0.0,0.0,0.0,0.0,0.0,0.023010023,0.0039138943,0.84,1.0,0.16,0.0,0.01,0.07,0.0,0.77024055,1.0,1.0,0.08682086,0.0,0.0,0.0,0.0,0.087141454,0.0
1.7326518e-05,0.0,0.22058824,0.0,4.1368454e-05,0.00021769383,0.0,0.0,0.0,0.0,0.0,0.0,0.0,0.0,0.0,0.0,0.0,0.0,0.0,0.0,0.0,0.0013154745,0.012674108,0.0058708414,0.0,0.0,0.25,0.0,0.75,0.5,0.0,0.75594246,1.0,1.0,0.09104986,0.0,0.008056745,0.0,0.0,0.072844416,0.0
0.0,0.0,0.029411765,0.2,0.0,0.0,0.0,0.0,0.0,0.0,0.0,0.0,0.0,0.0,0.0,0.0,0.0,0.0,0.0,0.0,0.0,0.0,0.017129697,0.021526419,0.0,0.0,1.0,1.0,0.09,0.07,0.0,0.76473963,1.0,1.0,0.09003302,0.0,0.0030204207,0.0,0.0,0.07671389,0.0
0.0,0.0,0.44117647,0.2,0.0,0.0,0.0,0.0,0.0,0.0,0.0,0.0,0.0,0.0,0.0,0.0,0.0,0.0,0.0,0.0,0.0,0.0005567968,0.016972035,0.031311154,0.0,0.0,1.0,1.0,0.12,0.06,0.0,0.7671051,1.0,1.0,0.09081601,0.0,0.0029866546,0.0,0.0,0.077135354,0.0
0.0,0.0,0.029411765,0.2,0.0,0.0,0.0,0.0,0.0,0.0,0.0,0.0,0.0,0.0,0.0,0.0,0.0,0.0,0.0,0.0,0.0,0.00082051754,0.01696562,0.03522505,0.0,0.0,1.0,1.0,0.15,0.05,0.0,0.76730466,1.0,1.0,0.09084628,0.0,0.003158912,0.0,0.0,0.07690558,0.0
0.0,0.0,0.5441176,0.1,0.0,0.0,0.0,0.0,0.0,0.0,0.0,0.0,0.0,0.0,0.0,0.0,0.0,0.0,0.0,0.0,0.0,0.0,0.023313679,0.039138943,1.0,1.0,0.0,0.0,0.13,0.06,0.0,0.7786974,1.0,1.0,0.08866764,0.0,0.0,0.0,0.0,0.08907464,0.0
0.0,0.0,0.7352941,0.5,0.0,0.0,0.0,0.0,0.0,0.0,0.0,0.0,0.0,0.0,0.0,0.0,0.0,0.0,0.0,0.0,0.0,0.002412945,0.016837165,0.017612524,0.0,0.0,1.0,1.0,0.03,0.06,0.0,0.77178836,1.0,1.0,0.09234189,0.0,0.001921013,0.0,0.0,0.07966235,0.0
0.0,0.0,0.029411765,0.2,0.0,0.0,0.0,0.0,0.0,0.0,0.0,0.0,0.0,0.0,0.0,0.0,0.0,0.0,0.0,0.0,0.0,0.0,0.017135352,0.019569471,0.0,0.0,1.0,1.0,0.08,0.07,0.0,0.7648963,1.0,1.0,0.090076916,0.0,0.0029710382,0.0,0.0,0.07680297,0.0
0.0,0.0,0.38235295,0.2,0.0,0.0,0.0,0.0,0.0,0.0,0.0,0.0,0.0,0.0,0.0,0.0,0.0,0.0,0.0,0.0,0.0,0.002326399,0.016897209,0.017612524,0.0,0.0,1.0,1.0,0.04,0.07,0.0,0.7714206,1.0,1.0,0.09215408,0.0,0.002087891,0.0,0.0,0.07941416,0.0
0.12606774,0.0,0.13235295,0.0,0.0,3.2691223e-05,0.0,0.0,0.0,0.0,0.0,0.0,0.0,0.0,0.0,0.0,0.0,0.0,0.0,0.0,0.0,0.0,0.017844923,0.0019569471,0.0,0.0,0.0,0.0,1.0,0.0,0.0,0.76429975,1.0,1.0,0.088767566,0.0,0.0036916584,0.0,0.0,0.080818176,0.0
0.0,0.0,0.19117647,0.2,0.0,0.0,0.0,0.0,0.0,0.0,0.0,0.0,0.0,0.0,0.0,0.0,0.0,0.0,0.0,0.0,0.0,9.5039606e-05,0.017049156,0.02739726,0.0,0.0,1.0,1.0,0.11,0.06,0.0,0.76630056,1.0,1.0,0.09051985,0.0,0.0030165017,0.0,0.0,0.07701939,0.0
0.0,0.0,0.029411765,0.1,0.0,0.0,0.0,0.0,0.0,0.0,0.0,0.0,0.0,0.0,0.0,0.0,0.0,0.0,0.0,0.0,0.0,0.0,0.021188878,0.023483366,0.61,0.75,0.39,0.25,0.05,0.07,0.0,0.77426946,1.0,1.0,0.08935972,0.0,0.0,0.0,0.0,0.08595723,0.0
0.0,0.0,0.029411765,0.1,0.0,0.0,0.0,0.0,0.0,0.0,0.0,0.0,0.0,0.0,0.0,0.0,0.0,0.0,0.0,0.0,0.0,0.0,0.023378,0.037181996,1.0,1.0,0.0,0.0,0.13,0.06,0.0,0.7728735,1.0,1.0,0.087046035,0.0,0.0,0.0,0.0,0.08792147,0.0
0.12949839,0.0,0.13235295,0.0,0.0,3.2691223e-05,0.0,0.0,0.0,0.022068173,0.0,0.0,0.0,0.0,0.0,0.0,0.0,0.0,0.0,0.0,0.0,0.031206727,0.01846078,0.0019569471,0.0,0.0,0.0,0.0,1.0,0.0,0.0,0.8238455,1.0,1.0,0.104188494,0.0,0.0005618781,0.0,0.0,0.09623873,0.0
1.7326518e-05,0.0,0.22058824,0.0,4.1368454e-05,0.00021769383,0.0,0.0,0.0,0.0,0.0,0.0,0.0,0.0,0.0,0.0,0.0,0.0,0.0,0.0,0.0,0.0017040074,0.01258193,0.0039138943,0.0,0.0,0.0,0.0,1.0,0.0,0.0,0.75631845,1.0,1.0,0.09121167,0.0,0.0082125515,0.0,0.0,0.072690815,0.0
0.0,1.0,0.36764705,0.0,1.6044403e-05,0.0,0.0,0.0,0.0,0.0039111376,0.0,0.0,0.0,0.0,0.0,0.0,0.0,0.0,0.0,0.0,0.0,0.016019404,0.014792889,0.6086106,0.0,0.0,0.0,0.0,1.0,0.0,0.0,0.7861444,1.0,1.0,0.097848944,0.0,0.0038324445,0.0,0.0,0.086856455,0.0
0.0,0.0,0.029411765,0.1,0.0,0.0,0.0,0.0,0.0,0.0,0.0,0.0,0.0,0.0,0.0,0.0,0.0,0.0,0.0,0.0,0.0,0.0,0.023261018,0.019569471,1.0,1.0,0.0,0.0,0.04,0.07,0.0,0.77701116,1.0,1.0,0.08838513,0.0,0.0,0.0,0.0,0.089247435,0.0
0.0,0.0,0.13235295,0.5,0.0,0.0,0.0,0.0,0.0,0.004307866,0.0,0.0,0.0,0.0,0.0,0.0,0.0,0.0,0.0,0.0,0.0,0.015082449,0.016112722,0.03522505,0.0,0.0,1.0,1.0,0.26,0.06,0.0,0.79046535,1.0,1.0,0.09760841,0.0,0.0036973506,0.0,0.0,0.08084652,0.0
0.0,0.0,0.13235295,0.8,0.0,3.2691223e-05,0.0,0.0,0.0,0.0,0.0,0.0,0.0,0.0,0.0,0.0,0.0,0.0,0.0,0.0,0.0,0.0041591525,0.018074848,0.0019569471,1.0,1.0,0.0,0.0,1.0,0.0,0.0,0.7787161,1.0,1.0,0.09288364,0.0,4.4375658e-05,0.0,0.0,0.086695254,0.0
0.0,0.0,0.029411765,0.1,0.0,0.0,0.0,0.0,0.0,0.0,0.0,0.0,0.0,0.0,0.0,0.0,0.0,0.0,0.0,0.0,0.0,0.0,0.023347571,0.01369863,1.0,1.0,0.0,0.0,0.03,0.07,0.0,0.77510667,1.0,1.0,0.08779579,0.0,0.0,0.0,0.0,0.08878374,0.0
0.0,0.0,0.20588236,0.2,0.0,0.0,0.0,0.0,0.0,0.0,0.0,0.0,0.0,0.0,0.0,0.0,0.0,0.0,0.0,0.0,0.0,0.0012510717,0.01695723,0.031311154,0.0,0.0,1.0,1.0,0.11,0.06,0.0,0.76839745,1.0,1.0,0.0911757,0.0,0.0029068738,0.0,0.0,0.07756996,0.0
1.7326518e-05,0.0,0.22058824,0.0,4.1368454e-05,0.00021769383,0.0,0.0,0.0,0.0,0.0,0.0,0.0,0.0,0.0,0.0,0.0,0.0,0.0,0.0,0.0,0.00447309,0.011554576,0.0039138943,0.0,0.0,0.0,0.0,1.0,0.0,0.0,0.7599745,1.0,1.0,0.093135916,0.0,0.009085476,0.0,0.0,0.06962931,0.0
0.0,0.0,0.029411765,0.2,0.0,0.0,0.0,0.0,0.0,0.0,0.0,0.0,0.0,0.0,0.0,0.0,0.0,0.0,0.0,0.0,0.0,0.0044680536,0.016691156,0.025440313,0.0,0.0,1.0,1.0,0.04,0.06,0.0,0.77548134,1.0,1.0,0.09347301,0.0,0.0017387569,0.0,0.0,0.08072305,0.0
0.12741922,0.0,0.13235295,0.0,0.0,3.2691223e-05,0.0,0.0,0.0,0.0,0.0,0.0,0.0,0.0,0.0,0.0,0.0,0.0,0.0,0.0,0.0,0.0,0.018072672,0.0019569471,0.0,0.0,0.0,0.0,1.0,0.0,0.0,0.7368859,1.0,1.0,0.081293695,0.0,0.0041844994,0.0,0.0,0.075329304,0.0
0.0,0.0,0.0,0.2,0.0,0.0,0.0,0.0,0.0,0.0,0.0,0.0,0.0,0.0,0.0,0.0,0.0,0.0,0.0,0.0,0.0,0.002393484,0.016890168,0.025440313,0.0,0.0,1.0,1.0,0.06,0.07,0.0,0.77107,1.0,1.0,0.09201837,0.0,0.0023941249,0.0,0.0,0.07890868,0.0
0.0,0.0,0.25,0.1,0.0,0.0,0.0,0.0,0.0,0.0,0.0,0.0,0.0,0.0,0.0,0.0,0.0,0.0,0.0,0.0,0.0,0.0,0.023403168,0.0332681,1.0,1.0,0.0,0.0,0.12,0.07,0.0,0.7767525,1.0,1.0,0.08806377,0.0,0.0,0.0,0.0,0.08859646,0.0
0.1392359,0.0,0.13235295,0.0,0.0,3.2691223e-05,0.0,0.0,0.0,0.0,0.0,0.0,0.0,0.0,0.0,0.0,0.0,0.0,0.0,0.0,0.0,0.0,0.032745846,0.0019569471,0.0,0.0,0.0,0.0,1.0,0.0,0.0,0.6450031,0.9302332,1.0,0.04124885,0.0,0.009057671,0.0,0.0,0.06149216,0.0
0.1295677,0.0,0.13235295,0.0,0.0,3.2691223e-05,0.0,0.0,0.0,0.022880048,0.0,0.0,0.0,0.0,0.0,0.0,0.0,0.0,0.0,0.0,0.0,0.03204739,0.018480942,0.0019569471,0.0,0.0,0.0,0.0,1.0,0.0,0.0,0.82544756,1.0,1.0,0.10460123,0.0,0.00049985945,0.0,0.0,0.096520424,0.0
0.0,0.0,0.029411765,0.2,0.0,0.0,0.0,0.0,0.0,0.0,0.0,0.0,0.0,0.0,0.0,0.0,0.0,0.0,0.0,0.0,0.0,0.0,0.01721429,0.015655577,0.0,0.0,1.0,1.0,0.07,0.06,0.0,0.76212335,1.0,1.0,0.08926471,0.0,0.0030688196,0.0,0.0,0.07607129,0.0
0.0,0.0,0.0,0.2,0.0,0.0,0.0,0.0,0.0,0.0027733743,0.0,0.0,0.0,0.0,0.0,0.0,0.0,0.0,0.0,0.0,0.0,0.013644367,0.016204499,0.0039138943,0.0,0.0,1.0,1.0,0.07,0.14,0.0,0.7876291,1.0,1.0,0.09674894,0.0,0.0038884878,0.0,0.0,0.08022672,0.0
0.12996621,0.0,0.13235295,0.0,0.0,3.2691223e-05,0.0,0.0,0.0,0.0,0.0,0.0,0.0,0.0,0.0,0.0,0.0,0.0,0.0,0.0,0.0,0.0,0.018163286,0.0019569471,0.0,0.0,0.0,0.0,1.0,0.0,0.0,0.762264,1.0,1.0,0.08794569,0.0,0.0033587962,0.0,0.0,0.08195856,0.0
0.0,0.0,0.029411765,0.2,0.0,0.0,0.0,0.0,0.0,0.0,0.0,0.0,0.0,0.0,0.0,0.0,0.0,0.0,0.0,0.0,0.0,0.0041247904,0.016700372,0.03522505,0.0,0.0,1.0,1.0,0.08,0.06,0.0,0.7741469,1.0,1.0,0.09303597,0.0,0.002254665,0.0,0.0,0.079622835,0.0
0.035761934,0.0,0.04411765,0.3,0.0008872809,0.0,0.0,0.0,0.0,0.038330466,0.0,0.0,0.0,0.0,0.0,0.0,0.002815105,0.018916845,0.0,0.0,0.0,0.059438676,0.009437278,0.025440313,0.0,0.0,1.0,1.0,1.0,0.0,0.0,0.8543668,1.0,1.0,0.12007173,0.0,0.009276122,0.0,0.0,0.08263552,0.0
0.0,0.0,0.5882353,0.2,0.0,0.0,0.0,0.0,0.0,0.0,0.0,0.0,0.0,0.0,0.0,0.0,0.0,0.0,0.0,0.0,0.0,0.0,0.01729858,0.007827789,0.0,0.0,1.0,1.0,0.03,0.07,0.0,0.76172686,1.0,1.0,0.0890876,0.0,0.0029858798,0.0,0.0,0.07617247,0.0
0.035588667,0.0,0.04411765,0.3,0.001155006,0.0,0.0,0.0,0.0,0.027613372,0.0,0.0,0.0,0.0,0.0,0.0,0.0015672371,0.009685755,0.0,0.0,0.0,0.04746282,0.009791575,0.025440313,0.0,0.0,1.0,1.0,1.0,0.0,0.0,0.8337252,1.0,1.0,0.114298396,0.0,0.00935109,0.0,0.0,0.07905808,0.0
0.0,1.0,0.36764705,0.0,1.6044403e-05,0.0,0.0,0.0,0.0,0.0017693937,0.0,0.0,0.0,0.0,0.0,0.0,0.0,0.0,0.0,0.0,0.0,0.014135957,0.014557697,0.41291586,0.0,0.0,0.0,0.0,1.0,0.0,0.0,0.7821779,1.0,1.0,0.09699909,0.0,0.004278362,0.0,0.0,0.08500171,0.0
0.0,0.0,0.5441176,0.5,0.0,0.0,0.0,0.0,0.0,0.0,0.0,0.0,0.0,0.0,0.0,0.0,0.0,0.0,0.0,0.0,0.0,0.0027146637,0.016793609,0.0332681,0.0,0.0,1.0,1.0,0.08,0.06,0.0,0.7713982,1.0,1.0,0.09218841,0.0,0.0025246888,0.0,0.0,0.07861397,0.0
0.0,0.0,0.029411765,0.1,0.0,0.0,0.0,0.0,0.0,0.0,0.0,0.0,0.0,0.0,0.0,0.0,0.0,0.0,0.0,0.0,0.0,0.0,0.021108612,0.03522505,0.33,0.94,0.67,0.06,0.06,0.06,0.0,0.77326465,1.0,1.0,0.08929699,0.0,0.0,0.0,0.0,0.08572185,0.0
0.0,1.0,0.36764705,0.0,1.6426413e-05,0.0,0.0,0.0,0.0,0.0,0.0,0.0,0.0,0.0,0.0,0.0,0.0,0.0,0.0,0.0,0.0,0.0,0.019860305,1.0,0.0,0.0,0.0,0.0,1.0,0.0,0.0,0.72769034,1.0,1.0,0.07796431,0.0,0.0023024827,0.0,0.0,0.07367137,0.0
0.0,0.0,0.029411765,0.1,0.0,0.0,0.0,0.0,0.0,0.0,0.0,0.0,0.0,0.0,0.0,0.0,0.0,0.0,0.0,0.0,0.0,0.0,0.023436792,0.02739726,1.0,1.0,0.0,0.0,0.09,0.05,0.0,0.77471185,1.0,1.0,0.087515734,0.0,0.0,0.0,0.0,0.088284045,0.0
0.0,0.0,0.13235295,0.5,0.0,0.0,0.0,0.0,0.0,0.0,0.0,0.0,0.0,0.0,0.0,0.0,0.0,0.0,0.0,0.0,0.0,0.00108248,0.016926877,0.009784736,0.0,0.0,1.0,1.0,0.02,0.06,0.0,0.7696816,1.0,1.0,0.09171837,0.0,0.0018301904,0.0,0.0,0.07941952,0.0
0.0,0.0,0.13235295,0.8,0.0,3.2691223e-05,0.0,0.0,0.0,0.0,0.0,0.0,0.0,0.0,0.0,0.0,0.0,0.0,0.0,0.0,0.0,0.0,0.031674974,0.0019569471,1.0,1.0,0.0,0.0,1.0,0.0,0.0,0.64979875,0.9363431,1.0,0.04372575,0.0,0.008487046,0.0,0.0,0.06222059,0.0
0.0,0.0,0.029411765,0.2,0.0,0.0,0.0,0.0,0.0,0.0,0.0,0.0,0.0,0.0,0.0,0.0,0.0,0.0,0.0,0.0,0.0,0.0023946166,0.01681938,0.021526419,0.0,0.0,1.0,1.0,0.04,0.06,0.0,0.77161753,1.0,1.0,0.09230096,0.0,0.0019985884,0.0,0.0,0.07954267,0.0
0.0,1.0,0.36764705,0.0,1.6426413e-05,0.0,0.0,0.0,0.0,0.0041474104,0.0,0.0,0.0,0.0,0.0,0.0,0.0,0.0,0.0,0.0,0.0,0.01620251,0.014811464,0.62818,0.0,0.0,0.0,0.0,1.0,0.0,0.0,0.7865944,1.0,1.0,0.097960584,0.0,0.0037646443,0.0,0.0,0.0869979,0.0
0.0,0.0,0.029411765,0.2,0.0,0.0,0.0,0.0,0.0,0.0,0.0,0.0,0.0,0.0,0.0,0.0,0.0,0.0,0.0,0.0,0.0,0.004322797,0.016629532,0.03522505,0.0,0.0,1.0,1.0,0.07,0.05,0.0,0.77475166,1.0,1.0,0.093301944,0.0,0.0020525753,0.0,0.0,0.07996857,0.0
0.0,0.0,0.029411765,0.1,0.0,0.0,0.0,0.0,0.0,0.0,0.0,0.0,0.0,0.0,0.0,0.0,0.0,0.0,0.0,0.0,0.0,0.0,0.023586877,0.017612524,1.0,1.0,0.0,0.0,0.07,0.06,0.0,0.7714256,1.0,1.0,0.08650001,0.0,0.0,0.0,0.0,0.08743277,0.0
0.0,0.0,0.25,0.1,0.0,0.0,0.0,0.0,0.0,0.0,0.0,0.0,0.0,0.0,0.0,0.0,0.0,0.0,0.0,0.0,0.0,0.0,0.023759782,0.0019569471,1.0,1.0,0.0,0.0,0.01,0.06,0.0,0.76659596,1.0,1.0,0.08507205,0.0,0.0,0.0,0.0,0.0864577,0.0
0.0,0.0,0.5294118,0.2,0.0,0.0,0.0,0.0,0.0,0.0,0.0,0.0,0.0,0.0,0.0,0.0,0.0,0.0,0.0,0.0,0.0,0.0012338758,0.016869724,0.015655577,0.0,0.0,1.0,1.0,0.03,0.06,0.0,0.76976025,1.0,1.0,0.091782935,0.0,0.0019342899,0.0,0.0,0.07921225,0.0
0.0,0.0,0.44117647,0.2,0.0,0.0,0.0,0.0,0.0,0.0,0.0,0.0,0.0,0.0,0.0,0.0,0.0,0.0,0.0,0.0,0.0,0.002072513,0.016897298,0.03522505,0.0,0.0,1.0,1.0,0.12,0.05,0.0,0.769783,1.0,1.0,0.09159703,0.0,0.0029030293,0.0,0.0,0.0778279,0.0
0.0,0.0,0.5735294,0.2,0.0,0.0,0.0,0.0,0.0,0.0,0.0,0.0,0.0,0.0,0.0,0.0,0.0,0.0,0.0,0.0,0.0,0.0011328459,0.016935661,0.03522505,0.0,0.0,1.0,1.0,0.14,0.05,0.0,0.7679688,1.0,1.0,0.09106522,0.0,0.0030602366,0.0,0.0,0.07717875,0.0
0.0,0.0,0.4852941,0.1,0.0,0.0,0.0,0.0,0.0,0.0,0.0,0.0,0.0,0.0,0.0,0.0,0.0,0.0,0.0,0.0,0.0,0.0,0.023055755,0.023483366,1.0,1.0,0.0,0.0,0.04,0.06,0.0,0.78056824,1.0,1.0,0.089576356,0.0,0.0,0.0,0.0,0.09031412,0.0
0.0,0.0,0.073529415,0.2,0.0,0.0,0.0,0.0,0.0,0.0,0.0,0.0,0.0,0.0,0.0,0.0,0.0,0.0,0.0,0.0,0.0,0.0004172027,0.016971782,0.0058708414,0.0,0.0,1.0,1.0,0.01,0.06,0.0,0.7686281,1.0,1.0,0.09140658,0.0,0.0017848015,0.0,0.0,0.07929811,0.0
0.0,0.0,0.1764706,0.2,0.0,0.0,0.0,0.0,0.0,0.0,0.0,0.0,0.0,0.0,0.0,0.0,0.0,0.0,0.0,0.0,0.0,0.0,0.017238028,0.011741683,0.0,0.0,1.0,1.0,0.05,0.06,0.0,0.7625048,1.0,1.0,0.089359514,0.0,0.0029224604,0.0,0.0,0.07644305,0.0
0.0,0.0,0.029411765,0.1,0.0,0.0,0.0,0.0,0.0,0.00022298098,0.0,0.0,0.0,0.0,0.0,0.0,0.0,0.0,0.0,0.0,0.0,0.00055518746,0.022907063,0.039138943,1.0,1.0,0.0,0.0,0.07,0.06,0.0,0.78421474,1.0,1.0,0.090666376,0.0,0.0,0.0,0.0,0.09106305,0.0
0.0,0.0,0.029411765,0.2,0.0,0.0,0.0,0.0,0.0,0.0,0.0,0.0,0.0,0.0,0.0,0.0,0.0,0.0,0.0,0.0,0.0,0.0005450547,0.01698763,0.015655577,0.0,0.0,1.0,1.0,0.04,0.06,0.0,0.7681117,1.0,1.0,0.09117282,0.0,0.002291426,0.0,0.0,0.07843733,0.0
0.14193884,0.0,0.13235295,0.0,0.0,1.1144735e-05,0.0,0.0,0.0,0.0,0.0,0.0,0.0,0.0,0.0,0.0,0.0,0.0,0.0,0.0,0.0,0.0,0.037008934,0.0019569471,0.0,0.0,0.0,0.0,1.0,0.0,0.0,0.6268822,0.9067939,1.0,0.031948514,0.0,0.009788737,0.0,0.0,0.06040241,0.0
0.0,0.0,0.029411765,0.2,0.0,0.0,0.0,0.0,0.0,0.0,0.0,0.0,0.0,0.0,0.0,0.0,0.0,0.0,0.0,0.0,0.0,0.0018960238,0.016904496,0.037181996,0.0,0.0,1.0,1.0,0.14,0.05,0.0,0.7693418,1.0,1.0,0.09145921,0.0,0.002994582,0.0,0.0,0.07762185,0.0
0.0,0.0,0.029411765,0.2,0.0,0.0,0.0,0.0,0.0,0.0,0.0,0.0,0.0,0.0,0.0,0.0,0.0,0.0,0.0,0.0,0.0,0.004082948,0.019210272,0.0019569471,0.84,0.0,0.16,1.0,0.0,0.08,0.0,0.7788924,1.0,1.0,0.09213736,0.0,7.9765916e-05,0.0,0.0,0.08433524,0.0
0.0,0.0,0.3382353,0.1,0.0,0.0,0.0,0.0,0.0,0.0,0.0,0.0,0.0,0.0,0.0,0.0,0.0,0.0,0.0,0.0,0.0,0.0,0.023603424,0.021526419,1.0,1.0,0.0,0.0,0.1,0.05,0.0,0.7717198,1.0,1.0,0.086532466,0.0,0.0,0.0,0.0,0.08742842,0.0
0.0,0.0,0.029411765,0.2,0.0,0.0,0.0,0.0,0.0,0.0,0.0,0.0,0.0,0.0,0.0,0.0,0.0,0.0,0.0,0.0,0.0,0.0,0.017119475,0.017612524,0.0,0.0,1.0,1.0,0.06,0.06,0.0,0.76456654,1.0,1.0,0.090027,0.0,0.0028816909,0.0,0.0,0.07678911,0.0
0.0,0.0,0.04411765,0.0,0.0008681168,0.0061771553,0.0,0.0,0.0,0.0,0.0,0.0,0.0,0.0,0.0,0.0,0.0,0.0,0.0,0.0,0.0,0.005501002,0.0107494,0.007827789,0.0,0.0,0.0,0.0,1.0,0.0,0.5,0.76114833,1.0,1.0,0.094287924,0.0,0.009805575,0.0,0.0,0.06545982,0.0
1.7326518e-05,0.0,0.22058824,0.0,4.1368454e-05,0.00021769383,0.0,0.0,0.0,0.0,0.0,0.0,0.0,0.0,0.0,0.0,0.0,0.0,0.0,0.0,0.0,0.004463345,0.011736184,0.0058708414,0.0,0.0,0.0,0.0,1.0,0.0,0.0,0.75997674,1.0,1.0,0.09294542,0.0,0.008997276,0.0,0.0,0.07040876,0.0
0.0,0.0,0.029411765,0.1,0.0,0.0,0.0,0.0,0.0,0.0,0.0,0.0,0.0,0.0,0.0,0.0,0.0,0.0,0.0,0.0,0.0,0.0,0.023056522,0.0332681,1.0,1.0,0.0,0.0,0.07,0.07,0.0,0.78266144,1.0,1.0,0.09006926,0.0,0.0,0.0,0.0,0.090535134,0.0
0.0,1.0,0.36764705,0.0,1.6044403e-05,0.0,0.0,0.0,0.0,0.002214253,0.0,0.0,0.0,0.0,0.0,0.0,0.0,0.0,0.0,0.0,0.0,0.0145326555,0.014608182,0.45401174,0.0,0.0,0.0,0.0,1.0,0.0,0.0,0.78299904,1.0,1.0,0.09717166,0.0,0.004189864,0.0,0.0,0.085401,0.0
0.0,0.0,0.11764706,0.1,0.0,0.0,0.0,0.0,0.0,0.0,0.0,0.0,0.0,0.0,0.0,0.0,0.0,0.0,0.0,0.0,0.0,0.0,0.023266576,0.031311154,1.0,1.0,0.0,0.0,0.09,0.08,0.0,0.7796012,1.0,1.0,0.08898712,0.0,0.0,0.0,0.0,0.089544654,0.0
0.0,0.0,0.029411765,0.2,0.0,0.0,0.0,0.0,0.0,0.0,0.0,0.0,0.0,0.0,0.0,0.0,0.0,0.0,0.0,0.0,0.0,0.00066640973,0.016970597,0.037181996,0.0,0.0,1.0,1.0,0.18,0.06,0.0,0.76691103,1.0,1.0,0.09072419,0.0,0.0032435507,0.0,0.0,0.07671893,0.0
0.015628519,0.0,0.04411765,0.3,0.0009923336,0.0,0.0,0.0,0.0,0.020297289,0.0,0.0,0.0,0.0,0.0,0.0,0.0011289567,0.0030457377,0.0,0.0,0.0,0.03909859,0.009662323,0.1741683,0.01,0.01,0.98,0.98,1.0,0.0,0.0,0.81913817,1.0,1.0,0.11060711,0.0,0.00929755,0.0,0.0,0.07680738,0.0
0.0,0.0,0.029411765,0.2,0.0,0.0,0.0,0.0,0.0,0.0,0.0,0.0,0.0,0.0,0.0,0.0,0.0,0.0,0.0,0.0,0.0,0.0019792318,0.016925223,0.039138943,0.0,0.0,1.0,1.0,0.18,0.07,0.0,0.7692236,1.0,1.0,0.09137695,0.0,0.003188029,0.0,0.0,0.077286094,0.0
0.0,0.0,0.029411765,0.2,0.0,0.0,0.0,0.0,0.0,0.0,0.0,0.0,0.0,0.0,0.0,0.0,0.0,0.0,0.0,0.0,0.0,0.0033459663,0.016765997,0.029354207,0.0,0.0,1.0,1.0,0.06,0.07,0.0,0.772918,1.0,1.0,0.0926586,0.0,0.0022092015,0.0,0.0,0.079453915,0.0
0.015663173,0.0,0.04411765,0.3,0.0009923336,0.0,0.0,0.0,0.0,0.0,0.0,0.0,0.0,0.0,0.0,0.0,0.0,0.0,0.0,0.0,0.0,0.0041371286,0.010811374,0.01369863,0.0,0.0,1.0,1.0,1.0,0.0,0.0,0.758788,1.0,1.0,0.093600206,0.0,0.009834722,0.0,0.0,0.06503898,0.0
0.0,0.0,0.029411765,0.2,0.0,0.0,0.0,0.0,0.0,0.0,0.0,0.0,0.0,0.0,0.0,0.0,0.0,0.0,0.0,0.0,0.0,0.0043972135,0.01671628,0.037181996,0.0,0.0,1.0,1.0,0.09,0.07,0.0,0.7744764,1.0,1.0,0.09308585,0.0,0.002344057,0.0,0.0,0.07963669,0.0
0.0,0.0,0.029411765,0.1,0.0,0.0,0.0,0.0,0.0,0.0,0.0,0.0,0.0,0.0,0.0,0.0,0.0,0.0,0.0,0.0,0.0,0.0,0.022812016,0.019569471,0.88,1.0,0.12,0.0,0.09,0.06,0.0,0.7654785,1.0,1.0,0.08556167,0.0,0.0,0.0,0.0,0.084607184,0.0
0.0,0.0,0.13235295,0.5,0.0,0.0,0.0,0.0,0.0,0.0,0.0,0.0,0.0,0.0,0.0,0.0,0.0,0.0,0.0,0.0,0.0,0.0048770607,0.01671023,0.03522505,0.01,0.0,0.99,1.0,0.07,0.06,0.0,0.77559257,1.0,1.0,0.09341537,0.0,0.0021496713,0.0,0.0,0.08012885,0.0
0.0,0.0,0.029411765,0.2,0.0,0.0,0.0,0.0,0.0,0.0,0.0,0.0,0.0,0.0,0.0,0.0,0.0,0.0,0.0,0.0,0.0,0.0052158237,0.016605482,0.0332681,0.0,0.0,1.0,1.0,0.06,0.06,0.0,0.77653277,1.0,1.0,0.09381499,0.0,0.001874134,0.0,0.0,0.0806289,0.0
0.0,0.0,0.029411765,0.2,0.0,0.0,0.0,0.0,0.0,0.0,0.0,0.0,0.0,0.0,0.0,0.0,0.0,0.0,0.0,0.0,0.0,0.0,0.017414562,0.0019569471,0.0,0.0,1.0,1.0,0.01,0.07,0.0,0.7577915,1.0,1.0,0.08793535,0.0,0.0030805469,0.0,0.0,0.07524982,0.0
0.0,0.0,0.029411765,0.1,0.0,0.0,0.0,0.0,0.0,0.0,0.0,0.0,0.0,0.0,0.0,0.0,0.0,0.0,0.0,0.0,0.0,0.0,0.023390107,0.0058708414,1.0,1.0,0.0,0.0,0.01,0.07,0.0,0.77298653,1.0,1.0,0.08722233,0.0,0.0,0.0,0.0,0.08845016,0.0
0.0,1.0,0.36764705,0.0,8.276875e-06,0.0,0.0,0.0,0.0,0.0,0.0,0.0,0.0,0.0,0.0,0.0,0.0,0.0,0.0,0.0,0.0,0.0025194585,0.016948506,1.0,0.0,0.0,0.0,0.0,1.0,0.0,0.0,0.76750946,1.0,1.0,0.09118872,0.0,0.0024576783,0.0,0.0,0.08270508,0.0
0.0,0.0,0.029411765,0.1,0.0,0.0,0.0,0.0,0.0,0.0,0.0,0.0,0.0,0.0,0.0,0.0,0.0,0.0,0.0,0.0,0.0,0.0,0.021839902,0.0058708414,0.77,0.67,0.23,0.33,0.02,0.06,0.0,0.76793706,1.0,1.0,0.08697813,0.0,0.0,0.0,0.0,0.08463976,0.0
0.0,0.0,0.38235295,0.2,0.0,0.0,0.0,0.0,0.0,0.0,0.0,0.0,0.0,0.0,0.0,0.0,0.0,0.0,0.0,0.0,0.0,0.0012450516,0.016986504,0.0332681,0.0,0.0,1.0,1.0,0.15,0.07,0.0,0.76808965,1.0,1.0,0.09103083,0.0,0.0031284392,0.0,0.0,0.077156276,0.0
0.0,0.0,0.6764706,0.5,0.0,0.0,0.0,0.0,0.0,0.0,0.0,0.0,0.0,0.0,0.0,0.0,0.0,0.0,0.0,0.0,0.0,0.0009534061,0.016981289,0.011741683,0.0,0.0,1.0,1.0,0.02,0.07,0.0,0.7691573,1.0,1.0,0.091486715,0.0,0.002046451,0.0,0.0,0.07908225,0.0
1.7326518e-05,0.0,0.22058824,0.0,4.1368454e-05,0.00021769383,0.0,0.0,0.0,0.0,0.0,0.0,0.0,0.0,0.0,0.0,0.0,0.0,0.0,0.0,0.0,0.002956301,0.01096873,0.0039138943,0.0,0.0,0.33,0.0,0.67,0.67,0.0,0.7568723,1.0,1.0,0.09293216,0.0,0.009691298,0.0,0.0,0.06556925,0.0
0.0,0.0,0.7941176,0.2,0.0,0.0,0.0,0.0,0.0,0.0,0.0,0.0,0.0,0.0,0.0,0.0,0.0,0.0,0.0,0.0,0.0,0.0,0.017322086,0.007827789,0.0,0.0,1.0,1.0,0.04,0.07,0.0,0.7612051,1.0,1.0,0.08891555,0.0,0.0030634254,0.0,0.0,0.075957894,0.0
0.0,0.0,0.029411765,0.1,0.0,0.0,0.0,0.0,0.0,0.0,0.0,0.0,0.0,0.0,0.0,0.0,0.0,0.0,0.0,0.0,0.0,0.0,0.023748182,0.007827789,1.0,1.0,0.0,0.0,0.04,0.06,0.0,0.7677362,1.0,1.0,0.085361294,0.0,0.0,0.0,0.0,0.08654094,0.0
0.0,0.0,0.11764706,0.2,0.0,0.0,0.0,0.0,0.0,0.0,0.0,0.0,0.0,0.0,0.0,0.0,0.0,0.0,0.0,0.0,0.0,0.0044614077,0.016658343,0.037181996,0.0,0.0,1.0,1.0,0.08,0.06,0.0,0.77479684,1.0,1.0,0.09325797,0.0,0.002184257,0.0,0.0,0.07986534,0.0
0.0,0.0,0.04411765,0.0,0.0008681168,0.0061771553,0.0,0.0,0.0,0.0,0.0,0.0,0.0,0.0,0.0,0.0,0.0,0.0,0.0,0.0,0.0,0.0063275397,0.010805048,0.009784736,0.0,0.0,0.0,0.0,1.0,0.0,0.4,0.76258373,1.0,1.0,0.09460669,0.0,0.009770125,0.0,0.0,0.065984845,0.0
0.0,0.0,0.029411765,0.2,0.0,0.0,0.0,0.0,0.0,0.0,0.0,0.0,0.0,0.0,0.0,0.0,0.0,0.0,0.0,0.0,0.0,0.0022383928,0.01683499,0.01369863,0.0,0.0,1.0,1.0,0.02,0.06,0.0,0.77177835,1.0,1.0,0.09237417,0.0,0.0017205626,0.0,0.0,0.07997006,0.0
0.0,1.0,0.36764705,0.0,1.6426413e-05,0.0,0.0,0.0,0.0,0.0,0.0,0.0,0.0,0.0,0.0,0.0,0.0,0.0,0.0,0.0,0.0,0.012114733,0.014300324,0.2035225,0.0,0.0,0.0,0.0,1.0,0.0,0.0,0.7779945,1.0,1.0,0.09611996,0.0,0.0047291815,0.0,0.0,0.08296722,0.0
0.0,0.0,0.029411765,0.1,0.0,0.0,0.0,0.0,0.0,0.0,0.0,0.0,0.0,0.0,0.0,0.0,0.0,0.0,0.0,0.0,0.0,0.0,0.023053497,0.031311154,1.0,1.0,0.0,0.0,0.06,0.06,0.0,0.78068507,1.0,1.0,0.08958232,0.0,0.0,0.0,0.0,0.090221524,0.0
0.0,0.0,0.029411765,0.1,0.0,0.0,0.0,0.0,0.0,0.0,0.0,0.0,0.0,0.0,0.0,0.0,0.0,0.0,0.0,0.0,0.0,0.0,0.020819873,0.023483366,0.35,0.83,0.65,0.17,0.09,0.06,0.0,0.7618586,1.0,1.0,0.08629366,0.0,0.0,0.0,0.0,0.0812608,0.0
1.7326518e-05,0.0,0.22058824,0.0,4.1368454e-05,0.00021769383,0.0,0.0,0.0,0.0,0.0,0.0,0.0,0.0,0.0,0.0,0.0,0.0,0.0,0.0,0.0,0.0,0.01424098,0.0039138943,0.0,0.0,0.0,0.0,1.0,0.0,0.0,0.7460085,1.0,1.0,0.08728664,0.0,0.0064448267,0.0,0.0,0.07098016,0.0
0.0,0.0,0.029411765,0.2,0.0,0.0,0.0,0.0,0.0,0.0,0.0,0.0,0.0,0.0,0.0,0.0,0.0,0.0,0.0,0.0,0.0,0.0025961697,0.01686158,0.019569471,0.0,0.0,1.0,1.0,0.04,0.06,0.0,0.7719282,1.0,1.0,0.0923292,0.0,0.0020385832,0.0,0.0,0.07959816,0.0
0.0,0.0,0.5882353,0.2,0.0,0.0,0.0,0.0,0.0,0.0,0.0,0.0,0.0,0.0,0.0,0.0,0.0,0.0,0.0,0.0,0.0,0.0013558865,0.016914278,0.03522505,0.0,0.0,1.0,1.0,0.13,0.06,0.0,0.7684431,1.0,1.0,0.09122164,0.0,0.0029898286,0.0,0.0,0.07737377,0.0
0.0,0.0,0.04411765,0.0,0.0008681168,0.0061771553,0.0,0.0,0.0,0.0,0.0,0.0,0.0,0.0,0.0,0.0,0.0,0.0,0.0,0.0,0.0,0.009156764,0.010687225,0.007827789,0.0,0.0,0.0,0.0,1.0,0.0,0.0,0.7674811,1.0,1.0,0.096014045,0.0,0.009752065,0.0,0.0,0.06672078,0.0
0.0,0.0,0.1764706,0.2,0.0,0.0,0.0,0.0,0.0,0.0,0.0,0.0,0.0,0.0,0.0,0.0,0.0,0.0,0.0,0.0,0.0,0.0,0.017018892,0.0058708414,0.0,0.0,1.0,1.0,0.01,0.07,0.0,0.76758456,1.0,1.0,0.09106245,0.0,0.0019397885,0.0,0.0,0.078868866,0.0
0.0,0.0,0.029411765,0.2,0.0,0.0,0.0,0.0,0.0,0.0,0.0,0.0,0.0,0.0,0.0,0.0,0.0,0.0,0.0,0.0,0.0,0.0,0.01716683,0.0019569471,0.0,0.0,1.0,1.0,0.0,0.08,0.0,0.76617527,1.0,1.0,0.09050032,0.0,0.0021718144,0.0,0.0,0.07840717,0.0
0.0,0.0,0.029411765,0.2,0.0,0.0,0.0,0.0,0.0,0.0,0.0,0.0,0.0,0.0,0.0,0.0,0.0,0.0,0.0,0.0,0.0,0.0013117194,0.01707016,0.007827789,0.0,0.0,1.0,1.0,0.02,0.08,0.0,0.7696835,1.0,1.0,0.091511734,0.0,0.002140537,0.0,0.0,0.07915419,0.0
5.1979554e-05,0.0,0.04411765,0.3,0.0005344951,0.005423771,0.0,0.0,0.0,0.0,0.0,0.0,0.0,0.0,0.0,0.0,0.0,0.0,0.0,0.0,0.0,0.0007734895,0.011098415,0.007827789,0.0,0.0,0.75,0.75,1.0,0.0,0.0,0.75306726,1.0,1.0,0.09181184,0.0,0.009787694,0.0,0.0,0.0645363,0.0
0.0,0.0,0.04411765,0.0,0.0008681168,0.0061771553,0.0,0.0,0.0,0.0,0.0,0.0,0.0,0.0,0.0,0.0,0.0,0.0,0.0,0.0,0.0,0.0045339763,0.010942087,0.017612524,0.0,0.0,0.0,0.0,1.0,0.0,0.22,0.75953805,1.0,1.0,0.09367069,0.0,0.00975582,0.0,0.0,0.06562692,0.0
0.0,1.0,0.36764705,0.0,8.08587e-06,0.0,0.0,0.0,0.0,0.006699741,0.0,0.0,0.0,0.0,0.0,0.0,0.0,0.0,0.0,0.0,0.0,0.018179804,0.015011556,0.83953035,0.0,0.0,0.0,0.0,1.0,0.0,0.0,0.79145503,1.0,1.0,0.09916597,0.0,0.003032431,0.0,0.0,0.08852571,0.0
0.12790436,0.0,0.13235295,0.0,0.0,3.2691223e-05,0.0,0.0,0.0,0.0,0.0,0.0,0.0,0.0,0.0,0.0,0.0,0.0,0.0,0.0,0.0,0.0,0.018248193,0.0019569471,0.0,0.0,0.0,0.0,1.0,0.0,0.0,0.7340454,1.0,1.0,0.08036593,0.0,0.004180804,0.0,0.0,0.075140506,0.0
0.03591787,0.0,0.04411765,0.3,0.0008993779,0.0,0.0,0.0,0.0,0.00758639,0.0,0.0,0.0,0.0,0.0,0.0,0.0,0.0,0.0,0.0,0.0,0.025101155,0.010484494,0.019569471,0.3,0.3,0.7,0.7,1.0,0.0,0.0,0.79519033,1.0,1.0,0.10348872,0.0,0.00949882,0.0,0.0,0.07236713,0.0
0.12762713,0.0,0.13235295,0.0,0.0,3.2691223e-05,0.0,0.0,0.0,0.01789236,0.0,0.0,0.0,0.0,0.0,0.0,0.0,0.0,0.0,0.0,0.0,0.027630985,0.018136263,0.0019569471,0.0,0.0,0.0,0.0,1.0,0.0,0.0,0.815621,1.0,1.0,0.10219159,0.0,0.0014586747,0.0,0.0,0.094361186,0.0
0.0,0.0,0.04411765,0.1,0.0,0.0,0.0,0.0,0.0,0.043435782,0.0,0.0,0.0,0.0,0.0,0.0,0.001830101,0.018250823,0.0,0.0,0.0,0.060289025,0.013641134,0.08023483,0.85,0.85,0.12,0.12,1.0,0.0,0.0,0.8647802,1.0,1.0,0.11918645,0.0,0.004895389,0.0,0.0,0.09380618,0.0
0.0,0.0,0.7941176,0.1,0.0,0.0,0.0,0.0,0.0,0.0,0.0,0.0,0.0,0.0,0.0,0.0,0.0,0.0,0.0,0.0,0.0,0.0,0.020149827,0.037181996,0.42,0.63,0.58,0.37,0.13,0.06,0.0,0.76980674,1.0,1.0,0.088908784,0.0,0.0,0.0,0.0,0.082817376,0.0
0.0,0.0,0.029411765,0.2,0.0,0.0,0.0,0.0,0.0,0.0,0.0,0.0,0.0,0.0,0.0,0.0,0.0,0.0,0.0,0.0,0.0,0.0,0.01725509,0.011741683,0.0,0.0,1.0,1.0,0.05,0.07,0.0,0.76212525,1.0,1.0,0.08923442,0.0,0.002978906,0.0,0.0,0.07628697,0.0
0.0,0.0,0.029411765,0.1,0.0,0.0,0.0,0.0,0.0,0.0,0.0,0.0,0.0,0.0,0.0,0.0,0.0,0.0,0.0,0.0,0.0,0.0,0.022785217,0.021526419,0.9,1.0,0.1,0.0,0.04,0.06,0.0,0.7775998,1.0,1.0,0.089027695,0.0,0.0,0.0,0.0,0.089212686,0.0
0.0,0.0,0.029411765,0.1,0.0,0.0,0.0,0.0,0.0,0.0,0.0,0.0,0.0,0.0,0.0,0.0,0.0,0.0,0.0,0.0,0.0,0.0,0.02355425,0.019569471,1.0,1.0,0.0,0.0,0.07,0.06,0.0,0.7718272,1.0,1.0,0.08664217,0.0,0.0,0.0,0.0,0.08756998,0.0
0.0,0.0,0.14705883,0.5,0.0,0.0,0.0,0.0,0.0,0.0,0.0,0.0,0.0,0.0,0.0,0.0,0.0,0.0,0.0,0.0,0.0,0.0015720129,0.01695007,0.021526419,0.0,0.0,1.0,1.0,0.05,0.06,0.0,0.76968455,1.0,1.0,0.0915971,0.0,0.002398029,0.0,0.0,0.07865068,0.0
0.015541887,0.0,0.04411765,0.3,0.0011623278,0.0,0.0,0.0,0.0,0.053634197,0.0,0.0,0.0,0.0,0.0,0.0029865801,0.004701212,0.031832308,0.0,0.0,0.0,0.07642424,0.00882069,0.058708414,0.17,0.17,0.83,0.83,1.0,0.0,0.0,0.8836087,1.0,1.0,0.12836495,0.0,0.009096906,0.0,0.0,0.0880104,0.0
0.0,0.0,0.11764706,0.1,0.0,0.0,0.0,0.0,0.0,0.0,0.0,0.0,0.0,0.0,0.0,0.0,0.0,0.0,0.0,0.0,0.0,0.0,0.023369297,0.0039138943,1.0,1.0,0.0,0.0,0.01,0.07,0.0,0.77330995,1.0,1.0,0.08734276,0.0,0.0,0.0,0.0,0.08857411,0.0
0.0,0.0,0.3970588,0.2,0.0,0.0,0.0,0.0,0.0,0.0,0.0,0.0,0.0,0.0,0.0,0.0,0.0,0.0,0.0,0.0,0.0,0.0,0.017287962,0.007827789,0.0,0.0,1.0,1.0,0.03,0.06,0.0,0.7619641,1.0,1.0,0.0891658,0.0,0.0029505938,0.0,0.0,0.076270044,0.0
0.0,0.0,0.029411765,0.1,0.0,0.0,0.0,0.0,0.0,0.0,0.0,0.0,0.0,0.0,0.0,0.0,0.0,0.0,0.0,0.0,0.0,0.0,0.023218602,0.0332681,1.0,1.0,0.0,0.0,0.1,0.1,0.0,0.7810651,1.0,1.0,0.08942347,0.0,0.0,0.0,0.0,0.08986449,0.0
0.0,0.0,0.029411765,0.2,0.0,0.0,0.0,0.0,0.0,0.0,0.0,0.0,0.0,0.0,0.0,0.0,0.0,0.0,0.0,0.0,0.0,0.00097462535,0.016960591,0.0332681,0.0,0.0,1.0,1.0,0.13,0.06,0.0,0.7676983,1.0,1.0,0.09096836,0.0,0.003074333,0.0,0.0,0.07709223,0.0
0.0,0.0,0.04411765,0.0,0.0008681168,0.0061771553,0.0,0.0,0.0,0.0,0.0,0.0,0.0,0.0,0.0,0.0,0.0,0.0,0.0,0.0,0.0,0.0,0.011412501,0.009784736,0.0,0.0,0.0,0.0,1.0,0.0,0.0,0.7425916,1.0,1.0,0.08875,0.0,0.009756416,0.0,0.0,0.063153535,0.0
0.0,0.0,0.61764705,0.2,0.0,0.0,0.0,0.0,0.0,0.0,0.0,0.0,0.0,0.0,0.0,0.0,0.0,0.0,0.0,0.0,0.0,0.0046203136,0.016694896,0.037181996,0.0,0.0,1.0,1.0,0.08,0.06,0.0,0.77495086,1.0,1.0,0.09324228,0.0,0.0022736043,0.0,0.0,0.07983181,0.0
0.0,0.0,0.029411765,0.2,0.0,0.0,0.0,0.0,0.0,0.0,0.0,0.0,0.0,0.0,0.0,0.0,0.0,0.0,0.0,0.0,0.0,0.0,0.017215848,0.009784736,0.0,0.0,1.0,1.0,0.03,0.06,0.0,0.763278,1.0,1.0,0.089606784,0.0,0.002781555,0.0,0.0,0.07678577,0.0
0.0,0.0,0.029411765,0.2,0.0,0.0,0.0,0.0,0.0,0.0,0.0,0.0,0.0,0.0,0.0,0.0,0.0,0.0,0.0,0.0,0.0,0.0011376143,0.016977213,0.037181996,0.0,0.0,1.0,1.0,0.19,0.07,0.0,0.76772916,1.0,1.0,0.09092746,0.0,0.0032342076,0.0,0.0,0.07695854,0.0
0.0,0.0,0.029411765,0.2,0.0,0.0,0.0,0.0,0.0,0.0,0.0,0.0,0.0,0.0,0.0,0.0,0.0,0.0,0.0,0.0,0.0,0.0,0.017131127,0.023483366,0.0,0.0,1.0,1.0,0.12,0.06,0.0,0.7650484,1.0,1.0,0.09009152,0.0,0.0031503737,0.0,0.0,0.0765537,0.0
0.0,0.0,0.5294118,0.1,0.0,0.0,0.0,0.0,0.0,0.0,0.0,0.0,0.0,0.0,0.0,0.0,0.0,0.0,0.0,0.0,0.0,0.0,0.023526654,0.011741683,1.0,1.0,0.0,0.0,0.04,0.1,0.0,0.77306783,1.0,1.0,0.08701619,0.0,0.0,0.0,0.0,0.08806589,0.0
1.7326518e-05,0.0,0.22058824,0.0,4.1368454e-05,0.00021769383,0.0,0.0,0.0,0.0,0.0,0.0,0.0,0.0,0.0,0.0,0.0,0.0,0.0,0.0,0.0,0.0032572746,0.011023834,0.0058708414,0.0,0.0,0.25,0.0,0.75,0.5,0.0,0.75747085,1.0,1.0,0.09303417,0.0,0.009622574,0.0,0.0,0.06599164,0.0
0.0,0.0,0.04411765,0.2,0.0,0.0,0.0,0.0,0.0,0.00095424056,0.0,0.0,0.0,0.0,0.0,0.0,0.0,0.0,0.0,0.0,0.0,0.011680812,0.016370304,0.019569471,0.0,0.0,1.0,1.0,0.43,0.17,0.0,0.7843877,1.0,1.0,0.09573036,0.0,0.0039637387,0.0,0.0,0.07924503,0.0
0.0,0.0,0.029411765,0.2,0.0,0.0,0.0,0.0,0.0,0.0,0.0,0.0,0.0,0.0,0.0,0.0,0.0,0.0,0.0,0.0,0.0,0.0054071248,0.017337032,0.037181996,0.01,0.11,0.99,0.89,0.07,0.06,0.0,0.77818966,1.0,1.0,0.09359091,0.0,0.0011929423,0.0,0.0,0.08275306,0.0
0.0,0.0,0.6617647,0.1,0.0,0.0,0.0,0.0,0.0,0.0,0.0,0.0,0.0,0.0,0.0,0.0,0.0,0.0,0.0,0.0,0.0,0.0,0.023635246,0.0039138943,1.0,1.0,0.0,0.0,0.01,0.1,0.0,0.7703041,1.0,1.0,0.08618636,0.0,0.0,0.0,0.0,0.08739543,0.0
0.0,1.0,0.36764705,0.0,1.6044403e-05,0.0,0.0,0.0,0.0,0.0032522082,0.0,0.0,0.0,0.0,0.0,0.0,0.0,0.0,0.0,0.0,0.0,0.015458286,0.014726102,0.54990214,0.0,0.0,0.0,0.0,1.0,0.0,0.0,0.78491485,1.0,1.0,0.0975742,0.0,0.0039833933,0.0,0.0,0.08633271,0.0
0.0,0.0,0.029411765,0.1,0.0,0.0,0.0,0.0,0.0,0.0,0.0,0.0,0.0,0.0,0.0,0.0,0.0,0.0,0.0,0.0,0.0,0.0,0.023177013,0.03522505,1.0,1.0,0.0,0.0,0.1,0.09,0.0,0.7815875,1.0,1.0,0.08960941,0.0,0.0,0.0,0.0,0.09004524,0.0
0.0,1.0,0.36764705,0.0,1.6044403e-05,0.0,0.0,0.0,0.0,0.0,0.0,0.0,0.0,0.0,0.0,0.0,0.0,0.0,0.0,0.0,0.0,0.011175036,0.01412119,0.08806262,0.0,0.0,0.0,0.0,1.0,0.0,0.0,0.77598834,1.0,1.0,0.09574943,0.0,0.004979536,0.0,0.0,0.08185908,0.0
0.0,0.0,0.19117647,0.2,0.0,0.0,0.0,0.0,0.0,0.0,0.0,0.0,0.0,0.0,0.0,0.0,0.0,0.0,0.0,0.0,0.0,0.00439921,0.016706966,0.031311154,0.0,0.0,1.0,1.0,0.06,0.07,0.0,0.7749078,1.0,1.0,0.09325596,0.0,0.0020519942,0.0,0.0,0.080150634,0.0
0.133033,0.0,0.13235295,0.0,0.0,3.2691223e-05,0.0,0.0,0.0,0.0,0.0,0.0,0.0,0.0,0.0,0.0,0.0,0.0,0.0,0.0,0.0,0.0,0.019602664,0.0019569471,0.0,0.0,0.0,0.0,1.0,0.0,0.0,0.75669193,1.0,1.0,0.08533173,0.0,0.001975879,0.0,0.0,0.0822714,0.0
0.0,1.0,0.36764705,0.0,1.6426413e-05,0.0,0.0,0.0,0.0,0.0015999377,0.0,0.0,0.0,0.0,0.0,0.0,0.0,0.0,0.0,0.0,0.0,0.013984859,0.014538437,0.39726028,0.0,0.0,0.0,0.0,1.0,0.0,0.0,0.78186524,1.0,1.0,0.09693336,0.0,0.0043120384,0.0,0.0,0.084849656,0.0
0.0,0.0,0.029411765,0.2,0.0,0.0,0.0,0.0,0.0,0.0,0.0,0.0,0.0,0.0,0.0,0.0,0.0,0.0,0.0,0.0,0.0,0.0,0.017178185,0.019569471,0.0,0.0,1.0,1.0,0.09,0.07,0.0,0.7639475,1.0,1.0,0.08976408,0.0,0.0031120032,0.0,0.0,0.07641274,0.0
0.0,0.0,0.029411765,0.2,0.0,0.0,0.0,0.0,0.0,0.0,0.0,0.0,0.0,0.0,0.0,0.0,0.0,0.0,0.0,0.0,0.0,0.0,0.017300919,0.007827789,0.0,0.0,1.0,1.0,0.04,0.08,0.0,0.76263976,1.0,1.0,0.08932213,0.0,0.00296247,0.0,0.0,0.07645112,0.0
0.0,0.0,0.029411765,0.1,0.0,0.0,0.0,0.0,0.0,0.0,0.0,0.0,0.0,0.0,0.0,0.0,0.0,0.0,0.0,0.0,0.0,0.0,0.023628227,0.011741683,1.0,1.0,0.0,0.0,0.05,0.06,0.0,0.7698829,1.0,1.0,0.08606487,0.0,0.0,0.0,0.0,0.08720434,0.0
0.0,0.0,0.029411765,0.2,0.0,0.0,0.0,0.0,0.0,0.0,0.0,0.0,0.0,0.0,0.0,0.0,0.0,0.0,0.0,0.0,0.0,0.0025718212,0.016873673,0.017612524,0.0,0.0,1.0,1.0,0.04,0.07,0.0,0.7719424,1.0,1.0,0.09232616,0.0,0.002010405,0.0,0.0,0.079628766,0.0
0.13131768,0.0,0.13235295,0.0,0.0,3.2691223e-05,0.0,0.0,0.0,0.026755452,0.0,0.0,0.0,0.0,0.0,0.0,0.0,0.0,0.0,0.0,0.0,0.035285234,0.018843211,0.0019569471,0.0,0.0,0.0,0.0,1.0,0.0,0.0,0.8331133,1.0,1.0,0.106412865,0.0,0.0,0.0,0.0,0.09832442,0.0
0.0,0.0,0.04411765,0.1,0.0,0.0,0.0,0.0,0.0,0.056219757,0.0,0.0,0.0,0.0,0.0,0.0,0.0024783239,0.025120497,0.0,0.0,0.0,0.07122481,0.015750214,0.1741683,1.0,1.0,0.0,0.0,1.0,0.0,0.0,0.8891221,1.0,1.0,0.123837,0.0,0.0018548667,0.0,0.0,0.10502663,0.0
0.0,1.0,0.36764705,0.0,1.6044403e-05,0.0,0.0,0.0,0.0,0.0,0.0,0.0,0.0,0.0,0.0,0.0,0.0,0.0,0.0,0.0,0.0,0.010810196,0.01397378,0.019569471,0.0,0.0,0.0,0.0,1.0,0.0,0.0,0.7751292,1.0,1.0,0.095655404,0.0,0.0051300526,0.0,0.0,0.081216544,0.0
0.0,0.0,0.8382353,0.1,0.0,0.0,0.0,0.0,0.0,0.0,0.0,0.0,0.0,0.0,0.0,0.0,0.0,0.0,0.0,0.0,0.0,0.0,0.023519903,0.023483366,1.0,1.0,0.0,0.0,0.09,0.05,0.0,0.7736671,1.0,1.0,0.08714386,0.0,0.0,0.0,0.0,0.087922335,0.0
0.0,0.0,0.029411765,0.1,0.0,0.0,0.0,0.0,0.0,0.0,0.0,0.0,0.0,0.0,0.0,0.0,0.0,0.0,0.0,0.0,0.0,0.0,0.023120515,0.031311154,1.0,1.0,0.0,0.0,0.07,0.07,0.0,0.7803775,1.0,1.0,0.08940338,0.0,0.0,0.0,0.0,0.09001523,0.0
0.0,0.0,0.029411765,0.2,0.0,0.0,0.0,0.0,0.0,0.0,0.0,0.0,0.0,0.0,0.0,0.0,0.0,0.0,0.0,0.0,0.0,0.00039571524,0.017034821,0.011741683,0.0,0.0,1.0,1.0,0.03,0.06,0.0,0.7679714,1.0,1.0,0.09109568,0.0,0.0022226274,0.0,0.0,0.078594476,0.0
0.0,0.0,0.29411766,0.1,0.0,0.0,0.0,0.0,0.0,0.0,0.0,0.0,0.0,0.0,0.0,0.0,0.0,0.0,0.0,0.0,0.0,0.0,0.023252606,0.01369863,1.0,1.0,0.0,0.0,0.03,0.07,0.0,0.7763953,1.0,1.0,0.08826261,0.0,0.0,0.0,0.0,0.08924818,0.0
0.14264922,0.0,0.13235295,0.0,0.0,1.1144735e-05,0.0,0.0,0.0,0.0,0.0,0.0,0.0,0.0,0.0,0.0,0.0,0.0,0.0,0.0,0.0,0.0,0.019165896,0.0019569471,0.0,0.0,0.0,0.0,1.0,0.0,0.0,0.7442316,1.0,1.0,0.08256682,0.0,0.001464799,0.0,0.0,0.077658504,0.0
0.0,0.0,0.029411765,0.1,0.0,0.0,0.0,0.0,0.0,0.0,0.0,0.0,0.0,0.0,0.0,0.0,0.0,0.0,0.0,0.0,0.0,0.0,0.023368292,0.015655577,1.0,1.0,0.0,0.0,0.04,0.06,0.0,0.7747834,1.0,1.0,0.08767531,0.0,0.0,0.0,0.0,0.08865976,0.0
0.0,0.0,0.029411765,0.2,0.0,0.0,0.0,0.0,0.0,0.0,0.0,0.0,0.0,0.0,0.0,0.0,0.0,0.0,0.0,0.0,0.0,0.0,0.017263673,0.011741683,0.0,0.0,1.0,1.0,0.05,0.08,0.0,0.7619356,1.0,1.0,0.08917185,0.0,0.0030070692,0.0,0.0,0.07620895,0.0
0.0,0.0,0.04411765,0.0,0.0008681168,0.0061771553,0.0,0.0,0.0,0.0,0.0,0.0,0.0,0.0,0.0,0.0,0.0,0.0,0.0,0.0,0.0,0.007167369,0.01067479,0.05479452,0.0,0.0,0.0,0.0,1.0,0.0,0.07,0.7639506,1.0,1.0,0.09509673,0.0,0.009840086,0.0,0.0,0.06579512,0.0
0.0,0.0,0.13235295,0.5,0.0,0.0,0.0,0.0,0.0,0.0,0.0,0.0,0.0,0.0,0.0,0.0,0.0,0.0,0.0,0.0,0.0,0.0027523935,0.016846001,0.02739726,0.0,0.0,1.0,1.0,0.06,0.07,0.0,0.77176726,1.0,1.0,0.09225594,0.0,0.0023165792,0.0,0.0,0.07917085,0.0
0.0,0.0,0.25,0.5,0.0,0.0,0.0,0.0,0.0,0.0,0.0,0.0,0.0,0.0,0.0,0.0,0.0,0.0,0.0,0.0,0.0,0.0,0.01725366,0.007827789,0.0,0.0,1.0,1.0,0.03,0.06,0.0,0.76272297,1.0,1.0,0.08941605,0.0,0.0028378665,0.0,0.0,0.07658216,0.0
0.013826561,0.0,0.04411765,0.3,0.0009102015,0.0,0.0,0.0,0.0,0.04542604,0.0,0.0,0.0,0.0,0.0,0.00081291795,0.0038605705,0.025029123,0.0,0.0,0.0,0.06734744,0.008983381,0.06262231,0.0,0.0,1.0,1.0,1.0,0.0,0.0,0.8678397,1.0,1.0,0.12405925,0.0,0.009243429,0.0,0.0,0.08488062,0.0
0.0,0.0,0.029411765,0.1,0.0,0.0,0.0,0.0,0.0,0.0,0.0,0.0,0.0,0.0,0.0,0.0,0.0,0.0,0.0,0.0,0.0,0.0,0.02368275,0.011741683,1.0,1.0,0.0,0.0,0.12,0.15,0.0,0.77456486,1.0,1.0,0.08715343,0.0,0.0,0.0,0.0,0.08803293,0.0
0.0,0.0,0.13235295,0.8,0.0,3.2691223e-05,0.0,0.0,0.0,0.0,0.0,0.0,0.0,0.0,0.0,0.0,0.0,0.0,0.0,0.0,0.0,0.0,0.02053354,0.0019569471,1.0,1.0,0.0,0.0,1.0,0.0,0.0,0.71999514,1.0,1.0,0.07465959,0.0,0.0029601455,0.0,0.0,0.07407367,0.0
0.0,0.0,0.0,0.2,0.0,0.0,0.0,0.0,0.0,0.0,0.0,0.0,0.0,0.0,0.0,0.0,0.0,0.0,0.0,0.0,0.0,0.0025265515,0.016816437,0.019569471,0.0,0.0,1.0,1.0,0.04,0.06,0.0,0.77196383,1.0,1.0,0.09240747,0.0,0.0019210726,0.0,0.0,0.0797098,0.0
0.0,0.0,0.029411765,0.2,0.0,0.0,0.0,0.0,0.0,0.0,0.0,0.0,0.0,0.0,0.0,0.0,0.0,0.0,0.0,0.0,0.0,0.0,0.017213628,0.01369863,0.0,0.0,1.0,1.0,0.06,0.06,0.0,0.7624222,1.0,1.0,0.08935549,0.0,0.0029982775,0.0,0.0,0.07621893,0.0
0.0,0.0,0.04411765,0.0,0.0008681168,0.0061771553,0.0,0.0,0.0,0.0,0.0,0.0,0.0,0.0,0.0,0.0,0.0,0.0,0.0,0.0,0.0,0.009307414,0.010610156,0.017612524,0.0,0.0,0.0,0.0,1.0,0.0,0.22,0.76763904,1.0,1.0,0.096129574,0.0,0.009821698,0.0,0.0,0.06646091,0.0
0.0,0.0,0.13235295,0.8,0.0,3.2691223e-05,0.0,0.0,0.0,0.0,0.0,0.0,0.0,0.0,0.0,0.0,0.0,0.0,0.0,0.0,0.0,0.0,0.031132668,0.0019569471,1.0,1.0,0.0,0.0,1.0,0.0,0.0,0.6522233,0.9394523,1.0,0.04497137,0.0,0.008245662,0.0,0.0,0.062505916,0.0
0.0,0.0,0.029411765,0.2,0.0,0.0,0.0,0.0,0.0,0.0,0.0,0.0,0.0,0.0,0.0,0.0,0.0,0.0,0.0,0.0,0.0,0.0012116432,0.01687187,0.015655577,0.0,0.0,1.0,1.0,0.03,0.06,0.0,0.7697128,1.0,1.0,0.09176732,0.0,0.001941368,0.0,0.0,0.07919273,0.0
0.14131509,0.0,0.13235295,0.0,0.0,1.1144735e-05,0.0,0.0,0.0,0.0,0.0,0.0,0.0,0.0,0.0,0.0,0.0,0.0,0.0,0.0,0.0,0.0,0.02166181,0.0019569471,0.0,0.0,0.0,0.0,1.0,0.0,0.0,0.74210334,1.0,1.0,0.07993632,0.0,4.8562884e-05,0.0,0.0,0.0796763,0.0
0.0,0.0,0.029411765,0.2,0.0,0.0,0.0,0.0,0.0,0.0,0.0,0.0,0.0,0.0,0.0,0.0,0.0,0.0,0.0,0.0,0.0,0.0,0.017121091,0.0039138943,0.0,0.0,1.0,1.0,0.01,0.08,0.0,0.766567,1.0,1.0,0.0906527,0.0,0.002177149,0.0,0.0,0.07837808,0.0
1.7326518e-05,0.0,0.22058824,0.0,4.1368454e-05,0.00021769383,0.0,0.0,0.0,0.0,0.0,0.0,0.0,0.0,0.0,0.0,0.0,0.0,0.0,0.0,0.0,0.0,0.01404459,0.0058708414,0.0,0.0,0.0,0.0,1.0,0.0,0.0,0.74811363,1.0,1.0,0.08797821,0.0,0.006613672,0.0,0.0,0.07165721,0.0
1.7326518e-05,0.0,0.22058824,0.0,4.1368454e-05,0.00021769383,0.0,0.0,0.0,0.0,0.0,0.0,0.0,0.0,0.0,0.0,0.0,0.0,0.0,0.0,0.0,0.00038558245,0.012888767,0.0039138943,0.0,0.0,0.0,0.0,1.0,0.0,0.0,0.7549498,1.0,1.0,0.09063885,0.0,0.0077597797,0.0,0.0,0.07297456,0.0
0.0,0.0,0.04411765,0.3,0.00058097293,0.005423771,0.0,0.0,0.0,0.0,0.0,0.0,0.0,0.0,0.0,0.0,0.0,0.0,0.0,0.0,0.0,0.006731093,0.010693237,0.0058708414,0.0,0.0,1.0,0.67,1.0,0.0,0.67,0.76319396,1.0,1.0,0.09487673,0.0,0.009871289,0.0,0.0,0.06555027,0.0
0.0139825,0.0,0.04411765,0.3,0.00093312206,7.4298237e-07,0.0,0.0,0.0,0.055185854,0.0,0.0,0.0,0.0,0.0,0.003537923,0.004998833,0.033250153,0.0,0.0,0.0,0.07818815,0.0086511895,0.08414873,0.02,0.02,0.98,0.98,1.0,0.0,0.0,0.88653755,1.0,1.0,0.12930119,0.0,0.009124234,0.0,0.0,0.088356465,0.0
0.0,1.0,0.36764705,0.0,1.6044403e-05,0.0,0.0,0.0,0.0,0.0008161962,0.0,0.0,0.0,0.0,0.0,0.0,0.0,0.0,0.0,0.0,0.0,0.013285935,0.014449447,0.32485324,0.0,0.0,0.0,0.0,1.0,0.0,0.0,0.78041863,1.0,1.0,0.096629344,0.0,0.0044679493,0.0,0.0,0.08414614,0.0
0.1404141,0.0,0.13235295,0.0,0.0,1.1144735e-05,0.0,0.0,0.0,0.0,0.0,0.0,0.0,0.0,0.0,0.0,0.0,0.0,0.0,0.0,0.0,0.0,0.034131326,0.0019569471,0.0,0.0,0.0,0.0,1.0,0.0,0.0,0.63913816,0.9226566,1.0,0.038233347,0.0,0.009297594,0.0,0.0,0.061108038,0.0
0.0,0.0,0.04411765,0.1,0.0,0.0,0.0,0.0,0.0,0.05635178,0.0,0.0,0.0,0.0,0.0,0.0,0.002739638,0.026404947,0.0,0.0,0.0,0.07232845,0.015004501,0.1330724,1.0,1.0,0.0,0.0,1.0,0.0,0.0,0.88943374,1.0,1.0,0.12455594,0.0,0.002702117,0.0,0.0,0.10309306,0.0
0.0,1.0,0.36764705,0.0,1.6044403e-05,0.0,0.0,0.0,0.0,0.0022989511,0.0,0.0,0.0,0.0,0.0,0.0,0.0,0.0,0.0,0.0,0.0,0.014608234,0.014617808,0.46183953,0.0,0.0,0.0,0.0,1.0,0.0,0.0,0.78315544,1.0,1.0,0.0972045,0.0,0.0041729957,0.0,0.0,0.085477054,0.0
0.0,0.0,0.04411765,0.1,0.0,0.0,0.0,0.0,0.0,0.05666122,0.0,0.0,0.0,0.0,0.0,0.0,0.002475068,0.025217444,0.0,0.0,0.0,0.071475804,0.015920952,0.18395303,1.0,1.0,0.0,0.0,1.0,0.0,0.0,0.88996136,1.0,1.0,0.12391486,0.0,0.0016370863,0.0,0.0,0.10565844,0.0
0.0,0.0,0.04411765,0.0,0.0008681168,0.0061771553,0.0,0.0,0.0,0.0,0.0,0.0,0.0,0.0,0.0,0.0,0.0,0.0,0.0,0.0,0.0,0.0071439445,0.010676354,0.0039138943,0.0,0.0,0.0,0.0,1.0,0.0,0.0,0.763908,1.0,1.0,0.095083795,0.0,0.009844556,0.0,0.0,0.065770656,0.0
0.0,0.0,0.029411765,0.2,0.0,0.0,0.0,0.0,0.0,0.0,0.0,0.0,0.0,0.0,0.0,0.0,0.0,0.0,0.0,0.0,0.0,0.0014643967,0.016942076,0.009784736,0.0,0.0,1.0,1.0,0.02,0.06,0.0,0.7703099,1.0,1.0,0.091859035,0.0,0.0018490553,0.0,0.0,0.07958099,0.0
1.7326518e-05,0.0,0.22058824,0.0,4.1368454e-05,0.00021769383,0.0,0.0,0.0,0.0,0.0,0.0,0.0,0.0,0.0,0.0,0.0,0.0,0.0,0.0,0.0,0.0027611256,0.012237333,0.0039138943,0.0,0.0,0.0,0.0,1.0,0.0,0.0,0.7570969,1.0,1.0,0.09166735,0.0,0.008788541,0.0,0.0,0.07180974,0.0
1.7326518e-05,0.0,0.22058824,0.0,4.1368454e-05,0.00021769383,0.0,0.0,0.0,0.0,0.0,0.0,0.0,0.0,0.0,0.0,0.0,0.0,0.0,0.0,0.0,0.0021381378,0.012610957,0.0039138943,0.0,0.0,0.0,0.0,1.0,0.0,0.0,0.757215,1.0,1.0,0.09143209,0.0,0.008135229,0.0,0.0,0.072935104,0.0
0.0,0.0,0.029411765,0.1,0.0,0.0,0.0,0.0,0.0,0.0,0.0,0.0,0.0,0.0,0.0,0.0,0.0,0.0,0.0,0.0,0.0,0.0,0.023042083,0.025440313,1.0,1.0,0.0,0.0,0.05,0.06,0.0,0.7801095,1.0,1.0,0.0894744,0.0,0.0,0.0,0.0,0.09023669,0.0
0.0,0.0,0.029411765,0.2,0.0,0.0,0.0,0.0,0.0,0.0,0.0,0.0,0.0,0.0,0.0,0.0,0.0,0.0,0.0,0.0,0.0,0.0,0.020716205,0.015655577,0.0,0.0,1.0,1.0,0.03,0.07,0.0,0.7253108,1.0,1.0,0.07631146,0.0,0.0023413748,0.0,0.0,0.07014689,0.0
0.0,0.0,0.0,0.1,0.0,0.0,0.0,0.0,0.0,0.0,0.0,0.0,0.0,0.0,0.0,0.0,0.0,0.0,0.0,0.0,0.0,0.0,0.02312573,0.019569471,1.0,1.0,0.0,0.0,0.04,0.06,0.0,0.7782451,1.0,1.0,0.08889959,0.0,0.0,0.0,0.0,0.08978751,0.0
0.0,1.0,0.36764705,0.0,8.276875e-06,0.0,0.0,0.0,0.0,0.004880011,0.0,0.0,0.0,0.0,0.0,0.0,0.0,0.0,0.0,0.0,0.0,0.016770035,0.014868908,0.6888454,0.0,0.0,0.0,0.0,1.0,0.0,0.0,0.7879895,1.0,1.0,0.09830653,0.0,0.0035544783,0.0,0.0,0.08743647,0.0
0.0,0.0,0.13235295,0.8,0.0,3.2691223e-05,0.0,0.0,0.0,0.0,0.0,0.0,0.0,0.0,0.0,0.0,0.0,0.0,0.0,0.0,0.0,0.0,0.020199426,0.0019569471,1.0,1.0,0.0,0.0,1.0,0.0,0.0,0.7323848,1.0,1.0,0.07839907,0.0,0.002128914,0.0,0.0,0.07708022,0.0
0.0,0.0,0.04411765,0.0,0.0008681168,0.0061771553,0.0,0.0,0.0,0.0,0.0,0.0,0.0,0.0,0.0,0.0,0.0,0.0,0.0,0.0,0.0,0.0,0.011410892,0.011741683,0.0,0.0,0.17,0.17,1.0,0.0,0.0,0.74263406,1.0,1.0,0.08876293,0.0,0.009751946,0.0,0.0,0.06317794,0.0
0.0,1.0,0.36764705,0.0,8.276875e-06,0.0,0.0,0.0,0.0,0.0,0.0,0.0,0.0,0.0,0.0,0.0,0.0,0.0,0.0,0.0,0.0,0.0,0.02075427,1.0,0.0,0.0,0.0,0.0,1.0,0.0,0.0,0.7088344,1.0,1.0,0.07227617,0.0,0.002466932,0.0,0.0,0.06805241,0.0
0.0,0.0,0.029411765,0.2,0.0,0.0,0.0,0.0,0.0,0.0,0.0,0.0,0.0,0.0,0.0,0.0,0.0,0.0,0.0,0.0,0.0,0.0014827251,0.016959295,0.01369863,0.0,0.0,1.0,1.0,0.03,0.07,0.0,0.7699877,1.0,1.0,0.091717236,0.0,0.0020988584,0.0,0.0,0.07913667,0.0
0.0,0.0,0.47058824,0.1,0.0,0.0,0.0,0.0,0.0,0.0,0.0,0.0,0.0,0.0,0.0,0.0,0.0,0.0,0.0,0.0,0.0,0.0,0.02316948,0.01369863,1.0,1.0,0.0,0.0,0.03,0.06,0.0,0.77752304,1.0,1.0,0.08867114,0.0,0.0,0.0,0.0,0.089654535,0.0
0.0,1.0,0.36764705,0.0,1.6044403e-05,0.0,0.0,0.0,0.0,0.0061798096,0.0,0.0,0.0,0.0,0.0,0.0,0.0,0.0,0.0,0.0,0.0,0.017777085,0.014970779,0.7964775,0.0,0.0,0.0,0.0,1.0,0.0,0.0,0.790465,1.0,1.0,0.09892043,0.0,0.0031816214,0.0,0.0,0.08821452,0.0
0.0,0.0,0.029411765,0.2,0.0,0.0,0.0,0.0,0.0,0.0,0.0,0.0,0.0,0.0,0.0,0.0,0.0,0.0,0.0,0.0,0.0,6.613135e-05,0.017097153,0.007827789,0.0,0.0,1.0,1.0,0.02,0.07,0.0,0.76748455,1.0,1.0,0.09090688,0.0,0.0021920353,0.0,0.0,0.07861179,0.0
0.0,0.0,0.029411765,0.2,0.0,0.0,0.0,0.0,0.0,0.0,0.0,0.0,0.0,0.0,0.0,0.0,0.0,0.0,0.0,0.0,0.0,0.004201144,0.016777687,0.031311154,0.0,0.0,1.0,1.0,0.07,0.08,0.0,0.77430284,1.0,1.0,0.09298999,0.0,0.0022541136,0.0,0.0,0.07980487,0.0
0.0,0.0,0.073529415,0.1,0.0,0.0,0.0,0.0,0.0,0.0,0.0,0.0,0.0,0.0,0.0,0.0,0.0,0.0,0.0,0.0,0.0,0.0,0.023187287,0.01369863,1.0,1.0,0.0,0.0,0.03,0.07,0.0,0.7772814,1.0,1.0,0.08858355,0.0,0.0,0.0,0.0,0.08956748,0.0
0.0,0.0,0.029411765,0.2,0.0,0.0,0.0,0.0,0.0,0.0,0.0,0.0,0.0,0.0,0.0,0.0,0.0,0.0,0.0,0.0,0.0,0.0035116076,0.016834766,0.025440313,0.0,0.0,1.0,1.0,0.06,0.07,0.0,0.7732637,1.0,1.0,0.0926752,0.0,0.0021805018,0.0,0.0,0.07971406,0.0
0.0,0.0,0.029411765,0.2,0.0,0.0,0.0,0.0,0.0,0.0,0.0,0.0,0.0,0.0,0.0,0.0,0.0,0.0,0.0,0.0,0.0,0.0025050044,0.016879492,0.025440313,0.0,0.0,1.0,1.0,0.06,0.07,0.0,0.7713071,1.0,1.0,0.092096545,0.0,0.0023588687,0.0,0.0,0.079006284,0.0
1.7326518e-05,0.0,0.22058824,0.0,4.1368454e-05,0.00021769383,0.0,0.0,0.0,0.0,0.0,0.0,0.0,0.0,0.0,0.0,0.0,0.0,0.0,0.0,0.0,0.0,0.013859414,0.0058708414,0.0,0.0,0.0,0.0,1.0,0.0,0.0,0.7499821,1.0,1.0,0.08859696,0.0,0.0067860633,0.0,0.0,0.07226798,0.0
0.141523,0.0,0.13235295,0.0,0.0,1.1144735e-05,0.0,0.0,0.0,0.0,0.0,0.0,0.0,0.0,0.0,0.0,0.0,0.0,0.0,0.0,0.0,0.0,0.021774866,0.0019569471,0.0,0.0,0.0,0.0,1.0,0.0,0.0,0.7433398,1.0,1.0,0.080176376,0.0,0.0,0.0,0.0,0.07998282,0.0
0.0,0.0,0.029411765,0.2,0.0,0.0,0.0,0.0,0.0,0.0,0.0,0.0,0.0,0.0,0.0,0.0,0.0,0.0,0.0,0.0,0.0,0.0018174648,0.016926505,0.021526419,0.0,0.0,1.0,1.0,0.05,0.08,0.0,0.77020633,1.0,1.0,0.09176917,0.0,0.0023205131,0.0,0.0,0.07886535,0.0
0.0,0.0,0.04411765,0.0,0.0008681168,0.0061771553,0.0,0.0,0.0,0.0,0.0,0.0,0.0,0.0,0.0,0.0,0.0,0.0,0.0,0.0,0.0,0.007214129,0.010671616,0.072407044,0.0,0.0,0.0,0.0,1.0,0.0,0.05,0.76403546,1.0,1.0,0.09512261,0.0,0.009831026,0.0,0.0,0.06584403,0.0
0.0,0.0,0.029411765,0.2,0.0,0.0,0.0,0.0,0.0,0.0,0.0,0.0,0.0,0.0,0.0,0.0,0.0,0.0,0.0,0.0,0.0,0.0028086603,0.016826682,0.03522505,0.0,0.0,1.0,1.0,0.1,0.06,0.0,0.77134836,1.0,1.0,0.09211313,0.0,0.002670467,0.0,0.0,0.07847175,0.0
0.0,0.0,0.11764706,0.2,0.0,0.0,0.0,0.0,0.0,0.0,0.0,0.0,0.0,0.0,0.0,0.0,0.0,0.0,0.0,0.0,0.0,0.0,0.017140403,0.007827789,0.0,0.0,1.0,1.0,0.02,0.07,0.0,0.76619744,1.0,1.0,0.09049525,0.0,0.0024339557,0.0,0.0,0.07791427,0.0
0.0,1.0,0.36764705,0.0,1.6426413e-05,0.0,0.0,0.0,0.0,0.0,0.0,0.0,0.0,0.0,0.0,0.0,0.0,0.0,0.0,0.0,0.0,0.0,0.031695157,1.0,0.0,0.0,0.0,0.0,1.0,0.0,0.0,0.6557572,0.94421685,1.0,0.046505325,0.0,0.004718825,0.0,0.0,0.06289312,0.0
0.0,1.0,0.36764705,0.0,1.6044403e-05,0.0,0.0,0.0,0.0,0.0,0.0,0.0,0.0,0.0,0.0,0.0,0.0,0.0,0.0,0.0,0.0,0.011112452,0.01409591,0.07632094,0.0,0.0,0.0,0.0,1.0,0.0,0.0,0.7758411,1.0,1.0,0.09573334,0.0,0.005005315,0.0,0.0,0.08174881,0.0
0.0,0.0,0.6617647,0.5,0.0,0.0,0.0,0.0,0.0,0.0,0.0,0.0,0.0,0.0,0.0,0.0,0.0,0.0,0.0,0.0,0.0,0.0010852218,0.016978443,0.009784736,0.0,0.0,1.0,1.0,0.02,0.07,0.0,0.7695036,1.0,1.0,0.09159317,0.0,0.0019689202,0.0,0.0,0.07924932,0.0
0.0,0.0,0.5294118,0.2,0.0,0.0,0.0,0.0,0.0,0.0,0.0,0.0,0.0,0.0,0.0,0.0,0.0,0.0,0.0,0.0,0.0,0.0033742785,0.016734563,0.02739726,0.0,0.0,1.0,1.0,0.05,0.06,0.0,0.77327347,1.0,1.0,0.09281912,0.0,0.0019806027,0.0,0.0,0.07988724,0.0
0.0,1.0,0.36764705,0.0,1.6426413e-05,0.0,0.0,0.0,0.0,0.0033792257,0.0,0.0,0.0,0.0,0.0,0.0,0.0,0.0,0.0,0.0,0.0,0.015571594,0.014740527,0.56164384,0.0,0.0,0.0,0.0,1.0,0.0,0.0,0.78514934,1.0,1.0,0.09762349,0.0,0.0039581507,0.0,0.0,0.08644676,0.0
0.0,0.0,0.13235295,0.8,0.0,3.2691223e-05,0.0,0.0,0.0,0.0,0.0,0.0,0.0,0.0,0.0,0.0,0.0,0.0,0.0,0.0,0.0,0.0,0.020095244,0.0019569471,1.0,1.0,0.0,0.0,1.0,0.0,0.0,0.7340131,1.0,1.0,0.078930385,0.0,0.0021046698,0.0,0.0,0.07743871,0.0
0.0,0.0,0.6911765,0.2,0.0,0.0,0.0,0.0,0.0,0.0,0.0,0.0,0.0,0.0,0.0,0.0,0.0,0.0,0.0,0.0,0.0,0.0,0.017357059,0.0058708414,0.0,0.0,1.0,1.0,0.03,0.08,0.0,0.76009,1.0,1.0,0.08859115,0.0,0.0030532181,0.0,0.0,0.07578644,0.0
0.0,0.0,0.029411765,0.1,0.0,0.0,0.0,0.0,0.0,0.0,0.0,0.0,0.0,0.0,0.0,0.0,0.0,0.0,0.0,0.0,0.0,0.0,0.023553103,0.017612524,1.0,1.0,0.0,0.0,0.07,0.06,0.0,0.7724873,1.0,1.0,0.08681708,0.0,0.0,0.0,0.0,0.08771989,0.0
0.0,0.0,0.9117647,0.2,0.0,0.0,0.0,0.0,0.0,0.0,0.0,0.0,0.0,0.0,0.0,0.0,0.0,0.0,0.0,0.0,0.0,0.0045087934,0.016705595,0.037181996,0.0,0.0,1.0,1.0,0.08,0.07,0.0,0.77471375,1.0,1.0,0.09316408,0.0,0.0023088157,0.0,0.0,0.079734206,0.0
0.0,0.0,0.029411765,0.2,0.0,0.0,0.0,0.0,0.0,0.0,0.0,0.0,0.0,0.0,0.0,0.0,0.0,0.0,0.0,0.0,0.0,0.0040179193,0.016753301,0.029354207,0.0,0.0,1.0,1.0,0.06,0.07,0.0,0.7741631,1.0,1.0,0.093002625,0.0,0.0021364987,0.0,0.0,0.07986903,0.0
0.0,0.0,0.029411765,0.1,0.0,0.0,0.0,0.0,0.0,0.0,0.0,0.0,0.0,0.0,0.0,0.0,0.0,0.0,0.0,0.0,0.0,0.0,0.023520313,0.01369863,1.0,1.0,0.0,0.0,0.05,0.09,0.0,0.77396786,1.0,1.0,0.08724821,0.0,0.0,0.0,0.0,0.08818254,0.0
0.0,1.0,0.36764705,0.0,8.08587e-06,0.0,0.0,0.0,0.0,0.0006467402,0.0,0.0,0.0,0.0,0.0,0.0,0.0,0.0,0.0,0.0,0.0,0.013134778,0.014430255,0.30919766,0.0,0.0,0.0,0.0,1.0,0.0,0.0,0.7801058,1.0,1.0,0.096563615,0.0,0.004501611,0.0,0.0,0.08399406,0.0
0.12835485,0.0,0.13235295,0.0,0.0,3.2691223e-05,0.0,0.0,0.0,0.0,0.0,0.0,0.0,0.0,0.0,0.0,0.0,0.0,0.0,0.0,0.0,0.0017195046,0.017778665,0.0019569471,0.0,0.0,0.0,0.0,1.0,0.0,0.0,0.767189,1.0,1.0,0.08958306,0.0,0.003625527,0.0,0.0,0.082055956,0.0
0.0,0.0,0.014705882,0.5,0.0,0.0,0.0,0.0,0.0,0.0,0.0,0.0,0.0,0.0,0.0,0.0,0.0,0.0,0.0,0.0,0.0,0.0011560917,0.0169527,0.0058708414,0.0,0.0,1.0,1.0,0.01,0.06,0.0,0.7700155,1.0,1.0,0.09179758,0.0,0.0016909391,0.0,0.0,0.0797717,0.0
0.0,1.0,0.36764705,0.0,1.6044403e-05,0.0,0.0,0.0,0.0,0.003527552,0.0,0.0,0.0,0.0,0.0,0.0,0.0,0.0,0.0,0.0,0.0,0.015703857,0.01475732,0.5753425,0.0,0.0,0.0,0.0,1.0,0.0,0.0,0.78542304,1.0,1.0,0.09768101,0.0,0.0039286613,0.0,0.0,0.08657989,0.0
0.0,0.0,0.029411765,0.1,0.0,0.0,0.0,0.0,0.0,0.0,0.0,0.0,0.0,0.0,0.0,0.0,0.0,0.0,0.0,0.0,0.0,0.0,0.023575738,0.0019569471,1.0,1.0,0.0,0.0,0.01,0.07,0.0,0.7690929,1.0,1.0,0.08597662,0.0,0.0,0.0,0.0,0.08735761,0.0
0.0,0.0,0.3970588,0.2,0.0,0.0,0.0,0.0,0.0,0.0,0.0,0.0,0.0,0.0,0.0,0.0,0.0,0.0,0.0,0.0,0.0,0.0031519234,0.01681742,0.025440313,0.0,0.0,1.0,1.0,0.05,0.07,0.0,0.7726828,1.0,1.0,0.09255015,0.0,0.002154529,0.0,0.0,0.07957205,0.0
0.03603916,0.0,0.04411765,0.3,0.001155006,0.0,0.0,0.0,0.0,0.0,0.0,0.0,0.0,0.0,0.0,0.0,0.0,0.0,0.0,0.0,0.0,0.01102525,0.010892369,0.017612524,0.0,0.0,1.0,1.0,1.0,0.0,0.0,0.7708194,1.0,1.0,0.09667645,0.0,0.009657308,0.0,0.0,0.06798616,0.0
0.0,0.0,0.14705883,0.1,0.0,0.0,0.0,0.0,0.0,0.0,0.0,0.0,0.0,0.0,0.0,0.0,0.0,0.0,0.0,0.0,0.0,0.0,0.023110874,0.017612524,1.0,1.0,0.0,0.0,0.03,0.06,0.0,0.7784879,1.0,1.0,0.088990875,0.0,0.0,0.0,0.0,0.08988243,0.0
0.0,0.0,0.4852941,0.2,0.0,0.0,0.0,0.0,0.0,0.0,0.0,0.0,0.0,0.0,0.0,0.0,0.0,0.0,0.0,0.0,0.0,0.00081953406,0.016994156,0.011741683,0.0,0.0,1.0,1.0,0.03,0.06,0.0,0.76887274,1.0,1.0,0.09139284,0.0,0.0020886958,0.0,0.0,0.07896519,0.0
0.14173092,0.0,0.13235295,0.0,0.0,1.1144735e-05,0.0,0.0,0.0,0.0,0.0,0.0,0.0,0.0,0.0,0.0,0.0,0.0,0.0,0.0,0.0,0.0,0.03593518,0.021526419,0.0,0.18,0.8,0.64,0.6,0.6,0.73,0.6315375,0.9128313,1.0,0.034326375,0.0,0.009571612,0.0,0.0,0.060641676,0.0
0.0,0.0,0.32352942,0.1,0.0,0.0,0.0,0.0,0.0,0.0,0.0,0.0,0.0,0.0,0.0,0.0,0.0,0.0,0.0,0.0,0.0,0.0,0.023011416,0.0332681,1.0,1.0,0.0,0.0,0.06,0.06,0.0,0.7820685,1.0,1.0,0.08998942,0.0,0.0,0.0,0.0,0.090512246,0.0
0.0,0.0,0.29411766,0.1,0.0,0.0,0.0,0.0,0.0,0.0,0.0,0.0,0.0,0.0,0.0,0.0,0.0,0.0,0.0,0.0,0.0,0.0,0.023657382,0.015655577,1.0,1.0,0.0,0.0,0.07,0.08,0.0,0.7702582,1.0,1.0,0.08610358,0.0,0.0,0.0,0.0,0.08712435,0.0
0.0,1.0,0.36764705,0.0,1.6044403e-05,0.0,0.0,0.0,0.0,0.00045612454,0.0,0.0,0.0,0.0,0.0,0.0,0.0,0.0,0.0,0.0,0.0,0.012964815,0.014408588,0.29158512,0.0,0.0,0.0,0.0,1.0,0.0,0.0,0.7797539,1.0,1.0,0.096489705,0.0,0.0045395643,0.0,0.0,0.083822906,0.0
0.0,0.0,0.029411765,0.1,0.0,0.0,0.0,0.0,0.0,0.0,0.0,0.0,0.0,0.0,0.0,0.0,0.0,0.0,0.0,0.0,0.0,0.0,0.023318417,0.011741683,1.0,1.0,0.0,0.0,0.03,0.07,0.0,0.7746898,1.0,1.0,0.087738715,0.0,0.0,0.0,0.0,0.08884135,0.0
0.0,0.0,0.04411765,0.0,0.0008681168,0.0061771553,0.0,0.0,0.0,0.0,0.0,0.0,0.0,0.0,0.0,0.0,0.0,0.0,0.0,0.0,0.0,0.0055477917,0.010746308,0.009784736,0.0,0.0,0.0,0.0,1.0,0.0,0.0,0.7612333,1.0,1.0,0.09431379,0.0,0.009796575,0.0,0.0,0.06550875,0.0
0.0,1.0,0.36764705,0.0,8.276875e-06,0.0,0.0,0.0,0.0,0.0050218403,0.0,0.0,0.0,0.0,0.0,0.0,0.0,0.0,0.0,0.0,0.0,0.016879916,0.014879942,0.7005871,0.0,0.0,0.0,0.0,1.0,0.0,0.0,0.7882596,1.0,1.0,0.098373555,0.0,0.0035137981,0.0,0.0,0.087521285,0.0
0.0,0.0,0.029411765,0.1,0.0,0.0,0.0,0.0,0.0,0.0,0.0,0.0,0.0,0.0,0.0,0.0,0.0,0.0,0.0,0.0,0.0,0.0,0.023491167,0.031311154,1.0,1.0,0.0,0.0,0.13,0.07,0.0,0.77356064,1.0,1.0,0.08711683,0.0,0.0,0.0,0.0,0.08786234,0.0
0.13979036,0.0,0.13235295,0.0,0.0,1.1144735e-05,0.0,0.0,0.0,0.0,0.0,0.0,0.0,0.0,0.0,0.0,0.0,0.0,0.0,0.0,0.0,0.0,0.033398055,0.0019569471,0.0,0.0,0.0,0.0,1.0,0.0,0.0,0.6422839,0.92671573,1.0,0.0398501,0.0,0.00913012,0.0,0.0,0.06134206,0.0
1.7326518e-05,0.0,0.22058824,0.0,4.1368454e-05,0.00021769383,0.0,0.0,0.0,0.0,0.0,0.0,0.0,0.0,0.0,0.0,0.0,0.0,0.0,0.0,0.0,0.00015458465,0.012945138,0.0058708414,0.0,0.0,0.0,0.0,1.0,0.0,0.0,0.7547357,1.0,1.0,0.09054472,0.0,0.0076603442,0.0,0.0,0.07308042,0.0
0.14209478,0.0,0.13235295,0.0,0.0,1.1144735e-05,0.0,0.0,0.0,0.0,0.0,0.0,0.0,0.0,0.0,0.0,0.0,0.0,0.0,0.0,0.0,0.0,0.019122936,0.0019569471,0.0,0.0,0.0,0.0,1.0,0.0,0.0,0.7434088,1.0,1.0,0.08236297,0.0,0.0016335696,0.0,0.0,0.07746306,0.0
0.1307459,0.0,0.13235295,0.0,0.0,3.2691223e-05,0.0,0.0,0.0,0.025523633,0.0,0.0,0.0,0.0,0.0,0.0,0.0,0.0,0.0,0.0,0.0,0.034245044,0.01873599,0.0019569471,0.0,0.0,0.0,0.0,1.0,0.0,0.0,0.8306757,1.0,1.0,0.10583132,0.0,0.0,0.0,0.0,0.09777254,0.0
0.0,0.0,0.029411765,0.2,0.0,0.0,0.0,0.0,0.0,0.0,0.0,0.0,0.0,0.0,0.0,0.0,0.0,0.0,0.0,0.0,0.0,0.0054659843,0.016623504,0.03522505,0.0,0.0,1.0,1.0,0.07,0.06,0.0,0.77681494,1.0,1.0,0.093849264,0.0,0.0019705743,0.0,0.0,0.08062324,0.0
0.0,1.0,0.36764705,0.0,1.6044403e-05,0.0,0.0,0.0,0.0,0.0,0.0,0.0,0.0,0.0,0.0,0.0,0.0,0.0,0.0,0.0,0.0,0.011623561,0.014237843,0.15264188,0.0,0.0,0.0,0.0,1.0,0.0,0.0,0.776978,1.0,1.0,0.09590634,0.0,0.0048386604,0.0,0.0,0.08247289,0.0
0.0,0.0,0.029411765,0.2,0.0,0.0,0.0,0.0,0.0,0.0,0.0,0.0,0.0,0.0,0.0,0.0,0.0,0.0,0.0,0.0,0.0,0.000108361244,0.017114863,0.0039138943,0.0,0.0,1.0,1.0,0.01,0.08,0.0,0.7676698,1.0,1.0,0.090949826,0.0,0.0021255463,0.0,0.0,0.078734726,0.0
0.0,0.0,0.04411765,0.0,0.0008681168,0.0061771553,0.0,0.0,0.0,0.0,0.0,0.0,0.0,0.0,0.0,0.0,0.0,0.0,0.0,0.0,0.0,0.0,0.011414073,0.007827789,0.0,0.0,0.25,0.25,1.0,0.0,0.0,0.7425492,1.0,1.0,0.08873703,0.0,0.009760901,0.0,0.0,0.06312907,0.0
0.0,0.0,0.25,0.5,0.0,0.0,0.0,0.0,0.0,0.0,0.0,0.0,0.0,0.0,0.0,0.0,0.0,0.0,0.0,0.0,0.0,0.001088202,0.01693996,0.03522505,0.0,0.0,1.0,1.0,0.14,0.05,0.0,0.7678739,1.0,1.0,0.09103399,0.0,0.003074348,0.0,0.0,0.077139735,0.0
0.0,1.0,0.36764705,0.0,1.6426413e-05,0.0,0.0,0.0,0.0,0.0036334097,0.0,0.0,0.0,0.0,0.0,0.0,0.0,0.0,0.0,0.0,0.0,0.01579827,0.014769323,0.5851272,0.0,0.0,0.0,0.0,1.0,0.0,0.0,0.7856184,1.0,1.0,0.097722106,0.0,0.003907591,0.0,0.0,0.0866749,0.0
0.0,0.0,0.029411765,0.1,0.0,0.0,0.0,0.0,0.0,0.0,0.0,0.0,0.0,0.0,0.0,0.0,0.0,0.0,0.0,0.0,0.0,0.0,0.023070574,0.025440313,1.0,1.0,0.0,0.0,0.05,0.07,0.0,0.7803254,1.0,1.0,0.0894851,0.0,0.0,0.0,0.0,0.09021911,0.0
0.13033007,0.0,0.13235295,0.0,0.0,3.2691223e-05,0.0,0.0,0.0,0.0,0.0,0.0,0.0,0.0,0.0,0.0,0.0,0.0,0.0,0.0,0.0,0.0,0.01883214,0.0019569471,0.0,0.0,0.0,0.0,1.0,0.0,0.0,0.7432169,1.0,1.0,0.08233713,0.0,0.0032104254,0.0,0.0,0.07866526,0.0
0.0,0.0,0.029411765,0.2,0.0,0.0,0.0,0.0,0.0,0.0,0.0,0.0,0.0,0.0,0.0,0.0,0.0,0.0,0.0,0.0,0.0,0.0052827597,0.016599037,0.0332681,0.0,0.0,1.0,1.0,0.06,0.05,0.0,0.7766751,1.0,1.0,0.09386193,0.0,0.0018529743,0.0,0.0,0.080687344,0.0
0.0,0.0,0.04411765,0.1,0.0,0.0,0.0,0.0,0.0,0.057277173,0.0,0.0,0.0,0.0,0.0,0.0,0.0020460486,0.023904502,0.0,0.0,0.0,0.07057729,0.017260328,0.21917808,1.0,1.0,0.0,0.0,1.0,0.0,0.0,0.8912035,1.0,1.0,0.12308749,0.0,0.0002117008,0.0,0.0,0.109116256,0.0
0.0,0.0,0.029411765,0.2,0.0,0.0,0.0,0.0,0.0,0.0,0.0,0.0,0.0,0.0,0.0,0.0,0.0,0.0,0.0,0.0,0.0,0.0,0.017225437,0.015655577,0.0,0.0,1.0,1.0,0.08,0.08,0.0,0.76380706,1.0,1.0,0.08968686,0.0,0.0030431747,0.0,0.0,0.076569915,0.0
0.0,0.0,0.029411765,0.1,0.0,0.0,0.0,0.0,0.0,0.0,0.0,0.0,0.0,0.0,0.0,0.0,0.0,0.0,0.0,0.0,0.0,0.0,0.02337686,0.023483366,1.0,1.0,0.0,0.0,0.08,0.1,0.0,0.77741575,1.0,1.0,0.08829937,0.0,0.0,0.0,0.0,0.0889872,0.0
0.12989691,0.0,0.13235295,0.0,0.0,3.2691223e-05,0.0,0.0,0.0,0.0,0.0,0.0,0.0,0.0,0.0,0.0,0.0,0.0,0.0,0.0,0.0,0.0,0.018144779,0.0019569471,0.0,0.0,0.0,0.0,1.0,0.0,0.0,0.7623919,1.0,1.0,0.08799567,0.0,0.0033657849,0.0,0.0,0.081986606,0.0
0.0,1.0,0.36764705,0.0,1.6426413e-05,0.0,0.0,0.0,0.0,0.004052907,0.0,0.0,0.0,0.0,0.0,0.0,0.0,0.0,0.0,0.0,0.0,0.016129225,0.014803991,0.62035227,0.0,0.0,0.0,0.0,1.0,0.0,0.0,0.7864144,1.0,1.0,0.09791591,0.0,0.0037917644,0.0,0.0,0.0869413,0.0
0.0,0.0,0.8382353,0.5,0.0,0.0,0.0,0.0,0.0,0.0,0.0,0.0,0.0,0.0,0.0,0.0,0.0,0.0,0.0,0.0,0.0,0.0,0.017156668,0.015655577,0.0,0.0,1.0,1.0,0.06,0.06,0.0,0.7643646,1.0,1.0,0.08993725,0.0,0.0028481483,0.0,0.0,0.07689613,0.0
0.0,0.0,0.60294116,0.5,0.0,0.0,0.0,0.0,0.0,0.0,0.0,0.0,0.0,0.0,0.0,0.0,0.0,0.0,0.0,0.0,0.0,0.0,0.0173487,0.0058708414,0.0,0.0,1.0,1.0,0.03,0.08,0.0,0.7612401,1.0,1.0,0.08890393,0.0,0.0029946268,0.0,0.0,0.07616246,0.0
0.0,0.0,0.13235295,0.8,0.0,3.2691223e-05,0.0,0.0,0.0,0.0,0.0,0.0,0.0,0.0,0.0,0.0,0.0,0.0,0.0,0.0,0.0,0.0,0.019821517,0.0019569471,1.0,1.0,0.0,0.0,1.0,0.0,0.0,0.7460474,1.0,1.0,0.08235306,0.0,0.0019588321,0.0,0.0,0.08010283,0.0
0.1277311,0.0,0.13235295,0.0,0.0,3.2691223e-05,0.0,0.0,0.0,0.0,0.0,0.0,0.0,0.0,0.0,0.0,0.0,0.0,0.0,0.0,0.0,0.0026132762,0.017722055,0.0019569471,0.0,0.0,0.0,0.0,1.0,0.0,0.0,0.76867115,1.0,1.0,0.09002019,0.0,0.0036837906,0.0,0.0,0.08210006,0.0
0.0,0.0,0.13235295,0.1,0.0,0.0,0.0,0.0,0.0,0.0,0.0,0.0,0.0,0.0,0.0,0.0,0.0,0.0,0.0,0.0,0.0,0.0,0.023578316,0.16046967,1.0,1.0,0.0,0.0,1.0,0.0,0.0,0.74346626,1.0,1.0,0.07850132,0.0,0.0,0.0,0.0,0.07952443,0.0
0.0,0.0,0.029411765,0.2,0.0,0.0,0.0,0.0,0.0,0.0,0.0,0.0,0.0,0.0,0.0,0.0,0.0,0.0,0.0,0.0,0.0,0.0036251843,0.01681406,0.02739726,0.0,0.0,1.0,1.0,0.06,0.07,0.0,0.7734393,1.0,1.0,0.0927408,0.0,0.0021805018,0.0,0.0,0.079761505,0.0
0.0,0.0,0.029411765,0.2,0.0,0.0,0.0,0.0,0.0,0.0,0.0,0.0,0.0,0.0,0.0,0.0,0.0,0.0,0.0,0.0,0.0,0.0016776621,0.016968086,0.031311154,0.0,0.0,1.0,1.0,0.12,0.06,0.0,0.7691208,1.0,1.0,0.09134775,0.0,0.0029116422,0.0,0.0,0.07777056,0.0
0.0,0.0,0.13235295,0.5,0.0,0.0,0.0,0.0,0.0,0.0047898293,0.0,0.0,0.0,0.0,0.0,0.0,0.0,0.0,0.0,0.0,0.0,0.01558879,0.016058497,0.03522505,0.0,0.0,1.0,1.0,0.25,0.06,0.0,0.79129326,1.0,1.0,0.09788529,0.0,0.0036590248,0.0,0.0,0.081154376,0.0
0.0,0.0,0.029411765,0.2,0.0,0.0,0.0,0.0,0.0,0.0,0.0,0.0,0.0,0.0,0.0,0.0,0.0,0.0,0.0,0.0,0.0,0.0038861334,0.016756125,0.031311154,0.0,0.0,1.0,1.0,0.07,0.06,0.0,0.7738168,1.0,1.0,0.09289623,0.0,0.0022141188,0.0,0.0,0.0797019,0.0
0.015645847,0.0,0.04411765,0.3,0.0008993779,0.0,0.0,0.0,0.0,0.0,0.0,0.0,0.0,0.0,0.0,0.0,0.0,0.0,0.0,0.0,0.0,0.012271047,0.010513701,0.05479452,0.04,0.04,0.93,0.93,1.0,0.0,0.0,0.7727926,1.0,1.0,0.09757867,0.0,0.009739369,0.0,0.0,0.06761971,0.0
0.0,0.0,0.029411765,0.2,0.0,0.0,0.0,0.0,0.0,0.0,0.0,0.0,0.0,0.0,0.0,0.0,0.0,0.0,0.0,0.0,0.0,0.0012413561,0.01696349,0.009784736,0.0,0.0,1.0,1.0,0.02,0.07,0.0,0.7698356,1.0,1.0,0.09170266,0.0,0.0019195527,0.0,0.0,0.07938588,0.0
0.0,0.0,0.6764706,0.5,0.0,0.0,0.0,0.0,0.0,0.0,0.0,0.0,0.0,0.0,0.0,0.0,0.0,0.0,0.0,0.0,0.0,0.0017050803,0.016876332,0.015655577,0.0,0.0,1.0,1.0,0.03,0.07,0.0,0.7705784,1.0,1.0,0.09198617,0.0,0.0019249767,0.0,0.0,0.0794518,0.0
0.0,0.0,0.45588234,0.1,0.0,0.0,0.0,0.0,0.0,0.0,0.0,0.0,0.0,0.0,0.0,0.0,0.0,0.0,0.0,0.0,0.0,0.0,0.023597598,0.019569471,1.0,1.0,0.0,0.0,0.09,0.08,0.0,0.77184176,1.0,1.0,0.08657994,0.0,0.0,0.0,0.0,0.08747986,0.0
0.0,0.0,0.29411766,0.2,0.0,0.0,0.0,0.0,0.0,0.0,0.0,0.0,0.0,0.0,0.0,0.0,0.0,0.0,0.0,0.0,0.0,0.0036678016,0.01681973,0.025440313,0.0,0.0,1.0,1.0,0.05,0.07,0.0,0.7735957,1.0,1.0,0.092784695,0.0,0.002131179,0.0,0.0,0.079850584,0.0
0.12842415,0.0,0.13235295,0.0,0.0,3.2691223e-05,0.0,0.0,0.0,0.0,0.0,0.0,0.0,0.0,0.0,0.0,0.0,0.0,0.0,0.0,0.0,0.0016441643,0.017789744,0.0019569471,0.0,0.0,0.0,0.0,1.0,0.0,0.0,0.7670723,1.0,1.0,0.08954238,0.0,0.0036236495,0.0,0.0,0.082029134,0.0
0.0,0.0,0.4852941,0.2,0.0,0.0,0.0,0.0,0.0,0.0,0.0,0.0,0.0,0.0,0.0,0.0,0.0,0.0,0.0,0.0,0.0,0.0,0.017121732,0.0019569471,0.0,0.0,1.0,1.0,0.0,0.06,0.0,0.7662109,1.0,1.0,0.09057859,0.0,0.0020542294,0.0,0.0,0.07851872,0.0
0.0,0.0,0.04411765,0.0,0.0008681168,0.0061771553,0.0,0.0,0.0,0.0,0.0,0.0,0.0,0.0,0.0,0.0,0.0,0.0,0.0,0.0,0.0,0.007094741,0.010756068,0.045009784,0.0,0.0,0.0,0.0,1.0,0.0,0.09,0.7638999,1.0,1.0,0.09500172,0.0,0.009777978,0.0,0.0,0.06611428,0.0
0.0,0.0,0.4852941,0.1,0.0,0.0,0.0,0.0,0.0,0.0,0.0,0.0,0.0,0.0,0.0,0.0,0.0,0.0,0.0,0.0,0.0,0.0,0.023104176,0.015655577,1.0,1.0,0.0,0.0,0.03,0.06,0.0,0.77836764,1.0,1.0,0.08897378,0.0,0.0,0.0,0.0,0.089951485,0.0
0.0,1.0,0.36764705,0.0,1.6426413e-05,0.0,0.0,0.0,0.0,0.0,0.0,0.0,0.0,0.0,0.0,0.0,0.0,0.0,0.0,0.0,0.0,0.0059496462,0.016513355,0.21917808,0.0,0.0,0.0,0.0,1.0,0.0,0.0,0.77537155,1.0,1.0,0.093371965,0.0,0.0022130162,0.0,0.0,0.0845851,0.0
0.0,0.0,0.029411765,0.1,0.0,0.0,0.0,0.0,0.0,0.0,0.0,0.0,0.0,0.0,0.0,0.0,0.0,0.0,0.0,0.0,0.0,0.0,0.023305811,0.0039138943,1.0,1.0,0.0,0.0,0.01,0.07,0.0,0.7747743,1.0,1.0,0.08780574,0.0,0.0,0.0,0.0,0.089006454,0.0
0.0,0.0,0.029411765,0.1,0.0,0.0,0.0,0.0,0.0,0.0,0.0,0.0,0.0,0.0,0.0,0.0,0.0,0.0,0.0,0.0,0.0,0.0,0.023080185,0.029354207,1.0,1.0,0.0,0.0,0.06,0.06,0.0,0.78036404,1.0,1.0,0.089469336,0.0,0.0,0.0,0.0,0.09011328,0.0
0.0,0.0,0.029411765,0.1,0.0,0.0,0.0,0.0,0.0,0.0,0.0,0.0,0.0,0.0,0.0,0.0,0.0,0.0,0.0,0.0,0.0,0.0,0.023339681,0.0039138943,1.0,1.0,0.0,0.0,0.01,0.07,0.0,0.77371264,1.0,1.0,0.08748863,0.0,0.0,0.0,0.0,0.08871922,0.0
1.7326518e-05,0.0,0.22058824,0.0,4.1368454e-05,0.00021769383,0.0,0.0,0.0,0.0,0.0,0.0,0.0,0.0,0.0,0.0,0.0,0.0,0.0,0.0,0.0,0.0043237805,0.011140808,0.0058708414,0.0,0.0,0.0,0.0,1.0,0.0,0.0,0.75952566,1.0,1.0,0.09345367,0.0,0.009413615,0.0,0.0,0.06732193,0.0
0.0,0.0,0.3529412,0.2,0.0,0.0,0.0,0.0,0.0,0.0,0.0,0.0,0.0,0.0,0.0,0.0,0.0,0.0,0.0,0.0,0.0,0.0021190941,0.016883045,0.037181996,0.0,0.0,1.0,1.0,0.13,0.05,0.0,0.76981616,1.0,1.0,0.09161567,0.0,0.0029241294,0.0,0.0,0.07781696,0.0
0.0,0.0,0.7058824,0.2,0.0,0.0,0.0,0.0,0.0,0.0,0.0,0.0,0.0,0.0,0.0,0.0,0.0,0.0,0.0,0.0,0.0,0.004928589,0.016684845,0.0332681,0.0,0.0,1.0,1.0,0.07,0.07,0.0,0.77573824,1.0,1.0,0.09348648,0.0,0.0021044165,0.0,0.0,0.08020511,0.0
0.0,0.0,0.1764706,0.2,0.0,0.0,0.0,0.0,0.0,0.0,0.0,0.0,0.0,0.0,0.0,0.0,0.0,0.0,0.0,0.0,0.0,0.0010726154,0.016974263,0.031311154,0.0,0.0,1.0,1.0,0.12,0.06,0.0,0.768018,1.0,1.0,0.09105062,0.0,0.0029632747,0.0,0.0,0.07741392,0.0
0.0,0.0,0.029411765,0.2,0.0,0.0,0.0,0.0,0.0,0.0,0.0,0.0,0.0,0.0,0.0,0.0,0.0,0.0,0.0,0.0,0.0,0.0037076473,0.016773254,0.031311154,0.0,0.0,1.0,1.0,0.07,0.06,0.0,0.77343726,1.0,1.0,0.092771076,0.0,0.0022704452,0.0,0.0,0.079545856,0.0
0.0,0.0,0.04411765,0.0,0.0008681168,0.0061771553,0.0,0.0,0.0,0.0,0.0,0.0,0.0,0.0,0.0,0.0,0.0,0.0,0.0,0.0,0.0,0.008098513,0.010718621,0.037181996,0.0,0.0,0.0,0.0,1.0,0.0,0.21,0.76565814,1.0,1.0,0.09550414,0.0,0.009759054,0.0,0.0,0.06640014,0.0
0.0,0.0,0.029411765,0.1,0.0,0.0,0.0,0.0,0.0,0.0,0.0,0.0,0.0,0.0,0.0,0.0,0.0,0.0,0.0,0.0,0.0,0.0,0.023310393,0.023483366,1.0,1.0,0.0,0.0,0.07,0.09,0.0,0.77892053,1.0,1.0,0.08877697,0.0,0.0,0.0,0.0,0.08943403,0.0
0.0,0.0,0.04411765,0.1,0.0,0.0,0.0,0.0,0.0,0.040504843,0.0,0.0,0.0,0.0,0.0,0.0,0.0015316457,0.016255379,0.0,0.0,0.0,0.057396352,0.01353354,0.064579256,0.82,0.82,0.15,0.15,1.0,0.0,0.0,0.85926485,1.0,1.0,0.11781045,0.0,0.0052390546,0.0,0.0,0.092016935,0.0
0.0,0.0,0.6764706,0.5,0.0,0.0,0.0,0.0,0.0,0.0,0.0,0.0,0.0,0.0,0.0,0.0,0.0,0.0,0.0,0.0,0.0,0.0,0.017222345,0.0019569471,0.0,0.0,1.0,1.0,0.01,0.07,0.0,0.76398146,1.0,1.0,0.089843445,0.0,0.0023854524,0.0,0.0,0.07760179,0.0
0.0,0.0,0.029411765,0.2,0.0,0.0,0.0,0.0,0.0,0.0,0.0,0.0,0.0,0.0,0.0,0.0,0.0,0.0,0.0,0.0,0.0,0.0012404025,0.01694429,0.039138943,0.0,0.0,1.0,1.0,0.19,0.07,0.0,0.76783633,1.0,1.0,0.090985976,0.0,0.0032818764,0.0,0.0,0.076812446,0.0
0.0,1.0,0.36764705,0.0,8.08587e-06,0.0,0.0,0.0,0.0,0.008235812,0.0,0.0,0.0,0.0,0.0,0.0,0.0,0.0,0.0,0.0,0.0,0.01936987,0.015131965,0.9667319,0.0,0.0,0.0,0.0,1.0,0.0,0.0,0.7943804,1.0,1.0,0.09989148,0.0,0.0025918186,0.0,0.0,0.08944523,0.0
1.7326518e-05,0.0,0.22058824,0.0,4.1368454e-05,0.00021769383,0.0,0.0,0.0,0.0,0.0,0.0,0.0,0.0,0.0,0.0,0.0,0.0,0.0,0.0,0.0,0.0025722682,0.012514599,0.0039138943,0.0,0.0,0.0,0.0,1.0,0.0,0.0,0.7576879,1.0,1.0,0.09162564,0.0,0.008276895,0.0,0.0,0.07282066,0.0
0.0,0.0,0.029411765,0.2,0.0,0.0,0.0,0.0,0.0,0.0,0.0,0.0,0.0,0.0,0.0,0.0,0.0,0.0,0.0,0.0,0.0,0.001013577,0.01694271,0.015655577,0.0,0.0,1.0,1.0,0.03,0.06,0.0,0.76910794,1.0,1.0,0.09150132,0.0,0.0021434277,0.0,0.0,0.07884702,0.0
0.0,0.0,0.029411765,0.1,0.0,0.0,0.0,0.0,0.0,0.0,0.0,0.0,0.0,0.0,0.0,0.0,0.0,0.0,0.0,0.0,0.0,0.0,0.021448553,0.03522505,0.56,0.89,0.44,0.11,0.08,0.07,0.0,0.775216,1.0,1.0,0.08943687,0.0,0.0,0.0,0.0,0.08641729,0.0
0.0,0.0,0.13235295,0.1,0.0,0.0,0.0,0.0,0.0,0.06088373,0.0,0.0,0.0,0.0,0.0,0.0,0.002681464,0.026465416,0.0,0.0,0.0,0.07158595,0.019578539,0.23287672,1.0,1.0,0.0,0.0,1.0,0.0,0.0,0.89936066,1.0,1.0,0.12339287,0.0,0.0,0.0,0.0,0.11310992,0.0
0.015593867,0.0,0.04411765,0.3,0.0012479617,0.0,0.0,0.0,0.0,0.024646372,0.0,0.0,0.0,0.0,0.0,0.0,0.0016162544,0.006972581,0.0,0.0,0.0,0.04403919,0.0095283985,0.14481409,0.0,0.0,1.0,1.0,1.0,0.0,0.0,0.82761574,1.0,1.0,0.112962656,0.0,0.0093303025,0.0,0.0,0.078044206,0.0
1.7326518e-05,0.0,0.22058824,0.0,4.1368454e-05,0.00021769383,0.0,0.0,0.0,0.0,0.0,0.0,0.0,0.0,0.0,0.0,0.0,0.0,0.0,0.0,0.0,0.0028698444,0.010962822,0.0039138943,0.0,0.0,0.0,0.0,1.0,0.0,1.0,0.7567469,1.0,1.0,0.09290817,0.0,0.009708524,0.0,0.0,0.06537831,0.0
0.0,0.0,0.029411765,0.1,0.0,0.0,0.0,0.0,0.0,0.0,0.0,0.0,0.0,0.0,0.0,0.0,0.0,0.0,0.0,0.0,0.0,0.0,0.023425274,0.007827789,1.0,1.0,0.0,0.0,0.02,0.06,0.0,0.77332294,1.0,1.0,0.087250136,0.0,0.0,0.0,0.0,0.0883635,0.0
0.015628519,0.0,0.04411765,0.3,0.0009226168,0.0,0.0,0.0,0.0,2.7000904e-05,0.0,0.0,0.0,0.0,0.0,0.0,0.0,0.0,0.0,0.0,0.0,0.016738445,0.010372035,0.07436399,0.03,0.03,0.95,0.95,1.0,0.0,0.0,0.7805097,1.0,1.0,0.09974792,0.0,0.009666488,0.0,0.0,0.06914696,0.0
0.0,0.0,0.029411765,0.2,0.0,0.0,0.0,0.0,0.0,0.0,0.0,0.0,0.0,0.0,0.0,0.0,0.0,0.0,0.0,0.0,0.0,0.0,0.017202944,0.0019569471,0.0,0.0,1.0,1.0,0.01,0.06,0.0,0.7634479,1.0,1.0,0.08973401,0.0,0.0023524016,0.0,0.0,0.07747933,0.0
0.0,0.0,0.38235295,0.1,0.0,0.0,0.0,0.0,0.0,0.0,0.0,0.0,0.0,0.0,0.0,0.0,0.0,0.0,0.0,0.0,0.0,0.0,0.023290314,0.031311154,1.0,1.0,0.0,0.0,0.1,0.09,0.0,0.7792791,1.0,1.0,0.08887043,0.0,0.0,0.0,0.0,0.089428544,0.0
0.0,0.0,0.029411765,0.1,0.0,0.0,0.0,0.0,0.0,0.0,0.0,0.0,0.0,0.0,0.0,0.0,0.0,0.0,0.0,0.0,0.0,0.0,0.023696482,0.011741683,1.0,1.0,0.0,0.0,0.05,0.06,0.0,0.76895654,1.0,1.0,0.08572931,0.0,0.0,0.0,0.0,0.08687046,0.0
0.0,0.0,0.029411765,0.1,0.0,0.0,0.0,0.0,0.0,0.0,0.0,0.0,0.0,0.0,0.0,0.0,0.0,0.0,0.0,0.0,0.0,0.0,0.023395129,0.017612524,1.0,1.0,0.0,0.0,0.05,0.09,0.0,0.7764375,1.0,1.0,0.088045545,0.0,0.0,0.0,0.0,0.08885729,0.0
0.0,0.0,0.029411765,0.2,0.0,0.0,0.0,0.0,0.0,0.0,0.0,0.0,0.0,0.0,0.0,0.0,0.0,0.0,0.0,0.0,0.0,0.0,0.017119817,0.0058708414,0.0,0.0,1.0,1.0,0.01,0.07,0.0,0.76727605,1.0,1.0,0.090827726,0.0,0.0022101551,0.0,0.0,0.078548074,0.0
0.0,0.0,0.029411765,0.2,0.0,0.0,0.0,0.0,0.0,0.0,0.0,0.0,0.0,0.0,0.0,0.0,0.0,0.0,0.0,0.0,0.0,0.0010135174,0.016943276,0.007827789,0.0,0.0,1.0,1.0,0.01,0.06,0.0,0.76960087,1.0,1.0,0.091684036,0.0,0.0018161237,0.0,0.0,0.079411,0.0
0.0,1.0,0.36764705,0.0,8.276875e-06,0.0,0.0,0.0,0.0,0.0,0.0,0.0,0.0,0.0,0.0,0.0,0.0,0.0,0.0,0.0,0.0,0.012001455,0.0142859295,0.19178082,0.0,0.0,0.0,0.0,1.0,0.0,0.0,0.77776,1.0,1.0,0.09607067,0.0,0.004754439,0.0,0.0,0.0828532,0.0
0.0,0.0,0.029411765,0.2,0.0,0.0,0.0,0.0,0.0,0.0,0.0,0.0,0.0,0.0,0.0,0.0,0.0,0.0,0.0,0.0,0.0,0.0,0.017369159,0.0039138943,0.0,0.0,1.0,1.0,0.02,0.07,0.0,0.7601042,1.0,1.0,0.08858814,0.0,0.0030250251,0.0,0.0,0.07581696,0.0
0.0,0.0,0.029411765,0.2,0.0,0.0,0.0,0.0,0.0,0.0,0.0,0.0,0.0,0.0,0.0,0.0,0.0,0.0,0.0,0.0,0.0,0.004906237,0.016687028,0.0332681,0.0,0.0,1.0,1.0,0.07,0.06,0.0,0.7756908,1.0,1.0,0.093470834,0.0,0.002111435,0.0,0.0,0.08018556,0.0
0.0,0.0,0.029411765,0.1,0.0,0.0,0.0,0.0,0.0,0.0,0.0,0.0,0.0,0.0,0.0,0.0,0.0,0.0,0.0,0.0,0.0,0.0,0.023081481,0.0332681,1.0,1.0,0.0,0.0,0.07,0.06,0.0,0.7817205,1.0,1.0,0.08979594,0.0,0.0,0.0,0.0,0.0902915,0.0
0.0,0.0,0.38235295,0.2,0.0,0.0,0.0,0.0,0.0,0.0,0.0,0.0,0.0,0.0,0.0,0.0,0.0,0.0,0.0,0.0,0.0,0.0054397285,0.01664503,0.039138943,0.0,0.0,1.0,1.0,0.08,0.07,0.0,0.77639794,1.0,1.0,0.09367613,0.0,0.0022344142,0.0,0.0,0.080139846,0.0
0.0,0.0,0.04411765,0.1,0.0,0.0,0.0,0.0,0.0,0.026176482,0.0,0.0,0.0,0.0,0.0,0.0,0.0,0.0035884678,0.0,0.0,0.0,0.041429162,0.014333308,0.021526419,1.0,1.0,0.0,0.0,1.0,0.0,0.0,0.83181596,1.0,1.0,0.10978436,0.0,0.00533244,0.0,0.0,0.08779687,0.0
0.013843888,0.0,0.04411765,0.3,0.001178245,0.0,0.0,0.0,0.0,0.0,0.0,0.0,0.0,0.0,0.0,0.0,0.0,0.0,0.0,0.0,0.0,0.006431639,0.011046059,0.031311154,0.0,0.0,1.0,1.0,1.0,0.0,0.0,0.7630757,1.0,1.0,0.09450697,0.0,0.009720653,0.0,0.0,0.06603286,0.0
0.0,0.0,0.5441176,0.5,0.0,0.0,0.0,0.0,0.0,0.0,0.0,0.0,0.0,0.0,0.0,0.0,0.0,0.0,0.0,0.0,0.0,0.0,0.017331377,0.0058708414,0.0,0.0,1.0,1.0,0.03,0.07,0.0,0.7606592,1.0,1.0,0.088778846,0.0,0.0029686391,0.0,0.0,0.07602051,0.0
0.015628519,0.0,0.04411765,0.3,0.00094585575,0.0,0.0,0.0,0.0,0.016248345,0.0,0.0,0.0,0.0,0.0,0.0,0.00065132976,0.0,0.0,0.0,0.0,0.034631222,0.009803928,0.15459883,0.01,0.01,0.97,0.97,1.0,0.0,0.0,0.81142104,1.0,1.0,0.10843786,0.0,0.009370461,0.0,0.0,0.07528019,0.0
0.0,0.0,0.20588236,0.1,0.0,0.0,0.0,0.0,0.0,0.0,0.0,0.0,0.0,0.0,0.0,0.0,0.0,0.0,0.0,0.0,0.0,0.0,0.02333565,0.039138943,1.0,1.0,0.0,0.0,0.13,0.05,0.0,0.77779675,1.0,1.0,0.088408925,0.0,0.0,0.0,0.0,0.08884549,0.0
0.0,1.0,0.36764705,0.0,8.08587e-06,0.0,0.0,0.0,0.0,0.005872607,0.0,0.0,0.0,0.0,0.0,0.0,0.0,0.0,0.0,0.0,0.0,0.017538995,0.01494664,0.77103716,0.0,0.0,0.0,0.0,1.0,0.0,0.0,0.7898798,1.0,1.0,0.09877535,0.0,0.0032697767,0.0,0.0,0.08803055,0.0
0.0,0.0,0.4852941,0.2,0.0,0.0,0.0,0.0,0.0,0.0,0.0,0.0,0.0,0.0,0.0,0.0,0.0,0.0,0.0,0.0,0.0,0.003951043,0.016759716,0.029354207,0.0,0.0,1.0,1.0,0.06,0.07,0.0,0.7740208,1.0,1.0,0.092955716,0.0,0.0021576583,0.0,0.0,0.07981053,0.0
0.0,1.0,0.36764705,0.0,8.08587e-06,0.0,0.0,0.0,0.0,0.0034852028,0.0,0.0,0.0,0.0,0.0,0.0,0.0,0.0,0.0,0.0,0.0,0.015666097,0.0147525,0.5714286,0.0,0.0,0.0,0.0,1.0,0.0,0.0,0.78534484,1.0,1.0,0.0976646,0.0,0.0039370954,0.0,0.0,0.08654186,0.0
0.0,1.0,0.36764705,0.0,1.6044403e-05,0.0,0.0,0.0,0.0,0.0031250715,0.0,0.0,0.0,0.0,0.0,0.0,0.0,0.0,0.0,0.0,0.0,0.015344948,0.014711618,0.53816044,0.0,0.0,0.0,0.0,1.0,0.0,0.0,0.7846801,1.0,1.0,0.09752492,0.0,0.0040086955,0.0,0.0,0.086218625,0.0
0.035761934,0.0,0.04411765,0.3,0.0008993779,0.0,0.0,0.0,0.0,0.021582037,0.0,0.0,0.0,0.0,0.0,0.0,0.00085861236,0.0044980943,0.0,0.0,0.0,0.040731758,0.009991512,0.021526419,0.0,0.0,1.0,1.0,1.0,0.0,0.0,0.822114,1.0,1.0,0.11104896,0.0,0.009400219,0.0,0.0,0.07703513,0.0
0.0,0.0,0.029411765,0.2,0.0,0.0,0.0,0.0,0.0,0.0,0.0,0.0,0.0,0.0,0.0,0.0,0.0,0.0,0.0,0.0,0.0,0.0,0.0206924,0.037181996,0.0,0.0,1.0,1.0,0.07,0.06,0.0,0.7130935,1.0,1.0,0.07317536,0.0,0.0021879226,0.0,0.0,0.06824827,0.0
0.0,0.0,0.04411765,0.0,0.0008681168,0.0061771553,0.0,0.0,0.0,0.0,0.0,0.0,0.0,0.0,0.0,0.0,0.0,0.0,0.0,0.0,0.0,0.0071415305,0.010752946,0.039138943,0.0,0.0,0.0,0.0,1.0,0.0,0.1,0.7639849,1.0,1.0,0.09502762,0.0,0.009768978,0.0,0.0,0.06616315,0.0
0.0,0.0,0.11764706,0.1,0.0,0.0,0.0,0.0,0.0,0.0,0.0,0.0,0.0,0.0,0.0,0.0,0.0,0.0,0.0,0.0,0.0,0.0,0.02328188,0.023483366,1.0,1.0,0.0,0.0,0.06,0.09,0.0,0.77870464,1.0,1.0,0.08876624,0.0,0.0,0.0,0.0,0.08945164,0.0
0.0,0.0,0.04411765,0.2,0.0,0.0,0.0,0.0,0.0,0.018232614,0.0,0.0,0.0,0.0,0.0,0.0,0.0,0.0,0.0,0.0,0.0,0.028273135,0.016692981,0.015655577,0.0,0.0,1.0,1.0,0.4,0.2,0.0,0.8158375,1.0,1.0,0.10373541,0.0,0.0018168688,0.0,0.0,0.09159204,0.0
0.0,0.0,0.5,0.5,0.0,0.0,0.0,0.0,0.0,0.0,0.0,0.0,0.0,0.0,0.0,0.0,0.0,0.0,0.0,0.0,0.0,0.003769815,0.016725272,0.029354207,0.0,0.0,1.0,1.0,0.06,0.06,0.0,0.7738192,1.0,1.0,0.09295579,0.0,0.0020752996,0.0,0.0,0.0798246,0.0
0.0,0.0,0.029411765,0.1,0.0,0.0,0.0,0.0,0.0,0.0,0.0,0.0,0.0,0.0,0.0,0.0,0.0,0.0,0.0,0.0,0.0,0.0,0.02319114,0.031311154,1.0,1.0,0.0,0.0,0.09,0.09,0.0,0.78122663,1.0,1.0,0.08950845,0.0,0.0,0.0,0.0,0.09003508,0.0
0.0,0.0,0.029411765,0.2,0.0,0.0,0.0,0.0,0.0,0.0,0.0,0.0,0.0,0.0,0.0,0.0,0.0,0.0,0.0,0.0,0.0,0.0011288524,0.016955003,0.039138943,0.0,0.0,1.0,1.0,0.2,0.05,0.0,0.7675991,1.0,1.0,0.090907775,0.0,0.003317088,0.0,0.0,0.0767149,0.0
0.0,1.0,0.36764705,0.0,1.6426413e-05,0.0,0.0,0.0,0.0,0.007455945,0.0,0.0,0.0,0.0,0.0,0.0,0.0,0.0,0.0,0.0,0.0,0.018765718,0.015070818,0.90215266,0.0,0.0,0.0,0.0,1.0,0.0,0.0,0.7928953,1.0,1.0,0.09952315,0.0,0.0028155148,0.0,0.0,0.08897841,0.0
0.0,0.0,0.029411765,0.2,0.0,0.0,0.0,0.0,0.0,0.0,0.0,0.0,0.0,0.0,0.0,0.0,0.0,0.0,0.0,0.0,0.0,0.0,0.017093219,0.0039138943,0.0,0.0,1.0,1.0,0.01,0.07,0.0,0.76718366,1.0,1.0,0.09085607,0.0,0.0020855367,0.0,0.0,0.0786317,0.0
0.0,1.0,0.36764705,0.0,1.6426413e-05,0.0,0.0,0.0,0.0,0.0035910308,0.0,0.0,0.0,0.0,0.0,0.0,0.0,0.0,0.0,0.0,0.0,0.015760481,0.014764532,0.5812133,0.0,0.0,0.0,0.0,1.0,0.0,0.0,0.78554034,1.0,1.0,0.097705714,0.0,0.0039160103,0.0,0.0,0.0866369,0.0
0.0,0.0,0.04411765,0.1,0.0,0.0,0.0,0.0,0.0,0.05645442,0.0,0.0,0.0,0.0,0.0,0.0,0.0024816468,0.025176942,0.0,0.0,0.0,0.07136142,0.015834495,0.18003914,1.0,1.0,0.0,0.0,1.0,0.0,0.0,0.88956535,1.0,1.0,0.12388378,0.0,0.0017424971,0.0,0.0,0.10535225,0.0
0.0,0.0,0.04411765,0.1,0.0,0.0,0.0,0.0,0.0,0.05788389,0.0,0.0,0.0,0.0,0.0,0.0,0.002071336,0.024266154,0.0,0.0,0.0,0.070366085,0.018065028,0.19178082,1.0,1.0,0.0,0.0,1.0,0.0,0.0,0.89281833,1.0,1.0,0.12284868,0.0,0.0,0.0,0.0,0.11021009,0.0
0.0,1.0,0.36764705,0.0,1.6426413e-05,0.0,0.0,0.0,0.0,0.0076450408,0.0,0.0,0.0,0.0,0.0,0.0,0.0,0.0,0.0,0.0,0.0,0.018912196,0.015085667,0.91780823,0.0,0.0,0.0,0.0,1.0,0.0,0.0,0.7932553,1.0,1.0,0.09961244,0.0,0.0027612597,0.0,0.0,0.08909157,0.0
0.12915187,0.0,0.13235295,0.0,0.0,3.2691223e-05,0.0,0.0,0.0,0.0,0.0,0.0,0.0,0.0,0.0,0.0,0.0,0.0,0.0,0.0,0.0,0.0,0.01850342,0.0019569471,0.0,0.0,0.0,0.0,1.0,0.0,0.0,0.73570275,1.0,1.0,0.08060642,0.0,0.0038202405,0.0,0.0,0.076113075,0.0
0.0,0.0,0.029411765,0.2,0.0,0.0,0.0,0.0,0.0,0.0,0.0,0.0,0.0,0.0,0.0,0.0,0.0,0.0,0.0,0.0,0.0,0.0,0.0173015,0.009784736,0.0,0.0,1.0,1.0,0.05,0.06,0.0,0.76138055,1.0,1.0,0.0889811,0.0,0.0030633956,0.0,0.0,0.07600537,0.0
0.0,0.0,0.3529412,0.2,0.0,0.0,0.0,0.0,0.0,0.0,0.0,0.0,0.0,0.0,0.0,0.0,0.0,0.0,0.0,0.0,0.0,0.0019511878,0.016914286,0.01369863,0.0,0.0,1.0,1.0,0.03,0.07,0.0,0.7709838,1.0,1.0,0.09204567,0.0,0.0019509345,0.0,0.0,0.0795463,0.0
0.0,0.0,0.029411765,0.1,0.0,0.0,0.0,0.0,0.0,0.0,0.0,0.0,0.0,0.0,0.0,0.0,0.0,0.0,0.0,0.0,0.0,0.0,0.023342617,0.0058708414,1.0,1.0,0.0,0.0,0.01,0.06,0.0,0.77363086,1.0,1.0,0.08745573,0.0,0.0,0.0,0.0,0.08868238,0.0
0.0,0.0,0.0,0.2,0.0,0.0,0.0,0.0,0.0,0.0033450127,0.0,0.0,0.0,0.0,0.0,0.0,0.0,0.0,0.0,0.0,0.0,0.0140782595,0.0160617,0.03522505,0.0,0.0,1.0,1.0,0.23,0.05,0.0,0.78861785,1.0,1.0,0.09718787,0.0,0.0037394315,0.0,0.0,0.08029011,0.0
0.0,0.0,0.029411765,0.2,0.0,0.0,0.0,0.0,0.0,0.0,0.0,0.0,0.0,0.0,0.0,0.0,0.0,0.0,0.0,0.0,0.0,0.0,0.017153732,0.017612524,0.0,0.0,1.0,1.0,0.07,0.06,0.0,0.76380765,1.0,1.0,0.08977675,0.0,0.002994433,0.0,0.0,0.07647687,0.0
0.0,1.0,0.36764705,0.0,8.276875e-06,0.0,0.0,0.0,0.0,0.006676048,0.0,0.0,0.0,0.0,0.0,0.0,0.0,0.0,0.0,0.0,0.0,0.018161476,0.015009709,0.8375734,0.0,0.0,0.0,0.0,1.0,0.0,0.0,0.79140997,1.0,1.0,0.09915482,0.0,0.003039211,0.0,0.0,0.088511616,0.0
0.0,0.0,0.04411765,0.0,0.0008681168,0.0061771553,0.0,0.0,0.0,0.0,0.0,0.0,0.0,0.0,0.0,0.0,0.0,0.0,0.0,0.0,0.0,0.005074084,0.010736182,0.007827789,0.0,0.0,0.0,0.0,1.0,0.0,0.0,0.760347,1.0,1.0,0.094089784,0.0,0.009849474,0.0,0.0,0.065178216,0.0
0.0,0.0,0.029411765,0.1,0.0,0.0,0.0,0.0,0.0,0.0,0.0,0.0,0.0,0.0,0.0,0.0,0.0,0.0,0.0,0.0,0.0,0.0,0.02362559,0.0019569471,1.0,1.0,0.0,0.0,0.01,0.09,0.0,0.770224,1.0,1.0,0.08618382,0.0,0.0,0.0,0.0,0.087478966,0.0
0.0,0.0,0.029411765,0.1,0.0,0.0,0.0,0.0,0.0,0.0,0.0,0.0,0.0,0.0,0.0,0.0,0.0,0.0,0.0,0.0,0.0,0.0,0.023275949,0.02739726,1.0,1.0,0.0,0.0,0.08,0.08,0.0,0.77870226,1.0,1.0,0.08875876,0.0,0.0,0.0,0.0,0.089435935,0.0
0.0,0.0,0.029411765,0.1,0.0,0.0,0.0,0.0,0.0,0.0,0.0,0.0,0.0,0.0,0.0,0.0,0.0,0.0,0.0,0.0,0.0,0.0,0.02357418,0.009784736,1.0,1.0,0.0,0.0,0.04,0.09,0.0,0.7724649,1.0,1.0,0.086801015,0.0,0.0,0.0,0.0,0.087856114,0.0
0.0,0.0,0.04411765,0.1,0.0,0.0,0.0,0.0,0.0,0.055623442,0.0,0.0,0.0,0.0,0.0,0.0,0.0026140064,0.025617331,0.0,0.0,0.0,0.07139999,0.015121363,0.13894325,1.0,1.0,0.0,0.0,1.0,0.0,0.0,0.88801885,1.0,1.0,0.12407959,0.0,0.0026050657,0.0,0.0,0.1031121,0.0
0.0,0.0,0.029411765,0.2,0.0,0.0,0.0,0.0,0.0,0.0,0.0,0.0,0.0,0.0,0.0,0.0,0.0,0.0,0.0,0.0,0.0,0.0030397475,0.016766593,0.02739726,0.0,0.0,1.0,1.0,0.05,0.06,0.0,0.7725619,1.0,1.0,0.09258454,0.0,0.002086401,0.0,0.0,0.07959452,0.0
0.0,0.0,0.029411765,0.1,0.0,0.0,0.0,0.0,0.0,0.0,0.0,0.0,0.0,0.0,0.0,0.0,0.0,0.0,0.0,0.0,0.0,0.0,0.023320101,0.007827789,1.0,1.0,0.0,0.0,0.02,0.07,0.0,0.77535105,1.0,1.0,0.08791747,0.0,0.0,0.0,0.0,0.08899903,0.0
0.0,0.0,0.13235295,0.1,0.0,0.0,0.0,0.0,0.0,0.0,0.0,0.0,0.0,0.0,0.0,0.0,0.0,0.0,0.0,0.0,0.0,0.0,0.02304113,0.0332681,1.0,1.0,0.0,0.0,0.07,0.06,0.0,0.7816658,1.0,1.0,0.08984358,0.0,0.0,0.0,0.0,0.09036714,0.0
0.014848826,0.0,0.04411765,0.3,0.001433873,0.0,0.0,0.0,0.0,0.0,0.0,0.0,0.0,0.0,0.0,0.0,0.0,0.0,0.0,0.0,0.0,0.005476415,0.010732412,0.017612524,0.0,0.0,1.0,1.0,1.0,0.0,0.0,0.76104677,1.0,1.0,0.09427301,0.0,0.009866759,0.0,0.0,0.065231115,0.0
0.0,0.0,0.14705883,0.5,0.0,0.0,0.0,0.0,0.0,0.0,0.0,0.0,0.0,0.0,0.0,0.0,0.0,0.0,0.0,0.0,0.0,0.002259612,0.016903035,0.025440313,0.0,0.0,1.0,1.0,0.06,0.06,0.0,0.77078533,1.0,1.0,0.091924496,0.0,0.0024363548,0.0,0.0,0.07879168,0.0
0.0,0.0,0.029411765,0.2,0.0,0.0,0.0,0.0,0.0,0.0,0.0,0.0,0.0,0.0,0.0,0.0,0.0,0.0,0.0,0.0,0.0,0.00048962235,0.01706843,0.0058708414,0.0,0.0,1.0,1.0,0.01,0.07,0.0,0.7684145,1.0,1.0,0.091203116,0.0,0.0020410717,0.0,0.0,0.07901627,0.0
1.7326518e-05,0.0,0.22058824,0.0,4.1368454e-05,0.00021769383,0.0,0.0,0.0,0.0,0.0,0.0,0.0,0.0,0.0,0.0,0.0,0.0,0.0,0.0,0.0,0.0,0.014156759,0.0058708414,0.0,0.0,0.0,0.0,1.0,0.0,0.0,0.7468933,1.0,1.0,0.08757686,0.0,0.0065226704,0.0,0.0,0.071273655,0.0
0.0,0.0,0.029411765,0.1,0.0,0.0,0.0,0.0,0.0,0.0,0.0,0.0,0.0,0.0,0.0,0.0,0.0,0.0,0.0,0.0,0.0,0.0,0.023429938,0.0332681,1.0,1.0,0.0,0.0,0.13,0.06,0.0,0.7763901,1.0,1.0,0.08793237,0.0,0.0,0.0,0.0,0.08846584,0.0
0.0,0.0,0.5441176,0.5,0.0,0.0,0.0,0.0,0.0,0.0,0.0,0.0,0.0,0.0,0.0,0.0,0.0,0.0,0.0,0.0,0.0,0.0015402734,0.016869046,0.017612524,0.0,0.0,1.0,1.0,0.03,0.06,0.0,0.77011645,1.0,1.0,0.0918571,0.0,0.0020571798,0.0,0.0,0.07907161,0.0
0.0,0.0,0.029411765,0.2,0.0,0.0,0.0,0.0,0.0,0.0,0.0,0.0,0.0,0.0,0.0,0.0,0.0,0.0,0.0,0.0,0.0,0.0,0.017384127,0.0039138943,0.0,0.0,1.0,1.0,0.02,0.08,0.0,0.7597722,1.0,1.0,0.08847866,0.0,0.003074333,0.0,0.0,0.075680405,0.0
0.0,0.0,0.7058824,0.2,0.0,0.0,0.0,0.0,0.0,0.0,0.0,0.0,0.0,0.0,0.0,0.0,0.0,0.0,0.0,0.0,0.0,0.003542751,0.016766042,0.0332681,0.0,0.0,1.0,1.0,0.08,0.06,0.0,0.7729753,1.0,1.0,0.09264191,0.0,0.0024026185,0.0,0.0,0.07916564,0.0
0.13972104,0.0,0.13235295,0.8,1.5917067e-08,1.1144735e-05,0.0,0.0,0.0,0.0,0.0,0.0,0.0,0.0,0.0,0.0,0.0,0.0,0.0,0.0,0.0,0.00029858947,0.018156312,0.0019569471,1.0,1.0,0.0,0.0,1.0,0.0,0.0,0.7716769,1.0,1.0,0.09091126,0.0,0.00034973025,0.0,0.0,0.084926784,0.0
0.0,0.0,0.4117647,0.2,0.0,0.0,0.0,0.0,0.0,0.0,0.0,0.0,0.0,0.0,0.0,0.0,0.0,0.0,0.0,0.0,0.0,0.0029248595,0.016858168,0.029354207,0.0,0.0,1.0,1.0,0.08,0.06,0.0,0.7718388,1.0,1.0,0.09223621,0.0,0.0024818033,0.0,0.0,0.07891312,0.0
0.0,0.0,0.5,0.5,0.0,0.0,0.0,0.0,0.0,0.0,0.0,0.0,0.0,0.0,0.0,0.0,0.0,0.0,0.0,0.0,0.0,0.0,0.017267443,0.037181996,0.0,0.0,1.0,1.0,0.14,0.06,0.0,0.7530503,1.0,1.0,0.08678525,0.0,0.0032962859,0.0,0.0,0.07436773,0.0
0.0,0.0,0.029411765,0.1,0.0,0.0,0.0,0.0,0.0,0.0,0.0,0.0,0.0,0.0,0.0,0.0,0.0,0.0,0.0,0.0,0.0,0.0,0.023335755,0.01369863,1.0,1.0,0.0,0.0,0.03,0.07,0.0,0.77526784,1.0,1.0,0.08785411,0.0,0.0,0.0,0.0,0.08884174,0.0
0.0,0.0,0.029411765,0.2,0.0,0.0,0.0,0.0,0.0,0.0,0.0,0.0,0.0,0.0,0.0,0.0,0.0,0.0,0.0,0.0,0.0,0.0,0.01707685,0.017612524,0.0,0.0,1.0,1.0,0.06,0.06,0.0,0.7664758,1.0,1.0,0.09059004,0.0,0.0027102828,0.0,0.0,0.077477336,0.0
0.0,0.0,0.11764706,0.1,0.0,0.0,0.0,0.0,0.0,0.0,0.0,0.0,0.0,0.0,0.0,0.0,0.0,0.0,0.0,0.0,0.0,0.0,0.023621842,0.01369863,1.0,1.0,0.0,0.0,0.06,0.07,0.0,0.77078295,1.0,1.0,0.08629694,0.0,0.0,0.0,0.0,0.087320924,0.0
0.013913194,0.0,0.04411765,0.3,0.0012712006,0.0,0.0,0.0,0.0,0.035459667,0.0,0.0,0.0,0.0,0.0,0.0,0.0027285516,0.016057849,0.0,0.0,0.0,0.05605018,0.009292193,0.119373776,0.03,0.03,0.97,0.97,1.0,0.0,0.0,0.84843075,1.0,1.0,0.11866134,0.0,0.009187743,0.0,0.0,0.08201191,0.0
0.0,0.0,0.029411765,0.1,0.0,0.0,0.0,0.0,0.0,0.0,0.0,0.0,0.0,0.0,0.0,0.0,0.0,0.0,0.0,0.0,0.0,0.0,0.023497723,0.01369863,1.0,1.0,0.0,0.0,0.05,0.08,0.0,0.7736715,1.0,1.0,0.08720834,0.0,0.0,0.0,0.0,0.088171065,0.0
0.0,0.0,0.029411765,0.2,0.0,0.0,0.0,0.0,0.0,0.0,0.0,0.0,0.0,0.0,0.0,0.0,0.0,0.0,0.0,0.0,0.0,0.0023664236,0.0168508,0.023483366,0.0,0.0,1.0,1.0,0.05,0.06,0.0,0.77126217,1.0,1.0,0.09214052,0.0,0.002227217,0.0,0.0,0.07910943,0.0
1.7326518e-05,0.0,0.22058824,0.0,4.1368454e-05,0.00021769383,0.0,0.0,0.0,0.0,0.0,0.0,0.0,0.0,0.0,0.0,0.0,0.0,0.0,0.0,0.0,0.004151076,0.01118578,0.0058708414,0.0,0.0,0.0,0.0,1.0,0.0,0.0,0.75923777,1.0,1.0,0.09333172,0.0,0.00939782,0.0,0.0,0.06741375,0.0
0.0,1.0,0.36764705,0.0,1.6044403e-05,0.0,0.0,0.0,0.0,0.0044783354,0.0,0.0,0.0,0.0,0.0,0.0,0.0,0.0,0.0,0.0,0.0,0.01645884,0.014837392,0.6555773,0.0,0.0,0.0,0.0,1.0,0.0,0.0,0.78722453,1.0,1.0,0.09811684,0.0,0.003669694,0.0,0.0,0.08719596,0.0
0.0,0.0,0.45588234,0.1,0.0,0.0,0.0,0.0,0.0,0.0,0.0,0.0,0.0,0.0,0.0,0.0,0.0,0.0,0.0,0.0,0.0,0.0,0.023086615,0.02739726,1.0,1.0,0.0,0.0,0.05,0.06,0.0,0.779464,1.0,1.0,0.089237206,0.0,0.0,0.0,0.0,0.089996666,0.0
0.0,0.0,0.029411765,0.1,0.0,0.0,0.0,0.0,0.0,0.0,0.0,0.0,0.0,0.0,0.0,0.0,0.0,0.0,0.0,0.0,0.0,0.0,0.023078531,0.0332681,1.0,1.0,0.0,0.0,0.07,0.07,0.0,0.7817608,1.0,1.0,0.08981051,0.0,0.0,0.0,0.0,0.090305984,0.0
0.0,0.0,0.13235295,0.8,0.0,3.2691223e-05,0.0,0.0,0.0,0.0,0.0,0.0,0.0,0.0,0.0,0.0,0.0,0.0,0.0,0.0,0.0,0.0,0.01975625,0.0019569471,1.0,1.0,0.0,0.0,1.0,0.0,0.0,0.75588393,1.0,1.0,0.085008465,0.0,0.0018048137,0.0,0.0,0.082143724,0.0
0.0,0.0,0.029411765,0.2,0.0,0.0,0.0,0.0,0.0,0.0,0.0,0.0,0.0,0.0,0.0,0.0,0.0,0.0,0.0,0.0,0.0,0.0049528778,0.016672753,0.03522505,0.0,0.0,1.0,1.0,0.07,0.07,0.0,0.77572405,1.0,1.0,0.09348949,0.0,0.0021326244,0.0,0.0,0.080174476,0.0
0.0,0.0,0.029411765,0.2,0.0,0.0,0.0,0.0,0.0,0.0,0.0,0.0,0.0,0.0,0.0,0.0,0.0,0.0,0.0,0.0,0.0,0.00410524,0.016754135,0.03522505,0.0,0.0,1.0,1.0,0.08,0.07,0.0,0.7739215,1.0,1.0,0.09289511,0.0,0.0024003983,0.0,0.0,0.0794332,0.0
0.0,0.0,0.04411765,0.0,0.0008681168,0.0061771553,0.0,0.0,0.0,0.0,0.0,0.0,0.0,0.0,0.0,0.0,0.0,0.0,0.0,0.0,0.0,0.007664442,0.010683291,0.009784736,0.0,0.0,0.0,0.0,1.0,0.0,0.0,0.76487935,1.0,1.0,0.09533369,0.0,0.009782657,0.0,0.0,0.0661501,0.0
0.0,0.0,0.04411765,0.2,0.0,0.0,0.0,0.0,0.0,0.004511237,0.0,0.0,0.0,0.0,0.0,0.0,0.0,0.0,0.0,0.0,0.0,0.01539886,0.016068444,0.037181996,0.0,0.0,1.0,1.0,0.33,0.07,0.0,0.7908219,1.0,1.0,0.097735964,0.0,0.003757313,0.0,0.0,0.080929875,0.0
0.0,0.0,0.029411765,0.1,0.0,0.0,0.0,0.0,0.0,0.0,0.0,0.0,0.0,0.0,0.0,0.0,0.0,0.0,0.0,0.0,0.0,0.0,0.023687586,0.011741683,1.0,1.0,0.0,0.0,0.05,0.07,0.0,0.7690774,1.0,1.0,0.08577304,0.0,0.0,0.0,0.0,0.08691409,0.0
0.013947847,0.0,0.04411765,0.3,0.0012247227,7.4298237e-07,0.0,0.0,0.0,0.0,0.0,0.0,0.0,0.0,0.0,0.0,0.0,0.0,0.0,0.0,0.0,0.004039079,0.011239223,0.023483366,0.0,0.0,1.0,1.0,1.0,0.0,0.0,0.7590643,1.0,1.0,0.09326544,0.0,0.009731635,0.0,0.0,0.065292686,0.0
0.0,0.0,0.5735294,0.1,0.0,0.0,0.0,0.0,0.0,0.0,0.0,0.0,0.0,0.0,0.0,0.0,0.0,0.0,0.0,0.0,0.0,0.0,0.023512676,0.021526419,1.0,1.0,0.0,0.0,0.07,0.05,0.0,0.7723497,1.0,1.0,0.086828105,0.0,0.0,0.0,0.0,0.08775079,0.0
0.0,0.0,0.029411765,0.1,0.0,0.0,0.0,0.0,0.0,0.0,0.0,0.0,0.0,0.0,0.0,0.0,0.0,0.0,0.0,0.0,0.0,0.0,0.023277938,0.0332681,1.0,1.0,0.0,0.0,0.11,0.08,0.0,0.7802596,1.0,1.0,0.08913172,0.0,0.0,0.0,0.0,0.08957416,0.0
0.0,1.0,0.36764705,0.0,1.6426413e-05,0.0,0.0,0.0,0.0,0.0,0.0,0.0,0.0,0.0,0.0,0.0,0.0,0.0,0.0,0.0,0.0,0.0004195869,0.0174077,1.0,0.0,0.0,0.0,0.0,1.0,0.0,0.0,0.76449764,1.0,1.0,0.08990457,0.0,0.0023450255,0.0,0.0,0.082716614,0.0
1.7326518e-05,0.0,0.22058824,0.0,4.1368454e-05,0.00021769383,0.0,0.0,0.0,0.0,0.0,0.0,0.0,0.0,0.0,0.0,0.0,0.0,0.0,0.0,0.0,0.0024462044,0.012309015,0.0058708414,0.0,0.0,0.25,0.0,0.75,0.5,0.0,0.756773,1.0,1.0,0.091531985,0.0,0.008675754,0.0,0.0,0.071905196,0.0
1.7326518e-05,0.0,0.22058824,0.0,4.1368454e-05,0.00021769383,0.0,0.0,0.0,0.0,0.0,0.0,0.0,0.0,0.0,0.0,0.0,0.0,0.0,0.0,0.0,0.0,0.014179267,0.0039138943,0.0,0.0,0.0,0.0,1.0,0.0,0.0,0.74663126,1.0,1.0,0.087492935,0.0,0.0065023154,0.0,0.0,0.07118377,0.0
0.13873343,0.0,0.13235295,0.0,0.0,3.2691223e-05,0.0,0.0,0.0,0.0,0.0,0.0,0.0,0.0,0.0,0.0,0.0,0.0,0.0,0.0,0.0,0.0,0.020899251,0.0019569471,0.0,0.0,0.0,0.0,1.0,0.0,0.0,0.7258971,1.0,1.0,0.0761173,0.0,0.0017384142,0.0,0.0,0.075636536,0.0
0.0,0.0,0.14705883,0.1,0.0,0.0,0.0,0.0,0.0,0.0039396584,0.0,0.0,0.0,0.0,0.0,0.0,0.0,0.0,0.0,0.0,0.0,0.0071519017,0.022618875,0.039138943,1.0,1.0,0.0,0.0,0.25,0.05,0.0,0.7919636,1.0,1.0,0.09261414,0.0,0.0,0.0,0.0,0.09106818,0.0
1.7326518e-05,0.0,0.22058824,0.0,4.1368454e-05,0.00021769383,0.0,0.0,0.0,0.0,0.0,0.0,0.0,0.0,0.0,0.0,0.0,0.0,0.0,0.0,0.0,0.0020542443,0.012500867,0.0058708414,0.0,0.0,0.0,0.0,1.0,0.0,0.0,0.75668156,1.0,1.0,0.09136408,0.0,0.0083408505,0.0,0.0,0.07256597,0.0
0.0,1.0,0.36764705,0.0,8.08587e-06,0.0,0.0,0.0,0.0,0.0,0.0,0.0,0.0,0.0,0.0,0.0,0.0,0.0,0.0,0.0,0.0,0.012398064,0.014336452,0.23287672,0.0,0.0,0.0,0.0,1.0,0.0,0.0,0.778581,1.0,1.0,0.096243195,0.0,0.004665956,0.0,0.0,0.08325252,0.0
0.0,1.0,0.36764705,0.0,1.6426413e-05,0.0,0.0,0.0,0.0,0.0,0.0,0.0,0.0,0.0,0.0,0.0,0.0,0.0,0.0,0.0,0.0,0.0,0.040537335,1.0,0.0,0.0,0.0,0.0,1.0,0.0,0.0,0.61753285,0.89447117,1.0,0.026819058,0.0,0.0056263506,0.0,0.0,0.062302798,0.0
0.0,1.0,0.36764705,0.0,8.08587e-06,0.0,0.0,0.0,0.0,0.001960069,0.0,0.0,0.0,0.0,0.0,0.0,0.0,0.0,0.0,0.0,0.0,0.014305979,0.014579304,0.43052837,0.0,0.0,0.0,0.0,1.0,0.0,0.0,0.78252983,1.0,1.0,0.097073056,0.0,0.0042404383,0.0,0.0,0.08517283,0.0
0.0,0.0,0.029411765,0.1,0.0,0.0,0.0,0.0,0.0,0.0,0.0,0.0,0.0,0.0,0.0,0.0,0.0,0.0,0.0,0.0,0.0,0.0,0.023267,0.025440313,1.0,1.0,0.0,0.0,0.07,0.09,0.0,0.7788645,1.0,1.0,0.08882087,0.0,0.0,0.0,0.0,0.08950186,0.0
0.0,0.0,0.11764706,0.2,0.0,0.0,0.0,0.0,0.0,0.0,0.0,0.0,0.0,0.0,0.0,0.0,0.0,0.0,0.0,0.0,0.0,0.0,0.017208964,0.021526419,0.08,0.0,0.92,1.0,0.09,0.07,0.0,0.7657794,1.0,1.0,0.09025266,0.0,0.00285618,0.0,0.0,0.07717514,0.0
0.015559213,0.0,0.04411765,0.3,0.0009226168,0.0,0.0,0.0,0.0,0.032749355,0.0,0.0,0.0,0.0,0.0,0.0,0.002498977,0.0146203935,0.0,0.0,0.0,0.05338216,0.009296589,0.04109589,0.0,0.0,1.0,1.0,1.0,0.0,0.0,0.84359324,1.0,1.0,0.11737613,0.0,0.009499401,0.0,0.0,0.07995561,0.0
1.7326518e-05,0.0,0.22058824,0.0,4.1368454e-05,0.00021769383,0.0,0.0,0.0,0.0,0.0,0.0,0.0,0.0,0.0,0.0,0.0,0.0,0.0,0.0,0.0,0.0,0.012998089,0.0039138943,0.0,0.0,0.0,0.0,1.0,0.0,0.0,0.7536216,1.0,1.0,0.0901951,0.0,0.0076918006,0.0,0.0,0.072841585,0.0
0.0,0.0,0.0,0.2,0.0,0.0,0.0,0.0,0.0,0.0,0.0,0.0,0.0,0.0,0.0,0.0,0.0,0.0,0.0,0.0,0.0,0.0,0.017186344,0.0019569471,0.0,0.0,1.0,1.0,0.0,0.08,0.0,0.76670873,1.0,1.0,0.09060975,0.0,0.002204761,0.0,0.0,0.078529626,0.0
0.0,0.0,0.073529415,0.1,0.0,0.0,0.0,0.0,0.0,0.0,0.0,0.0,0.0,0.0,0.0,0.0,0.0,0.0,0.0,0.0,0.0,0.0,0.023571275,0.009784736,1.0,1.0,0.0,0.0,0.04,0.09,0.0,0.7725053,1.0,1.0,0.0868156,0.0,0.0,0.0,0.0,0.0878706,0.0
1.7326518e-05,0.0,0.22058824,0.0,4.1368454e-05,0.00021769383,0.0,0.0,0.0,0.0,0.0,0.0,0.0,0.0,0.0,0.0,0.0,0.0,0.0,0.0,0.0,0.0019578934,0.01252348,0.0039138943,0.0,0.0,0.0,0.0,1.0,0.0,0.0,0.75658095,1.0,1.0,0.09132173,0.0,0.008304954,0.0,0.0,0.07260451,0.0
0.0,0.0,0.29411766,0.2,0.0,0.0,0.0,0.0,0.0,0.0,0.0,0.0,0.0,0.0,0.0,0.0,0.0,0.0,0.0,0.0,0.0,0.0026205182,0.016849495,0.021526419,0.0,0.0,1.0,1.0,0.04,0.07,0.0,0.7719139,1.0,1.0,0.09233221,0.0,0.0020668358,0.0,0.0,0.07956764,0.0
0.13220133,0.0,0.13235295,0.0,0.0,3.2691223e-05,0.0,0.0,0.0,0.0,0.0,0.0,0.0,0.0,0.0,0.0,0.0,0.0,0.0,0.0,0.0,0.0,0.01933892,0.0019569471,0.0,0.0,0.0,0.0,1.0,0.0,0.0,0.7502254,1.0,1.0,0.08377015,0.0,0.002644658,0.0,0.0,0.08052367,0.0
0.0,0.0,0.029411765,0.2,0.0,0.0,0.0,0.0,0.0,0.0,0.0,0.0,0.0,0.0,0.0,0.0,0.0,0.0,0.0,0.0,0.0,0.00092089176,0.01695741,0.037181996,0.0,0.0,1.0,1.0,0.15,0.06,0.0,0.767534,1.0,1.0,0.090916835,0.0,0.003100261,0.0,0.0,0.0771434,0.0
0.0,0.0,0.61764705,0.2,0.0,0.0,0.0,0.0,0.0,0.0,0.0,0.0,0.0,0.0,0.0,0.0,0.0,0.0,0.0,0.0,0.0,0.0008581579,0.017019197,0.01369863,0.0,0.0,1.0,1.0,0.03,0.07,0.0,0.7686596,1.0,1.0,0.09127926,0.0,0.0022961795,0.0,0.0,0.07859036,0.0
0.0,0.0,0.029411765,0.2,0.0,0.0,0.0,0.0,0.0,0.0,0.0,0.0,0.0,0.0,0.0,0.0,0.0,0.0,0.0,0.0,0.0,0.0035893917,0.016751781,0.03522505,0.0,0.0,1.0,1.0,0.08,0.06,0.0,0.77300847,1.0,1.0,0.09266057,0.0,0.002423808,0.0,0.0,0.07915461,0.0
0.0,0.0,0.029411765,0.2,0.0,0.0,0.0,0.0,0.0,0.0,0.0,0.0,0.0,0.0,0.0,0.0,0.0,0.0,0.0,0.0,0.0,0.0011143684,0.016919047,0.023483366,0.0,0.0,1.0,1.0,0.06,0.06,0.0,0.7687837,1.0,1.0,0.09138977,0.0,0.0024831444,0.0,0.0,0.07818708,0.0
0.14202547,0.0,0.13235295,0.0,0.0,1.1144735e-05,0.0,0.0,0.0,0.0,0.0,0.0,0.0,0.0,0.0,0.0,0.0,0.0,0.0,0.0,0.0,0.0,0.0191174,0.0019569471,0.0,0.0,0.0,0.0,1.0,0.0,0.0,0.7433772,1.0,1.0,0.08235302,0.0,0.0016583353,0.0,0.0,0.077481836,0.0
0.0,0.0,0.029411765,0.2,0.0,0.0,0.0,0.0,0.0,0.0,0.0,0.0,0.0,0.0,0.0,0.0,0.0,0.0,0.0,0.0,0.0,0.0019336641,0.016958043,0.015655577,0.0,0.0,1.0,1.0,0.03,0.07,0.0,0.7706969,1.0,1.0,0.09189222,0.0,0.0021318495,0.0,0.0,0.0793066,0.0
0.0,0.0,0.029411765,0.1,0.0,0.0,0.0,0.0,0.0,0.0,0.0,0.0,0.0,0.0,0.0,0.0,0.0,0.0,0.0,0.0,0.0,0.0,0.023188949,0.0332681,1.0,1.0,0.0,0.0,0.09,0.09,0.0,0.7814678,1.0,1.0,0.08956935,0.0,0.0,0.0,0.0,0.09000954,0.0
1.7326518e-05,0.0,0.22058824,0.0,4.1368454e-05,0.00021769383,0.0,0.0,0.0,0.0,0.0,0.0,0.0,0.0,0.0,0.0,0.0,0.0,0.0,0.0,0.0,0.0034165382,0.012052454,0.0039138943,0.0,0.0,0.0,0.0,1.0,0.0,0.0,0.75816405,1.0,1.0,0.09213526,0.0,0.008878797,0.0,0.0,0.0713363,0.0
0.0,0.0,0.04411765,0.3,0.0008681168,0.0061771553,0.0,0.0,0.0,0.0,0.0,0.0,0.0,0.0,0.0,0.0,0.0,0.0,0.0,0.0,0.0,0.008075088,0.010720201,0.019569471,0.0,0.0,0.33,0.1,1.0,0.0,0.3,0.7656156,1.0,1.0,0.09549119,0.0,0.009763584,0.0,0.0,0.06637564,0.0
0.0,0.0,0.13235295,0.8,0.0,3.2691223e-05,0.0,0.0,0.0,0.024224639,0.0,0.0,0.0,0.0,0.0,0.0,0.0,0.0,0.0,0.0,0.0,0.03191465,0.018989213,0.0019569471,1.0,1.0,0.0,0.0,1.0,0.0,0.0,0.82827616,1.0,1.0,0.105076544,0.0,0.0,0.0,0.0,0.09737617,0.0
0.0,0.0,0.029411765,0.1,0.0,0.0,0.0,0.0,0.0,0.0,0.0,0.0,0.0,0.0,0.0,0.0,0.0,0.0,0.0,0.0,0.0,0.0,0.023226574,0.017612524,1.0,1.0,0.0,0.0,0.04,0.06,0.0,0.77691734,1.0,1.0,0.08842193,0.0,0.0,0.0,0.0,0.08931643,0.0
0.13866413,0.0,0.13235295,0.0,0.0,3.2691223e-05,0.0,0.0,0.0,0.0,0.0,0.0,0.0,0.0,0.0,0.0,0.0,0.0,0.0,0.0,0.0,0.0,0.020970702,0.0019569471,0.0,0.0,0.0,0.0,1.0,0.0,0.0,0.7242415,1.0,1.0,0.075598426,0.0,0.0018170327,0.0,0.0,0.075262904,0.0
0.12573855,0.0,0.13235295,0.0,0.0,3.2691223e-05,0.0,0.0,0.0,0.0,0.0,0.0,0.0,0.0,0.0,0.0,0.0,0.0,0.0,0.0,0.0,0.0,0.017709717,0.0019569471,0.0,0.0,0.0,0.0,1.0,0.0,0.0,0.74468374,1.0,1.0,0.08373823,0.0,0.004153207,0.0,0.0,0.07569006,0.0
0.0,1.0,0.36764705,0.0,8.08587e-06,0.0,0.0,0.0,0.0,0.0,0.0,0.0,0.0,0.0,0.0,0.0,0.0,0.0,0.0,0.0,0.0,0.011029094,0.014062151,0.06066536,0.0,0.0,0.0,0.0,1.0,0.0,0.0,0.77564466,1.0,1.0,0.095711805,0.0,0.0050397813,0.0,0.0,0.08160201,0.0
0.0,0.0,0.029411765,0.1,0.0,0.0,0.0,0.0,0.0,0.0,0.0,0.0,0.0,0.0,0.0,0.0,0.0,0.0,0.0,0.0,0.0,0.0,0.023413867,0.009784736,1.0,1.0,0.0,0.0,0.03,0.09,0.0,0.7746395,1.0,1.0,0.08758887,0.0,0.0,0.0,0.0,0.088639826,0.0
0.015663173,0.0,0.04411765,0.3,0.0012014838,0.0,0.0,0.0,0.0,0.0,0.0,0.0,0.0,0.0,0.0,0.0,0.0,0.0,0.0,0.0,0.0,0.008932233,0.010619201,0.04109589,0.05,0.05,0.9,0.9,1.0,0.0,0.0,0.76702595,1.0,1.0,0.09595821,0.0,0.009791747,0.0,0.0,0.0664866,0.0
0.0,0.0,0.19117647,0.2,0.0,0.0,0.0,0.0,0.0,0.0,0.0,0.0,0.0,0.0,0.0,0.0,0.0,0.0,0.0,0.0,0.0,0.0,0.01709544,0.007827789,0.0,0.0,1.0,1.0,0.02,0.07,0.0,0.76719356,1.0,1.0,0.09082375,0.0,0.002286002,0.0,0.0,0.07832393,0.0
0.0,0.0,0.029411765,0.1,0.0,0.0,0.0,0.0,0.0,0.0,0.0,0.0,0.0,0.0,0.0,0.0,0.0,0.0,0.0,0.0,0.0,0.0,0.023177877,0.021526419,1.0,1.0,0.0,0.0,0.04,0.07,0.0,0.7780975,1.0,1.0,0.0887753,0.0,0.0,0.0,0.0,0.08963144,0.0
0.0,1.0,0.36764705,0.0,8.276875e-06,0.0,0.0,0.0,0.0,0.0,0.0,0.0,0.0,0.0,0.0,0.0,0.0,0.0,0.0,0.0,0.0,0.011642486,0.014240243,0.15459883,0.0,0.0,0.0,0.0,1.0,0.0,0.0,0.77701724,1.0,1.0,0.09591458,0.0,0.004834458,0.0,0.0,0.082491934,0.0
0.0,0.0,0.04411765,0.1,0.0,0.0,0.0,0.0,0.0,0.0,0.0,0.0,0.0,0.0,0.0,0.0,0.0,0.0,0.0,0.0,0.0,0.0,0.02339723,0.037181996,1.0,1.0,0.0,0.0,0.15,0.06,0.0,0.7767502,1.0,1.0,0.08805629,0.0,0.0,0.0,0.0,0.08858073,0.0
0.0,1.0,0.36764705,0.0,8.276875e-06,0.0,0.0,0.0,0.0,0.0,0.0,0.0,0.0,0.0,0.0,0.0,0.0,0.0,0.0,0.0,0.0,0.011289656,0.01416751,0.10958904,0.0,0.0,0.0,0.0,1.0,0.0,0.0,0.77625835,1.0,1.0,0.095778935,0.0,0.00493218,0.0,0.0,0.08206099,0.0
0.0,0.0,0.029411765,0.1,0.0,0.0,0.0,0.0,0.0,0.0,0.0,0.0,0.0,0.0,0.0,0.0,0.0,0.0,0.0,0.0,0.0,0.0,0.023555562,0.023483366,1.0,1.0,0.0,0.0,0.1,0.07,0.0,0.7731837,1.0,1.0,0.08696879,0.0,0.0,0.0,0.0,0.08774826,0.0
0.0,0.0,0.13235295,0.8,0.0,3.2691223e-05,0.0,0.0,0.0,0.022779316,0.0,0.0,0.0,0.0,0.0,0.0,0.0,0.0,0.0,0.0,0.0,0.03028047,0.018980406,0.0019569471,1.0,1.0,0.0,0.0,1.0,0.0,0.0,0.82548904,1.0,1.0,0.10435853,0.0,0.0,0.0,0.0,0.096732706,0.0
0.0,0.0,0.029411765,0.1,0.0,0.0,0.0,0.0,0.0,0.0,0.0,0.0,0.0,0.0,0.0,0.0,0.0,0.0,0.0,0.0,0.0,0.0,0.02336426,0.017612524,1.0,1.0,0.0,0.0,0.05,0.1,0.0,0.7774589,1.0,1.0,0.08834808,0.0,0.0,0.0,0.0,0.089129984,0.0
0.0,1.0,0.36764705,0.0,1.6044403e-05,0.0,0.0,0.0,0.0,0.0,0.0,0.0,0.0,0.0,0.0,0.0,0.0,0.0,0.0,0.0,0.0,0.01202029,0.0142883435,0.19373778,0.0,0.0,0.0,0.0,1.0,0.0,0.0,0.77779925,1.0,1.0,0.09607888,0.0,0.004750207,0.0,0.0,0.08287221,0.0
0.014173092,0.0,0.04411765,0.3,0.00024550484,0.0,0.0,0.0,0.0,0.04799986,0.0,0.0,0.0,0.0,0.0,0.0015233159,0.0041488484,0.027178586,0.0,0.0,0.0,0.07021159,0.008895233,0.064579256,0.03,0.03,0.97,0.97,1.0,0.0,0.0,0.87276316,1.0,1.0,0.12543821,0.0,0.009216353,0.0,0.0,0.08581725,0.0
0.0,0.0,0.029411765,0.2,0.0,0.0,0.0,0.0,0.0,0.0,0.0,0.0,0.0,0.0,0.0,0.0,0.0,0.0,0.0,0.0,0.0,0.0,0.017163843,0.0039138943,0.0,0.0,1.0,1.0,0.01,0.06,0.0,0.7656182,1.0,1.0,0.09033989,0.0,0.0023180693,0.0,0.0,0.07798794,0.0
0.0,0.0,0.029411765,0.2,0.0,0.0,0.0,0.0,0.0,0.0,0.0,0.0,0.0,0.0,0.0,0.0,0.0,0.0,0.0,0.0,0.0,0.0,0.019881688,0.037181996,0.48,0.53,0.52,0.47,0.15,0.07,0.0,0.77053916,1.0,1.0,0.089276366,0.0,0.0,0.0,0.0,0.082647085,0.0
0.0,0.0,0.04411765,0.0,0.0008681168,0.0061771553,0.0,0.0,0.0,0.0,0.0,0.0,0.0,0.0,0.0,0.0,0.0,0.0,0.0,0.0,0.0,0.009734333,0.01062344,0.0058708414,0.0,0.0,0.0,0.0,1.0,0.0,0.0,0.7684405,1.0,1.0,0.096327715,0.0,0.00977771,0.0,0.0,0.06674266,0.0
0.0,0.0,0.029411765,0.2,0.0,0.0,0.0,0.0,0.0,0.0,0.0,0.0,0.0,0.0,0.0,0.0,0.0,0.0,0.0,0.0,0.0,0.0015469193,0.016901284,0.01369863,0.0,0.0,1.0,1.0,0.03,0.06,0.0,0.770308,1.0,1.0,0.091889344,0.0,0.0019390434,0.0,0.0,0.07936534,0.0
0.0,0.0,0.029411765,0.1,0.0,0.0,0.0,0.0,0.0,0.0,0.0,0.0,0.0,0.0,0.0,0.0,0.0,0.0,0.0,0.0,0.0,0.0,0.023333162,0.009784736,1.0,1.0,0.0,0.0,0.02,0.07,0.0,0.77452993,1.0,1.0,0.08768415,0.0,0.0,0.0,0.0,0.08879101,0.0
0.0,0.0,0.029411765,0.1,0.0,0.0,0.0,0.0,0.0,0.0,0.0,0.0,0.0,0.0,0.0,0.0,0.0,0.0,0.0,0.0,0.0,0.0,0.023405202,0.01369863,1.0,1.0,0.0,0.0,0.04,0.06,0.0,0.7737229,1.0,1.0,0.087361924,0.0,0.0,0.0,0.0,0.088380456,0.0
1.7326518e-05,0.0,0.22058824,0.0,4.1368454e-05,0.00021769383,0.0,0.0,0.0,0.0,0.0,0.0,0.0,0.0,0.0,0.0,0.0,0.0,0.0,0.0,0.0,0.0039615035,0.01188159,0.0039138943,0.0,0.0,0.0,0.0,1.0,0.0,0.0,0.75911105,1.0,1.0,0.09256483,0.0,0.008946285,0.0,0.0,0.070801884,0.0
0.0,0.0,0.029411765,0.2,0.0,0.0,0.0,0.0,0.0,0.0,0.0,0.0,0.0,0.0,0.0,0.0,0.0,0.0,0.0,0.0,0.0,0.00032880902,0.017041244,0.011741683,0.0,0.0,1.0,1.0,0.03,0.07,0.0,0.7678292,1.0,1.0,0.09104871,0.0,0.0022437572,0.0,0.0,0.078536004,0.0
0.0,0.0,0.04411765,0.0,0.0008681168,0.0061771553,0.0,0.0,0.0,0.0,0.0,0.0,0.0,0.0,0.0,0.0,0.0,0.0,0.0,0.0,0.0,0.005074084,0.010736182,0.02739726,0.0,0.0,0.0,0.0,1.0,0.0,0.14,0.760347,1.0,1.0,0.094089784,0.0,0.009849474,0.0,0.0,0.065178216,0.0
0.0,1.0,0.36764705,0.0,1.6426413e-05,0.0,0.0,0.0,0.0,0.0042656064,0.0,0.0,0.0,0.0,0.0,0.0,0.0,0.0,0.0,0.0,0.0,0.016294092,0.014820658,0.6379648,0.0,0.0,0.0,0.0,1.0,0.0,0.0,0.78681946,1.0,1.0,0.098016374,0.0,0.003730759,0.0,0.0,0.08706862,0.0
0.0,0.0,0.029411765,0.2,0.0,0.0,0.0,0.0,0.0,0.0,0.0,0.0,0.0,0.0,0.0,0.0,0.0,0.0,0.0,0.0,0.0,0.0010638535,0.016952053,0.0332681,0.0,0.0,1.0,1.0,0.13,0.05,0.0,0.76788795,1.0,1.0,0.09103092,0.0,0.003046155,0.0,0.0,0.07717028,0.0
0.0,0.0,0.029411765,0.1,0.0,0.0,0.0,0.0,0.0,0.0,0.0,0.0,0.0,0.0,0.0,0.0,0.0,0.0,0.0,0.0,0.0,0.0,0.023742259,0.007827789,1.0,1.0,0.0,0.0,0.04,0.06,0.0,0.76781666,1.0,1.0,0.08539047,0.0,0.0,0.0,0.0,0.086569965,0.0
0.0,0.0,0.63235295,0.5,0.0,0.0,0.0,0.0,0.0,0.0,0.0,0.0,0.0,0.0,0.0,0.0,0.0,0.0,0.0,0.0,0.0,0.0024254024,0.016882382,0.039138943,0.0,0.0,1.0,1.0,0.15,0.06,0.0,0.77017236,1.0,1.0,0.09168979,0.0,0.003047049,0.0,0.0,0.077676296,0.0
0.0,0.0,0.029411765,0.1,0.0,0.0,0.0,0.0,0.0,0.0,0.0,0.0,0.0,0.0,0.0,0.0,0.0,0.0,0.0,0.0,0.0,0.0,0.021736808,0.015655577,0.62,0.88,0.38,0.12,0.04,0.06,0.0,0.768415,1.0,1.0,0.08737653,0.0,0.0,0.0,0.0,0.08507234,0.0
0.0,0.0,0.029411765,0.2,0.0,0.0,0.0,0.0,0.0,0.0,0.0,0.0,0.0,0.0,0.0,0.0,0.0,0.0,0.0,0.0,0.0,0.0,0.017231628,0.015655577,0.0,0.0,1.0,1.0,0.08,0.07,0.0,0.7627044,1.0,1.0,0.089389764,0.0,0.0030947477,0.0,0.0,0.07621333,0.0
0.0,0.0,0.04411765,0.2,0.0,0.0,0.0,0.0,0.0,0.0,0.0,0.0,0.0,0.0,0.0,0.0,0.0,0.0,0.0,0.0,0.0,0.0035730302,0.016725183,0.025440313,0.0,0.0,1.0,1.0,0.05,0.06,0.0,0.773762,1.0,1.0,0.09297254,0.0,0.001881957,0.0,0.0,0.080112815,0.0
0.0,1.0,0.36764705,0.0,1.6044403e-05,0.0,0.0,0.0,0.0,0.003958434,0.0,0.0,0.0,0.0,0.0,0.0,0.0,0.0,0.0,0.0,0.0,0.016056031,0.014796615,0.61252445,0.0,0.0,0.0,0.0,1.0,0.0,0.0,0.7862344,1.0,1.0,0.09787127,0.0,0.0038188696,0.0,0.0,0.08688474,0.0
0.0,0.0,0.029411765,0.2,0.0,0.0,0.0,0.0,0.0,0.0,0.0,0.0,0.0,0.0,0.0,0.0,0.0,0.0,0.0,0.0,0.0,0.00028011203,0.017065495,0.007827789,0.0,0.0,1.0,1.0,0.02,0.07,0.0,0.7678577,1.0,1.0,0.09104269,0.0,0.0021872967,0.0,0.0,0.07859707,0.0
0.0,0.0,0.1764706,0.2,0.0,0.0,0.0,0.0,0.0,0.0,0.0,0.0,0.0,0.0,0.0,0.0,0.0,0.0,0.0,0.0,0.0,0.00055381656,0.017010503,0.0058708414,0.0,0.0,1.0,1.0,0.01,0.06,0.0,0.7687347,1.0,1.0,0.091375224,0.0,0.0018812269,0.0,0.0,0.07924497,0.0
1.7326518e-05,0.0,0.22058824,0.0,4.1368454e-05,0.00021769383,0.0,0.0,0.0,0.0,0.0,0.0,0.0,0.0,0.0,0.0,0.0,0.0,0.0,0.0,0.0,0.0049182773,0.011593908,0.0039138943,0.0,0.0,0.0,0.0,1.0,0.0,0.0,0.76075745,1.0,1.0,0.0933001,0.0,0.009057254,0.0,0.0,0.06996676,0.0
0.013774582,0.0,0.04411765,0.3,0.0008993779,0.0,0.0,0.0,0.0,0.030266643,0.0,0.0,0.0,0.0,0.0,0.0,0.002147764,0.011354536,0.0,0.0,0.0,0.05014494,0.009451307,0.15655577,0.03,0.03,0.98,0.98,1.0,0.0,0.0,0.83830035,1.0,1.0,0.115847595,0.0,0.009143919,0.0,0.0,0.08055228,0.0
0.12637962,0.0,0.13235295,0.0,0.0,3.2691223e-05,0.0,0.0,0.0,0.015425801,0.0,0.0,0.0,0.0,0.0,0.0,0.0,0.0,0.0,0.0,0.0,0.02539432,0.018098406,0.0019569471,0.0,0.0,0.0,0.0,1.0,0.0,0.0,0.81089175,1.0,1.0,0.100915544,0.0,0.0018755049,0.0,0.0,0.093310654,0.0
0.0,1.0,0.36764705,0.0,1.6426413e-05,0.0,0.0,0.0,0.0,0.0,0.0,0.0,0.0,0.0,0.0,0.0,0.0,0.0,0.0,0.0,0.0,0.0,0.02185294,1.0,0.0,0.0,0.0,0.0,1.0,0.0,0.0,0.7118211,1.0,1.0,0.071700834,0.0,0.0018954426,0.0,0.0,0.07250661,0.0
0.0,0.0,0.029411765,0.2,0.0,0.0,0.0,0.0,0.0,0.0,0.0,0.0,0.0,0.0,0.0,0.0,0.0,0.0,0.0,0.0,0.0,0.002035737,0.016863607,0.019569471,0.0,0.0,1.0,1.0,0.04,0.06,0.0,0.7709203,1.0,1.0,0.092063345,0.0,0.0020760745,0.0,0.0,0.079280704,0.0
0.0,0.0,0.029411765,0.2,0.0,0.0,0.0,0.0,0.0,0.0,0.0,0.0,0.0,0.0,0.0,0.0,0.0,0.0,0.0,0.0,0.0,0.0012491047,0.016966552,0.037181996,0.0,0.0,1.0,1.0,0.18,0.07,0.0,0.7679663,1.0,1.0,0.09100563,0.0,0.0031989962,0.0,0.0,0.07705608,0.0
0.0,0.0,0.029411765,0.2,0.0,0.0,0.0,0.0,0.0,0.0,0.0,0.0,0.0,0.0,0.0,0.0,0.0,0.0,0.0,0.0,0.0,0.0013110042,0.017008618,0.009784736,0.0,0.0,1.0,1.0,0.02,0.07,0.0,0.7697998,1.0,1.0,0.09162437,0.0,0.0020370781,0.0,0.0,0.0792743,0.0
0.0,0.0,0.029411765,0.2,0.0,0.0,0.0,0.0,0.0,0.0,0.0,0.0,0.0,0.0,0.0,0.0,0.0,0.0,0.0,0.0,0.0,4.3451786e-05,0.01711128,0.0058708414,0.0,0.0,1.0,1.0,0.01,0.07,0.0,0.7674657,1.0,1.0,0.090890296,0.0,0.0021819621,0.0,0.0,0.078626126,0.0
0.0,0.0,0.5588235,0.1,0.0,0.0,0.0,0.0,0.0,0.0,0.0,0.0,0.0,0.0,0.0,0.0,0.0,0.0,0.0,0.0,0.0,0.0,0.023512177,0.023483366,1.0,1.0,0.0,0.0,0.09,0.06,0.0,0.77316916,1.0,1.0,0.08703103,0.0,0.0,0.0,0.0,0.08783838,0.0
0.0,0.0,0.029411765,0.1,0.0,0.0,0.0,0.0,0.0,0.0,0.0,0.0,0.0,0.0,0.0,0.0,0.0,0.0,0.0,0.0,0.0,0.0,0.023624614,0.007827789,1.0,1.0,0.0,0.0,0.03,0.09,0.0,0.77182174,1.0,1.0,0.08657133,0.0,0.0,0.0,0.0,0.08763167,0.0
0.015732478,0.0,0.04411765,0.3,1.6299076e-05,0.0,0.0,0.0,0.0,0.031612277,0.0,0.0,0.0,0.0,0.0,0.0,0.00231722,0.012498885,0.0,0.0,0.0,0.051631153,0.009405628,0.16438356,0.02,0.02,0.98,0.98,1.0,0.0,0.0,0.84088147,1.0,1.0,0.11657321,0.0,0.009120673,0.0,0.0,0.08102062,0.0
0.0,0.0,0.029411765,0.2,0.0,0.0,0.0,0.0,0.0,0.0,0.0,0.0,0.0,0.0,0.0,0.0,0.0,0.0,0.0,0.0,0.0,0.0010121465,0.017031945,0.017612524,0.01,0.0,0.99,1.0,0.04,0.06,0.0,0.7688693,1.0,1.0,0.091317706,0.0,0.0023498088,0.0,0.0,0.078478605,0.0
0.0,0.0,0.3529412,0.2,0.0,0.0,0.0,0.0,0.0,0.0,0.0,0.0,0.0,0.0,0.0,0.0,0.0,0.0,0.0,0.0,0.0,0.0,0.017371938,0.0019569471,0.0,0.0,1.0,1.0,0.01,0.06,0.0,0.75970066,1.0,1.0,0.088498406,0.0,0.0029091984,0.0,0.0,0.075938046,0.0
0.12818158,0.0,0.13235295,0.0,0.0,3.2691223e-05,0.0,0.0,0.0,0.0,0.0,0.0,0.0,0.0,0.0,0.0,0.0,0.0,0.0,0.0,0.0,0.0,0.018288605,0.0019569471,0.0,0.0,0.0,0.0,1.0,0.0,0.0,0.73343396,1.0,1.0,0.08016767,0.0,0.0041852593,0.0,0.0,0.07499984,0.0
0.0,0.0,0.029411765,0.2,0.0,0.0,0.0,0.0,0.0,0.0,0.0,0.0,0.0,0.0,0.0,0.0,0.0,0.0,0.0,0.0,0.0,0.0,0.017294891,0.011741683,0.0,0.0,1.0,1.0,0.06,0.07,0.0,0.7629069,1.0,1.0,0.08939486,0.0,0.002972573,0.0,0.0,0.07651988,0.0
0.0,0.0,0.029411765,0.2,0.0,0.0,0.0,0.0,0.0,0.0,0.0,0.0,0.0,0.0,0.0,0.0,0.0,0.0,0.0,0.0,0.0,0.0,0.017094828,0.023483366,0.0,0.0,1.0,1.0,0.1,0.07,0.0,0.76585484,1.0,1.0,0.090357356,0.0,0.0030305535,0.0,0.0,0.0768854,0.0
1.7326518e-05,0.0,0.22058824,0.0,4.1368454e-05,0.00021769383,0.0,0.0,0.0,0.0,0.0,0.0,0.0,0.0,0.0,0.0,0.0,0.0,0.0,0.0,0.0,0.0,0.013258137,0.0039138943,0.0,0.0,0.0,0.0,1.0,0.0,0.0,0.7531649,1.0,1.0,0.089861386,0.0,0.0074534714,0.0,0.0,0.0730629,0.0
0.0,0.0,0.029411765,0.2,0.0,0.0,0.0,0.0,0.0,0.0,0.0,0.0,0.0,0.0,0.0,0.0,0.0,0.0,0.0,0.0,0.0,0.0,0.017139643,0.015655577,0.0,0.0,1.0,1.0,0.05,0.05,0.0,0.76474404,1.0,1.0,0.0900623,0.0,0.0027916878,0.0,0.0,0.077052236,0.0
0.0,0.0,0.04411765,0.1,0.0,0.0,0.0,0.0,0.0,0.056356102,0.0,0.0,0.0,0.0,0.0,0.0,0.0029003248,0.026561856,0.0,0.0,0.0,0.072434336,0.014799587,0.15459883,1.0,1.0,0.0,0.0,1.0,0.0,0.0,0.8893534,1.0,1.0,0.124728315,0.0,0.0028070658,0.0,0.0,0.10277334,0.0
0.0,0.0,0.029411765,0.2,0.0,0.0,0.0,0.0,0.0,0.0,0.0,0.0,0.0,0.0,0.0,0.0,0.0,0.0,0.0,0.0,0.0,0.0026407838,0.016857304,0.019569471,0.0,0.0,1.0,1.0,0.04,0.07,0.0,0.77202296,1.0,1.0,0.09236049,0.0,0.0020244867,0.0,0.0,0.07963726,0.0
0.0,0.0,0.04411765,0.1,0.0,0.0,0.0,0.0,0.0,0.037012577,0.0,0.0,0.0,0.0,0.0,0.0,0.0012789667,0.0138349235,0.0,0.0,0.0,0.053873956,0.013359159,0.072407044,0.59,0.59,0.38,0.38,1.0,0.0,0.0,0.8526213,1.0,1.0,0.11620868,0.0,0.0055935085,0.0,0.0,0.089918345,0.0
0.0,1.0,0.36764705,0.0,1.6044403e-05,0.0,0.0,0.0,0.0,0.0012822151,0.0,0.0,0.0,0.0,0.0,0.0,0.0,0.0,0.0,0.0,0.0,0.0137014985,0.014502361,0.36790606,0.0,0.0,0.0,0.0,1.0,0.0,0.0,0.7812787,1.0,1.0,0.096810125,0.0,0.004375249,0.0,0.0,0.08456442,0.0
0.013947847,0.0,0.04411765,0.3,0.0008872809,7.4298237e-07,0.0,0.0,0.0,0.053394347,0.0,0.0,0.0,0.0,0.0,0.003031537,0.004795946,0.03166145,0.0,0.0,0.0,0.07616508,0.008707963,0.091976516,0.02,0.02,0.98,0.98,1.0,0.0,0.0,0.8830614,1.0,1.0,0.12833303,0.0,0.009120122,0.0,0.0,0.08781287,0.0
0.0,0.0,0.25,0.5,0.0,0.0,0.0,0.0,0.0,0.0,0.0,0.0,0.0,0.0,0.0,0.0,0.0,0.0,0.0,0.0,0.0,0.0016195774,0.016907893,0.039138943,0.0,0.0,1.0,1.0,0.17,0.06,0.0,0.76864266,1.0,1.0,0.09125189,0.0,0.003162071,0.0,0.0,0.077144146,0.0
0.12676081,0.0,0.13235295,0.0,0.0,3.2691223e-05,0.0,0.0,0.0,0.0,0.0,0.0,0.0,0.0,0.0,0.0,0.0,0.0,0.0,0.0,0.0,0.0013853014,0.0177752,0.0019569471,0.0,0.0,0.0,0.0,1.0,0.0,0.0,0.7665684,1.0,1.0,0.0894093,0.0,0.003730476,0.0,0.0,0.081575036,0.0
0.0,0.0,0.029411765,0.2,0.0,0.0,0.0,0.0,0.0,0.0,0.0,0.0,0.0,0.0,0.0,0.0,0.0,0.0,0.0,0.0,0.0,0.0,0.017152414,0.015655577,0.0,0.0,1.0,1.0,0.06,0.06,0.0,0.7644594,1.0,1.0,0.089968495,0.0,0.0028340071,0.0,0.0,0.07693514,0.0
0.014138439,0.0,0.04411765,0.3,0.00094585575,0.0,0.0,0.0,0.0,0.017483115,0.0,0.0,0.0,0.0,0.0,0.0,0.00065334886,0.0006340742,0.0,0.0,0.0,0.035965323,0.009888902,0.12133072,0.03,0.03,0.97,0.97,1.0,0.0,0.0,0.81383574,1.0,1.0,0.10898525,0.0,0.009315535,0.0,0.0,0.07594323,0.0
0.0,0.0,0.029411765,0.2,0.0,0.0,0.0,0.0,0.0,0.0,0.0,0.0,0.0,0.0,0.0,0.0,0.0,0.0,0.0,0.0,0.0,4.1633844e-05,0.017031237,0.029354207,0.0,0.0,1.0,1.0,0.12,0.07,0.0,0.76607573,1.0,1.0,0.090468846,0.0,0.0031134486,0.0,0.0,0.07673675,0.0
0.0,0.0,0.04411765,0.3,0.00062745076,0.005423771,0.0,0.0,0.0,0.0,0.0,0.0,0.0,0.0,0.0,0.0,0.0,0.0,0.0,0.0,0.0,2.592802e-06,0.011125095,0.0039138943,0.0,0.0,0.5,0.5,1.0,0.0,0.0,0.75174725,1.0,1.0,0.091439866,0.0,0.009805322,0.0,0.0,0.06421673,0.0
0.013774582,0.0,0.04411765,0.3,0.00094585575,7.4298237e-07,0.0,0.0,0.0,0.014459431,0.0,0.0,0.0,0.0,0.0,0.0,0.00029703975,0.0,0.0,0.0,0.0,0.03262654,0.009994298,0.10763209,0.04,0.04,0.96,0.96,1.0,0.0,0.0,0.8080691,1.0,1.0,0.107364796,0.0,0.0093679875,0.0,0.0,0.07481006,0.0
0.0,0.0,0.04411765,0.1,0.0,0.0,0.0,0.0,0.0,0.057958096,0.0,0.0,0.0,0.0,0.0,0.0,0.0024552718,0.0254924,0.0,0.0,0.0,0.072206765,0.01643511,0.21135029,1.0,1.0,0.0,0.0,1.0,0.0,0.0,0.8924322,1.0,1.0,0.12413295,0.0,0.0009910315,0.0,0.0,0.10753435,0.0
0.0,0.0,0.029411765,0.1,0.0,0.0,0.0,0.0,0.0,0.0,0.0,0.0,0.0,0.0,0.0,0.0,0.0,0.0,0.0,0.0,0.0,0.0,0.023648538,0.015655577,1.0,1.0,0.0,0.0,0.07,0.06,0.0,0.77037907,1.0,1.0,0.08614727,0.0,0.0,0.0,0.0,0.08716795,0.0
0.0,0.0,0.029411765,0.2,0.0,0.0,0.0,0.0,0.0,0.0,0.0,0.0,0.0,0.0,0.0,0.0,0.0,0.0,0.0,0.0,0.0,0.0049238503,0.016642682,0.039138943,0.0,0.0,1.0,1.0,0.08,0.06,0.0,0.7754848,1.0,1.0,0.09344158,0.0,0.0022577941,0.0,0.0,0.07986131,0.0
0.0,0.0,0.14705883,0.1,0.0,0.0,0.0,0.0,0.0,0.0026796162,0.0,0.0,0.0,0.0,0.0,0.0,0.0,0.0,0.0,0.0,0.0,0.0058852136,0.022732101,0.02739726,1.0,1.0,0.0,0.0,0.23,0.07,0.0,0.7896966,1.0,1.0,0.09189352,0.0,0.0,0.0,0.0,0.0904738,0.0
0.0,0.0,0.7794118,0.5,0.0,0.0,0.0,0.0,0.0,0.0,0.0,0.0,0.0,0.0,0.0,0.0,0.0,0.0,0.0,0.0,0.0,0.00095137954,0.01699125,0.009784736,0.0,0.0,1.0,1.0,0.02,0.07,0.0,0.7692189,1.0,1.0,0.091499306,0.0,0.0020111948,0.0,0.0,0.07913229,0.0
0.0,0.0,0.029411765,0.2,0.0,0.0,0.0,0.0,0.0,0.0,0.0,0.0,0.0,0.0,0.0,0.0,0.0,0.0,0.0,0.0,0.0,0.0,0.020215474,0.0332681,0.0,0.0,1.0,1.0,0.16,0.06,0.0,0.7307706,1.0,1.0,0.07805463,0.0,0.0032866895,0.0,0.0,0.070574194,0.0
0.0,0.0,0.13235295,0.5,0.0,0.0,0.0,0.0,0.0,0.0,0.0,0.0,0.0,0.0,0.0,0.0,0.0,0.0,0.0,0.0,0.0,0.0047940314,0.016636185,0.03522505,0.0,0.0,1.0,1.0,0.07,0.06,0.0,0.77557003,1.0,1.0,0.093505196,0.0,0.002043292,0.0,0.0,0.08020812,0.0
0.0,0.0,0.029411765,0.1,0.0,0.0,0.0,0.0,0.0,0.0,0.0,0.0,0.0,0.0,0.0,0.0,0.0,0.0,0.0,0.0,0.0,0.0,0.023046814,0.025440313,1.0,1.0,0.0,0.0,0.05,0.06,0.0,0.78064764,1.0,1.0,0.08960184,0.0,0.0,0.0,0.0,0.09033522,0.0
0.0,0.0,0.029411765,0.1,0.0,0.0,0.0,0.0,0.0,0.0,0.0,0.0,0.0,0.0,0.0,0.0,0.0,0.0,0.0,0.0,0.0,0.0,0.023244232,0.011741683,1.0,1.0,0.0,0.0,0.02,0.07,0.0,0.77569664,1.0,1.0,0.088103436,0.0,0.0,0.0,0.0,0.08920416,0.0
0.0,0.0,0.029411765,0.2,0.0,0.0,0.0,0.0,0.0,0.0,0.0,0.0,0.0,0.0,0.0,0.0,0.0,0.0,0.0,0.0,0.0,0.0049389303,0.016623706,0.037181996,0.0,0.0,1.0,1.0,0.07,0.06,0.0,0.77589417,1.0,1.0,0.093607046,0.0,0.0019704849,0.0,0.0,0.0804849,0.0
0.0,0.0,0.23529412,0.2,0.0,0.0,0.0,0.0,0.0,0.0,0.0,0.0,0.0,0.0,0.0,0.0,0.0,0.0,0.0,0.0,0.0,0.00044500828,0.017072752,0.0058708414,0.0,0.0,1.0,1.0,0.01,0.07,0.0,0.7683196,1.0,1.0,0.09117182,0.0,0.002055183,0.0,0.0,0.07897726,0.0
0.0,0.0,0.20588236,0.2,0.0,0.0,0.0,0.0,0.0,0.0,0.0,0.0,0.0,0.0,0.0,0.0,0.0,0.0,0.0,0.0,0.0,0.00057286024,0.017089255,0.007827789,0.0,0.0,1.0,1.0,0.02,0.07,0.0,0.76829624,1.0,1.0,0.0911208,0.0,0.0022343844,0.0,0.0,0.078680545,0.0
0.0,1.0,0.36764705,0.0,1.6044403e-05,0.0,0.0,0.0,0.0,0.0,0.0,0.0,0.0,0.0,0.0,0.0,0.0,0.0,0.0,0.0,0.0,0.011585802,0.014233045,0.14872798,0.0,0.0,0.0,0.0,1.0,0.0,0.0,0.7768998,1.0,1.0,0.09588992,0.0,0.0048471093,0.0,0.0,0.08243492,0.0
0.0,0.0,0.029411765,0.2,0.0,0.0,0.0,0.0,0.0,0.0,0.0,0.0,0.0,0.0,0.0,0.0,0.0,0.0,0.0,0.0,0.0,0.0,0.019971237,0.029354207,0.0,0.0,1.0,1.0,0.07,0.07,0.0,0.73544,1.0,1.0,0.07964783,0.0,0.002484262,0.0,0.0,0.07240683,0.0
5.1979554e-05,0.0,0.04411765,0.3,0.0007204064,0.0021695085,0.0,0.0,0.0,0.0,0.0,0.0,0.0,0.0,0.0,0.0,0.0,0.0,0.0,0.0,0.0,0.0058096945,0.010752,0.007827789,0.0,0.0,1.0,1.0,1.0,0.0,0.0,0.7616781,1.0,1.0,0.09441932,0.0,0.009840816,0.0,0.0,0.065415055,0.0
0.0,0.0,0.029411765,0.1,0.0,0.0,0.0,0.0,0.0,0.0,0.0,0.0,0.0,0.0,0.0,0.0,0.0,0.0,0.0,0.0,0.0,0.0,0.023460537,0.02739726,1.0,1.0,0.0,0.0,0.1,0.06,0.0,0.7743896,1.0,1.0,0.08739901,0.0,0.0,0.0,0.0,0.088167936,0.0
0.0,0.0,0.029411765,0.1,0.0,0.0,0.0,0.0,0.0,0.0,0.0,0.0,0.0,0.0,0.0,0.0,0.0,0.0,0.0,0.0,0.0,0.0,0.023141846,0.023483366,1.0,1.0,0.0,0.0,0.05,0.07,0.0,0.7794002,1.0,1.0,0.08915327,0.0,0.0,0.0,0.0,0.08989319,0.0
0.0,0.0,0.029411765,0.2,0.0,0.0,0.0,0.0,0.0,0.0,0.0,0.0,0.0,0.0,0.0,0.0,0.0,0.0,0.0,0.0,0.0,0.0053740144,0.016580455,0.03522505,0.0,0.0,1.0,1.0,0.06,0.05,0.0,0.77680314,1.0,1.0,0.09391191,0.0,0.0018600821,0.0,0.0,0.0807153,0.0
0.0,0.0,0.029411765,0.2,0.0,0.0,0.0,0.0,0.0,0.0,0.0,0.0,0.0,0.0,0.0,0.0,0.0,0.0,0.0,0.0,0.0,0.0,0.017186686,0.015655577,0.0,0.0,1.0,1.0,0.06,0.07,0.0,0.7637005,1.0,1.0,0.089718215,0.0,0.0029467791,0.0,0.0,0.07662302,0.0
0.0,0.0,0.029411765,0.5,0.0,0.0,0.0,0.0,0.0,0.0,0.0,0.0,0.0,0.0,0.0,0.0,0.0,0.0,0.0,0.0,0.0,0.0027658045,0.01687549,0.019569471,0.01,0.0,0.99,1.0,0.04,0.07,0.0,0.7723186,1.0,1.0,0.09242719,0.0,0.0019782037,0.0,0.0,0.07976711,0.0
0.0,0.0,0.13235295,0.1,0.0,0.0,0.0,0.0,0.0,0.06053853,0.0,0.0,0.0,0.0,0.0,0.0,0.0025373623,0.026251584,0.0,0.0,0.0,0.071285725,0.019644983,0.2074364,1.0,1.0,0.0,0.0,1.0,0.0,0.0,0.8987949,1.0,1.0,0.12316858,0.0,0.0,0.0,0.0,0.112917274,0.0
0.0,1.0,0.36764705,0.0,1.6426413e-05,0.0,0.0,0.0,0.0,0.0,0.0,0.0,0.0,0.0,0.0,0.0,0.0,0.0,0.0,0.0,0.0,0.011755854,0.014254697,0.16634052,0.0,0.0,0.0,0.0,1.0,0.0,0.0,0.77725184,1.0,1.0,0.09596386,0.0,0.004809186,0.0,0.0,0.08260605,0.0
0.0,0.0,0.029411765,0.2,0.0,0.0,0.0,0.0,0.0,0.0,0.0,0.0,0.0,0.0,0.0,0.0,0.0,0.0,0.0,0.0,0.0,0.0027300715,0.016848125,0.02739726,0.0,0.0,1.0,1.0,0.06,0.06,0.0,0.7717198,1.0,1.0,0.092240326,0.0,0.0023236722,0.0,0.0,0.07915127,0.0
0.12629299,0.0,0.13235295,0.0,0.0,3.2691223e-05,0.0,0.0,0.0,0.0,0.0,0.0,0.0,0.0,0.0,0.0,0.0,0.0,0.0,0.0,0.0,0.0,0.017843634,0.0019569471,0.0,0.0,0.0,0.0,1.0,0.0,0.0,0.74154866,1.0,1.0,0.0827677,0.0,0.0041709095,0.0,0.0,0.07550421,0.0
0.013947847,0.0,0.04411765,0.3,0.00096909463,0.0,0.0,0.0,0.0,0.003635347,0.0,0.0,0.0,0.0,0.0,0.0,0.0,0.0,0.0,0.0,0.0,0.020714253,0.010291949,0.072407044,0.0,0.0,1.0,1.0,1.0,0.0,0.0,0.7874086,1.0,1.0,0.10163783,0.0,0.0095951855,0.0,0.0,0.07058266,0.0
0.13088451,0.0,0.13235295,0.0,0.0,3.2691223e-05,0.0,0.0,0.0,0.025740266,0.0,0.0,0.0,0.0,0.0,0.0,0.0,0.0,0.0,0.0,0.0,0.034405947,0.018780313,0.0019569471,0.0,0.0,0.0,0.0,1.0,0.0,0.0,0.8311361,1.0,1.0,0.10592442,0.0,0.0,0.0,0.0,0.09785062,0.0
0.0,0.0,0.029411765,0.2,0.0,0.0,0.0,0.0,0.0,0.0,0.0,0.0,0.0,0.0,0.0,0.0,0.0,0.0,0.0,0.0,0.0,0.0048887134,0.016730726,0.03522505,0.0,0.0,1.0,1.0,0.08,0.07,0.0,0.77540374,1.0,1.0,0.09331738,0.0,0.0022924393,0.0,0.0,0.07994583,0.0
0.0,0.0,0.029411765,0.1,0.0,0.0,0.0,0.0,0.0,0.0,0.0,0.0,0.0,0.0,0.0,0.0,0.0,0.0,0.0,0.0,0.0,0.0,0.023693018,0.011741683,1.0,1.0,0.0,0.0,0.12,0.15,0.0,0.7732396,1.0,1.0,0.086788796,0.0,0.0,0.0,0.0,0.08776373,0.0
0.0,0.0,0.3382353,0.1,0.0,0.0,0.0,0.0,0.0,0.0,0.0,0.0,0.0,0.0,0.0,0.0,0.0,0.0,0.0,0.0,0.0,0.0,0.023185365,0.0332681,1.0,1.0,0.0,0.0,0.08,0.06,0.0,0.780311,1.0,1.0,0.08928534,0.0,0.0,0.0,0.0,0.08978355,0.0
0.0,0.0,0.073529415,0.2,0.0,0.0,0.0,0.0,0.0,0.0,0.0,0.0,0.0,0.0,0.0,0.0,0.0,0.0,0.0,0.0,0.0,0.0,0.01722876,0.0019569471,0.0,0.0,1.0,1.0,0.01,0.07,0.0,0.7638391,1.0,1.0,0.089796536,0.0,0.0024065673,0.0,0.0,0.07754326,0.0
0.035848565,0.0,0.04411765,0.3,0.0016197843,0.0,0.0,0.0,0.0,0.0,0.0,0.0,0.0,0.0,0.0,0.0,0.0,0.0,0.0,0.0,0.0,0.0,0.011487581,0.0058708414,0.0,0.0,0.67,0.67,1.0,0.0,0.0,0.7414082,1.0,1.0,0.08835956,0.0,0.009765878,0.0,0.0,0.062942,0.0
0.0,0.0,0.029411765,0.2,0.0,0.0,0.0,0.0,0.0,0.0,0.0,0.0,0.0,0.0,0.0,0.0,0.0,0.0,0.0,0.0,0.0,0.0040179193,0.016753301,0.029354207,0.0,0.0,1.0,1.0,0.06,0.06,0.0,0.7741631,1.0,1.0,0.093002625,0.0,0.0021364987,0.0,0.0,0.07986903,0.0
0.0,0.0,0.5,0.5,0.0,0.0,0.0,0.0,0.0,0.0,0.0,0.0,0.0,0.0,0.0,0.0,0.0,0.0,0.0,0.0,0.0,0.005526185,0.016584896,0.039138943,0.0,0.0,1.0,1.0,0.07,0.06,0.0,0.7767656,1.0,1.0,0.09386388,0.0,0.002067566,0.0,0.0,0.08038807,0.0
0.0,0.0,0.04411765,0.1,0.0,0.0,0.0,0.0,0.0,0.042477727,0.0,0.0,0.0,0.0,0.0,0.0,0.0017371103,0.017596573,0.0,0.0,0.0,0.05934009,0.013603903,0.07632094,0.85,0.85,0.13,0.13,1.0,0.0,0.0,0.86297417,1.0,1.0,0.118738346,0.0,0.0050052553,0.0,0.0,0.09322286,0.0
0.0,0.0,0.029411765,0.2,0.0,0.0,0.0,0.0,0.0,0.0,0.0,0.0,0.0,0.0,0.0,0.0,0.0,0.0,0.0,0.0,0.0,0.0050251484,0.018324941,0.037181996,0.33,0.0,0.67,1.0,0.15,0.07,0.0,0.7776959,1.0,1.0,0.09245836,0.0,0.0016143322,0.0,0.0,0.08153686,0.0
0.0,1.0,0.36764705,0.0,8.08587e-06,0.0,0.0,0.0,0.0,0.0,0.0,0.0,0.0,0.0,0.0,0.0,0.0,0.0,0.0,0.0,0.0,0.0,0.028929465,1.0,0.0,0.0,0.0,0.0,1.0,0.0,0.0,0.67033327,0.96345645,1.0,0.053437166,0.0,0.002559051,0.0,0.0,0.06360546,0.0
0.0,0.0,0.04411765,0.1,0.0,0.0,0.0,0.0,0.0,0.036042213,0.0,0.0,0.0,0.0,0.0,0.0,0.0012148097,0.01321277,0.0,0.0,0.0,0.052898318,0.013320439,0.0665362,0.56,0.56,0.41,0.41,1.0,0.0,0.0,0.8508055,1.0,1.0,0.115763925,0.0,0.005693659,0.0,0.0,0.089283615,0.0
0.0,0.0,0.6617647,0.5,0.0,0.0,0.0,0.0,0.0,0.0,0.0,0.0,0.0,0.0,0.0,0.0,0.0,0.0,0.0,0.0,0.0,0.0042693317,0.016700432,0.02739726,0.0,0.0,1.0,1.0,0.05,0.06,0.0,0.7749927,1.0,1.0,0.09331959,0.0,0.0018374622,0.0,0.0,0.080497354,0.0
0.0,0.0,0.13235295,0.8,0.0,3.2691223e-05,0.0,0.0,0.0,0.008688718,0.0,0.0,0.0,0.0,0.0,0.0,0.0,0.0,0.0,0.0,0.0,0.014436722,0.018676415,0.0019569471,1.0,1.0,0.0,0.0,1.0,0.0,0.0,0.79789805,1.0,1.0,0.097413294,0.0,0.0,0.0,0.0,0.09097889,0.0
0.0,0.0,0.029411765,0.2,0.0,0.0,0.0,0.0,0.0,0.0,0.0,0.0,0.0,0.0,0.0,0.0,0.0,0.0,0.0,0.0,0.0,0.0059555173,0.016647317,0.039138943,0.0,0.0,1.0,1.0,0.08,0.07,0.0,0.77731097,1.0,1.0,0.0939107,0.0,0.0022109896,0.0,0.0,0.08041847,0.0
0.0,0.0,0.04411765,0.1,0.0,0.0,0.0,0.0,0.0,0.056765765,0.0,0.0,0.0,0.0,0.0,0.0,0.0016162172,0.023557425,0.0,0.0,0.0,0.06929439,0.018356271,0.11154599,1.0,1.0,0.0,0.0,1.0,0.0,0.0,0.8910228,1.0,1.0,0.122071706,0.0,0.0,0.0,0.0,0.10967299,0.0
0.0,0.0,0.029411765,0.2,0.0,0.0,0.0,0.0,0.0,0.0,0.0,0.0,0.0,0.0,0.0,0.0,0.0,0.0,0.0,0.0,0.0,0.0,0.017288633,0.009784736,0.0,0.0,1.0,1.0,0.05,0.07,0.0,0.7616651,1.0,1.0,0.08907499,0.0,0.0030211061,0.0,0.0,0.07612243,0.0
0.0,0.0,0.029411765,0.1,0.0,0.0,0.0,0.0,0.0,0.0,0.0,0.0,0.0,0.0,0.0,0.0,0.0,0.0,0.0,0.0,0.0,0.0,0.023774125,0.0039138943,1.0,1.0,0.0,0.0,0.02,0.07,0.0,0.7672142,1.0,1.0,0.085202046,0.0,0.0,0.0,0.0,0.08647263,0.0
0.0,0.0,0.029411765,0.2,0.0,0.0,0.0,0.0,0.0,0.0,0.0,0.0,0.0,0.0,0.0,0.0,0.0,0.0,0.0,0.0,0.0,0.00044324994,0.016992614,0.029354207,0.0,0.0,1.0,1.0,0.11,0.07,0.0,0.7669296,1.0,1.0,0.09075048,0.0,0.0029866546,0.0,0.0,0.07708785,0.0
0.0,0.0,0.029411765,0.2,0.0,0.0,0.0,0.0,0.0,0.0,0.0,0.0,0.0,0.0,0.0,0.0,0.0,0.0,0.0,0.0,0.0,0.0010483861,0.016985781,0.037181996,0.0,0.0,1.0,1.0,0.19,0.07,0.0,0.7675394,1.0,1.0,0.09086489,0.0,0.0032624304,0.0,0.0,0.076880544,0.0
0.0,0.0,0.029411765,0.2,0.0,0.0,0.0,0.0,0.0,0.0,0.0,0.0,0.0,0.0,0.0,0.0,0.0,0.0,0.0,0.0,0.0,0.00054582953,0.017049156,0.01369863,0.0,0.0,1.0,1.0,0.04,0.07,0.0,0.7679956,1.0,1.0,0.09106027,0.0,0.0023948103,0.0,0.0,0.078317344,0.0
0.0,0.0,0.029411765,0.1,0.0,0.0,0.0,0.0,0.0,0.0,0.0,0.0,0.0,0.0,0.0,0.0,0.0,0.0,0.0,0.0,0.0,0.0,0.02347821,0.017612524,1.0,1.0,0.0,0.0,0.06,0.09,0.0,0.7753099,1.0,1.0,0.08763709,0.0,0.0,0.0,0.0,0.08845091,0.0
0.0,0.0,0.029411765,0.2,0.0,0.0,0.0,0.0,0.0,0.0,0.0,0.0,0.0,0.0,0.0,0.0,0.0,0.0,0.0,0.0,0.0,0.004526973,0.016723387,0.0332681,0.0,0.0,1.0,1.0,0.07,0.06,0.0,0.77488434,1.0,1.0,0.09320492,0.0,0.0022312254,0.0,0.0,0.07985392,0.0
0.0,0.0,0.029411765,0.2,0.0,0.0,0.0,0.0,0.0,0.0,0.0,0.0,0.0,0.0,0.0,0.0,0.0,0.0,0.0,0.0,0.0,0.0005994439,0.016977035,0.037181996,0.0,0.0,1.0,1.0,0.18,0.06,0.0,0.7667687,1.0,1.0,0.09067727,0.0,0.0032646358,0.0,0.0,0.076660484,0.0
0.0,0.0,0.13235295,0.8,0.0,3.2691223e-05,0.0,0.0,0.0,0.0,0.0,0.0,0.0,0.0,0.0,0.0,0.0,0.0,0.0,0.0,0.0,0.0,0.020928144,0.0019569471,1.0,1.0,0.0,0.0,1.0,0.0,0.0,0.7205813,1.0,1.0,0.074586265,0.0,0.0022819787,0.0,0.0,0.07433069,0.0
0.0,0.0,0.7205882,0.2,0.0,0.0,0.0,0.0,0.0,0.0,0.0,0.0,0.0,0.0,0.0,0.0,0.0,0.0,0.0,0.0,0.0,0.0051042736,0.016616248,0.0332681,0.0,0.0,1.0,1.0,0.06,0.06,0.0,0.77629566,1.0,1.0,0.093736775,0.0,0.0019093007,0.0,0.0,0.0805313,0.0
0.0,0.0,0.029411765,0.1,0.0,0.0,0.0,0.0,0.0,7.1674585e-05,0.0,0.0,0.0,0.0,0.0,0.0,0.0,0.0,0.0,0.0,0.0,0.000272125,0.022921205,0.0332681,1.0,1.0,0.0,0.0,0.06,0.06,0.0,0.78389525,1.0,1.0,0.090583764,0.0,0.0,0.0,0.0,0.09107521,0.0
0.1298276,0.0,0.13235295,0.0,0.0,3.2691223e-05,0.0,0.0,0.0,0.0,0.0,0.0,0.0,0.0,0.0,0.0,0.0,0.0,0.0,0.0,0.0,0.0,0.018142596,0.0019569471,0.0,0.0,0.0,0.0,0.5,1.0,0.0,0.7624395,1.0,1.0,0.08801133,0.0,0.0033588111,0.0,0.0,0.08200607,0.0
0.0,0.0,0.4852941,0.1,0.0,0.0,0.0,0.0,0.0,0.0,0.0,0.0,0.0,0.0,0.0,0.0,0.0,0.0,0.0,0.0,0.0,0.0,0.023221612,0.011741683,1.0,1.0,0.0,0.0,0.02,0.06,0.0,0.77540016,1.0,1.0,0.08806359,0.0,0.0,0.0,0.0,0.08919272,0.0
1.7326518e-05,0.0,0.22058824,0.0,4.1368454e-05,0.00021769383,0.0,0.0,0.0,0.0,0.0,0.0,0.0,0.0,0.0,0.0,0.0,0.0,0.0,0.0,0.0,0.0,0.014291473,0.0039138943,0.0,0.0,0.0,0.0,1.0,0.0,0.0,0.74541104,1.0,1.0,0.08709156,0.0,0.0064112693,0.0,0.0,0.070800155,0.0
0.0,0.0,0.04411765,0.0,0.0008681168,0.0061771553,0.0,0.0,0.0,0.0,0.0,0.0,0.0,0.0,0.0,0.0,0.0,0.0,0.0,0.0,0.0,0.0055243373,0.0107478425,0.039138943,0.0,0.0,0.0,0.0,1.0,0.0,0.15,0.7611908,1.0,1.0,0.09430086,0.0,0.009801015,0.0,0.0,0.065484345,0.0
0.0,0.0,0.04411765,0.1,0.0,0.0,0.0,0.0,0.0,0.018160194,0.0,0.0,0.0,0.0,0.0,0.0,0.0,0.0,0.0,0.0,0.0,0.033177167,0.013940632,0.023483366,1.0,1.0,0.0,0.0,1.0,0.0,0.0,0.81670415,1.0,1.0,0.10618531,0.0,0.0060148984,0.0,0.0,0.08257499,0.0
1.7326518e-05,0.0,0.22058824,0.0,4.1368454e-05,0.00021769383,0.0,0.0,0.0,0.0,0.0,0.0,0.0,0.0,0.0,0.0,0.0,0.0,0.0,0.0,0.0,0.003094554,0.012140758,0.0058708414,0.0,0.0,0.0,0.0,1.0,0.0,0.0,0.7576308,1.0,1.0,0.091904365,0.0,0.0088427365,0.0,0.0,0.07154441,0.0
0.0,0.0,0.029411765,0.1,0.0,0.0,0.0,0.0,0.0,0.0,0.0,0.0,0.0,0.0,0.0,0.0,0.0,0.0,0.0,0.0,0.0,0.0,0.023391299,0.037181996,1.0,1.0,0.0,0.0,0.14,0.06,0.0,0.7768307,1.0,1.0,0.088085465,0.0,0.0,0.0,0.0,0.088609725,0.0
0.14193884,0.0,0.13235295,0.0,0.0,1.1144735e-05,0.0,0.0,0.0,0.0,0.0,0.0,0.0,0.0,0.0,0.0,0.0,0.0,0.0,0.0,0.0,0.0,0.022033885,0.0019569471,0.0,0.0,0.0,0.0,1.0,0.0,0.0,0.7474011,1.0,1.0,0.08104623,0.0,0.0,0.0,0.0,0.08089486,0.0
0.0,0.0,0.7647059,0.2,0.0,0.0,0.0,0.0,0.0,0.0,0.0,0.0,0.0,0.0,0.0,0.0,0.0,0.0,0.0,0.0,0.0,0.00052553415,0.017041363,0.015655577,0.0,0.0,1.0,1.0,0.04,0.07,0.0,0.7678864,1.0,1.0,0.091031976,0.0,0.0024371445,0.0,0.0,0.078247696,0.0
0.12554795,0.0,0.13235295,0.0,0.0,3.2691223e-05,0.0,0.0,0.0,0.0142659545,0.0,0.0,0.0,0.0,0.0,0.0,0.0,0.0,0.0,0.0,0.0,0.02411443,0.018211268,0.0019569471,0.0,0.0,0.0,0.0,1.0,0.0,0.0,0.8087537,1.0,1.0,0.10024723,0.0,0.0018810481,0.0,0.0,0.09288749,0.0
0.0,0.0,0.029411765,0.2,0.0,0.0,0.0,0.0,0.0,0.0,0.0,0.0,0.0,0.0,0.0,0.0,0.0,0.0,0.0,0.0,0.0,0.0008921623,0.017001346,0.029354207,0.0,0.0,1.0,1.0,0.11,0.06,0.0,0.7677003,1.0,1.0,0.09093807,0.0,0.0029844195,0.0,0.0,0.07730788,0.0
0.0,0.0,0.04411765,0.0,0.0008681168,0.0061771553,0.0,0.0,0.0,0.0,0.0,0.0,0.0,0.0,0.0,0.0,0.0,0.0,0.0,0.0,0.0,0.008075088,0.010720201,0.0058708414,0.0,0.0,0.67,0.67,1.0,0.0,0.0,0.7656156,1.0,1.0,0.09549119,0.0,0.009763584,0.0,0.0,0.06637564,0.0
0.0,0.0,0.20588236,0.2,0.0,0.0,0.0,0.0,0.0,0.0,0.0,0.0,0.0,0.0,0.0,0.0,0.0,0.0,0.0,0.0,0.0,0.0,0.017081164,0.0058708414,0.0,0.0,1.0,1.0,0.01,0.07,0.0,0.76716936,1.0,1.0,0.09085905,0.0,0.0021137148,0.0,0.0,0.07860115,0.0
0.0,0.0,0.029411765,0.1,0.0,0.0,0.0,0.0,0.0,0.0,0.0,0.0,0.0,0.0,0.0,0.0,0.0,0.0,0.0,0.0,0.0,0.0,0.023412168,0.011741683,1.0,1.0,0.0,0.0,0.03,0.08,0.0,0.77401984,1.0,1.0,0.0874285,0.0,0.0,0.0,0.0,0.088504404,0.0
0.0,0.0,0.13235295,0.8,0.0,3.2691223e-05,0.0,0.0,0.0,0.0,0.0,0.0,0.0,0.0,0.0,0.0,0.0,0.0,0.0,0.0,0.0,0.0,0.020692907,0.0019569471,1.0,1.0,0.0,0.0,1.0,0.0,0.0,0.71691406,1.0,1.0,0.07368373,0.0,0.0030499846,0.0,0.0,0.073350966,0.0
0.13107511,0.0,0.13235295,0.0,0.0,3.2691223e-05,0.0,0.0,0.0,0.0,0.0,0.0,0.0,0.0,0.0,0.0,0.0,0.0,0.0,0.0,0.0,0.0,0.018783197,0.0019569471,0.0,0.0,0.0,0.0,1.0,0.0,0.0,0.75826824,1.0,1.0,0.086356185,0.0,0.0029489398,0.0,0.0,0.08186138,0.0
0.0,0.0,0.029411765,0.1,0.0,0.0,0.0,0.0,0.0,0.0,0.0,0.0,0.0,0.0,0.0,0.0,0.0,0.0,0.0,0.0,0.0,0.0,0.023948252,0.0039138943,1.0,1.0,0.0,0.0,0.02,0.06,0.0,0.7488444,1.0,1.0,0.08011518,0.0,0.0,0.0,0.0,0.082655996,0.0
0.0,0.0,0.029411765,0.2,0.0,0.0,0.0,0.0,0.0,0.0,0.0,0.0,0.0,0.0,0.0,0.0,0.0,0.0,0.0,0.0,0.0,0.0024352372,0.016834952,0.017612524,0.0,0.0,1.0,1.0,0.03,0.06,0.0,0.7718357,1.0,1.0,0.09235754,0.0,0.0019139647,0.0,0.0,0.07968187,0.0
0.0,0.0,0.029411765,0.1,0.0,0.0,0.0,0.0,0.0,0.0,0.0,0.0,0.0,0.0,0.0,0.0,0.0,0.0,0.0,0.0,0.0,0.0,0.023487084,0.015655577,1.0,1.0,0.0,0.0,0.05,0.08,0.0,0.7731724,1.0,1.0,0.08709174,0.0,0.0,0.0,0.0,0.088079154,0.0
0.0,0.0,0.029411765,0.2,0.0,0.0,0.0,0.0,0.0,0.0,0.0,0.0,0.0,0.0,0.0,0.0,0.0,0.0,0.0,0.0,0.0,0.0,0.017261535,0.011741683,0.0,0.0,1.0,1.0,0.05,0.06,0.0,0.76198304,1.0,1.0,0.08918748,0.0,0.003000006,0.0,0.0,0.07622844,0.0
0.0,0.0,0.04411765,0.0,0.0008681168,0.0061771553,0.0,0.0,0.0,0.0,0.0,0.0,0.0,0.0,0.0,0.0,0.0,0.0,0.0,0.0,0.0,0.0045339763,0.010942087,0.043052837,0.0,0.0,0.0,0.0,1.0,0.0,0.09,0.75953805,1.0,1.0,0.09367069,0.0,0.00975582,0.0,0.0,0.06562692,0.0
0.0,0.0,0.13235295,0.8,0.0,3.2691223e-05,0.0,0.0,0.0,0.011411786,0.0,0.0,0.0,0.0,0.0,0.0,0.0,0.0,0.0,0.0,0.0,0.017490387,0.018836,0.0019569471,1.0,1.0,0.0,0.0,1.0,0.0,0.0,0.8033283,1.0,1.0,0.09868797,0.0,0.0,0.0,0.0,0.09211692,0.0
0.0,0.0,0.029411765,0.1,0.0,0.0,0.0,0.0,0.0,0.0,0.0,0.0,0.0,0.0,0.0,0.0,0.0,0.0,0.0,0.0,0.0,0.0,0.023676217,0.0058708414,1.0,1.0,0.0,0.0,0.02,0.07,0.0,0.7685019,1.0,1.0,0.08566513,0.0,0.0,0.0,0.0,0.08692932,0.0
0.0,0.0,0.029411765,0.1,0.0,0.0,0.0,0.0,0.0,0.0,0.0,0.0,0.0,0.0,0.0,0.0,0.0,0.0,0.0,0.0,0.0,0.0,0.023571715,0.0039138943,1.0,1.0,0.0,0.0,0.01,0.1,0.0,0.77176845,1.0,1.0,0.08664935,0.0,0.0,0.0,0.0,0.08782777,0.0
0.035761934,0.0,0.04411765,0.3,0.0008993779,0.0,0.0,0.0,0.0,0.01929149,0.0,0.0,0.0,0.0,0.0,0.0,0.00056954473,0.0025526881,0.0,0.0,0.0,0.038194746,0.010083839,0.015655577,0.0,0.0,1.0,1.0,1.0,0.0,0.0,0.8177339,1.0,1.0,0.10980611,0.0,0.009429768,0.0,0.0,0.07624158,0.0
0.0,0.0,0.04411765,0.1,0.0,0.0,0.0,0.0,0.0,0.0023519695,0.0,0.0,0.0,0.0,0.0,0.0,0.0,0.0,0.0,0.0,0.0,0.0058048666,0.023017615,0.019569471,1.0,1.0,0.0,0.0,0.62,0.12,0.0,0.78945076,1.0,1.0,0.09149244,0.0,0.0,0.0,0.0,0.09022322,0.0
0.0,0.0,0.3529412,0.1,0.0,0.0,0.0,0.0,0.0,0.0,0.0,0.0,0.0,0.0,0.0,0.0,0.0,0.0,0.0,0.0,0.0,0.0,0.023512676,0.021526419,1.0,1.0,0.0,0.0,0.07,0.05,0.0,0.7723497,1.0,1.0,0.086828105,0.0,0.0,0.0,0.0,0.08775079,0.0
0.0,1.0,0.36764705,0.0,1.6426413e-05,0.0,0.0,0.0,0.0,0.0,0.0,0.0,0.0,0.0,0.0,0.0,0.0,0.0,0.0,0.0,0.0,0.011154175,0.014112741,0.08414873,0.0,0.0,0.0,0.0,1.0,0.0,0.0,0.7759392,1.0,1.0,0.09574402,0.0,0.004988134,0.0,0.0,0.081822366,0.0
0.13026077,0.0,0.13235295,0.0,0.0,3.2691223e-05,0.0,0.0,0.0,0.0,0.0,0.0,0.0,0.0,0.0,0.0,0.0,0.0,0.0,0.0,0.0,0.0,0.018784218,0.0019569471,0.0,0.0,0.0,0.0,1.0,0.0,0.0,0.7410418,1.0,1.0,0.08180145,0.0,0.0033099651,0.0,0.0,0.07808995,0.0
0.0,0.0,0.029411765,0.1,0.0,0.0,0.0,0.0,0.0,0.0,0.0,0.0,0.0,0.0,0.0,0.0,0.0,0.0,0.0,0.0,0.0,0.0,0.02302558,0.029354207,1.0,1.0,0.0,0.0,0.06,0.06,0.0,0.78170764,1.0,1.0,0.089888535,0.0,0.0,0.0,0.0,0.09050202,0.0
0.0139825,0.0,0.04411765,0.3,0.00047471057,0.0,0.0,0.0,0.0,0.05207458,0.0,0.0,0.0,0.0,0.0,0.0026544183,0.0046305135,0.030526131,0.0,0.0,0.0,0.07470229,0.008752041,0.086105675,0.02,0.02,0.98,0.98,1.0,0.0,0.0,0.8805227,1.0,1.0,0.1276204,0.0,0.0091389865,0.0,0.0,0.087368846,0.0
0.0,0.0,0.029411765,0.1,0.0,0.0,0.0,0.0,0.0,0.0,0.0,0.0,0.0,0.0,0.0,0.0,0.0,0.0,0.0,0.0,0.0,0.0,0.023532651,0.009784736,1.0,1.0,0.0,0.0,0.03,0.1,0.0,0.77302873,1.0,1.0,0.08700528,0.0,0.0,0.0,0.0,0.08805925,0.0
0.0,0.0,0.04411765,0.1,0.0,0.0,0.0,0.0,0.0,0.05728185,0.0,0.0,0.0,0.0,0.0,0.0,0.0024553537,0.025339127,0.0,0.0,0.0,0.07181907,0.016180106,0.19569471,1.0,1.0,0.0,0.0,1.0,0.0,0.0,0.8911495,1.0,1.0,0.12400835,0.0,0.001321137,0.0,0.0,0.10657689,0.0
0.0,1.0,0.36764705,0.0,1.6044403e-05,0.0,0.0,0.0,0.0,0.007455945,0.0,0.0,0.0,0.0,0.0,0.0,0.0,0.0,0.0,0.0,0.0,0.018765718,0.015070818,0.90215266,0.0,0.0,0.0,0.0,1.0,0.0,0.0,0.7928953,1.0,1.0,0.09952315,0.0,0.0028155148,0.0,0.0,0.08897841,0.0
0.0,0.0,0.029411765,0.1,0.0,0.0,0.0,0.0,0.0,0.0,0.0,0.0,0.0,0.0,0.0,0.0,0.0,0.0,0.0,0.0,0.0,0.0,0.023445837,0.0039138943,1.0,1.0,0.0,0.0,0.01,0.09,0.0,0.7740786,1.0,1.0,0.08741873,0.0,0.0,0.0,0.0,0.0885649,0.0
0.0,0.0,0.7794118,0.5,0.0,0.0,0.0,0.0,0.0,0.0,0.0,0.0,0.0,0.0,0.0,0.0,0.0,0.0,0.0,0.0,0.0,0.0035486817,0.016737342,0.023483366,0.0,0.0,1.0,1.0,0.04,0.06,0.0,0.7737762,1.0,1.0,0.092969485,0.0,0.0018537194,0.0,0.0,0.08014342,0.0
0.0,0.0,0.029411765,0.2,0.0,0.0,0.0,0.0,0.0,0.0,0.0,0.0,0.0,0.0,0.0,0.0,0.0,0.0,0.0,0.0,0.0,0.0,0.0173565,0.0039138943,0.0,0.0,1.0,1.0,0.02,0.08,0.0,0.7613493,1.0,1.0,0.08893218,0.0,0.0029522926,0.0,0.0,0.076232076,0.0
0.13261718,0.0,0.13235295,0.0,0.0,3.2691223e-05,0.0,0.0,0.0,0.0,0.0,0.0,0.0,0.0,0.0,0.0,0.0,0.0,0.0,0.0,0.0,0.0,0.019531138,0.0019569471,0.0,0.0,0.0,0.0,1.0,0.0,0.0,0.748515,1.0,1.0,0.08316197,0.0,0.0025185198,0.0,0.0,0.0802066,0.0
0.0,0.0,0.029411765,0.1,0.0,0.0,0.0,0.0,0.0,0.0,0.0,0.0,0.0,0.0,0.0,0.0,0.0,0.0,0.0,0.0,0.0,0.0,0.022963285,0.031311154,1.0,1.0,0.0,0.0,0.06,0.06,0.0,0.78251195,1.0,1.0,0.090176575,0.0,0.0,0.0,0.0,0.09078446,0.0
0.0,0.0,0.029411765,0.1,0.0,0.0,0.0,0.0,0.0,0.0,0.0,0.0,0.0,0.0,0.0,0.0,0.0,0.0,0.0,0.0,0.0,0.0,0.023389362,0.0019569471,1.0,1.0,0.0,0.0,0.0,0.07,0.0,0.77282715,1.0,1.0,0.087194316,0.0,0.0,0.0,0.0,0.08851251,0.0
0.0,0.0,0.029411765,0.1,0.0,0.0,0.0,0.0,0.0,0.0,0.0,0.0,0.0,0.0,0.0,0.0,0.0,0.0,0.0,0.0,0.0,0.0,0.023067601,0.025440313,1.0,1.0,0.0,0.0,0.05,0.06,0.0,0.7803657,1.0,1.0,0.08949969,0.0,0.0,0.0,0.0,0.09023368,0.0
0.0,0.0,0.029411765,0.2,0.0,0.0,0.0,0.0,0.0,0.0,0.0,0.0,0.0,0.0,0.0,0.0,0.0,0.0,0.0,0.0,0.0,0.0,0.01732707,0.0058708414,0.0,0.0,1.0,1.0,0.03,0.07,0.0,0.760754,1.0,1.0,0.08881014,0.0,0.0029545724,0.0,0.0,0.07605952,0.0
0.12998354,0.0,0.13235295,0.0,0.0,3.2691223e-05,0.0,0.0,0.0,0.0,0.0,0.0,0.0,0.0,0.0,0.0,0.0,0.0,0.0,0.0,0.0,0.0,0.018706642,0.0019569471,0.0,0.0,0.0,0.0,1.0,0.0,0.0,0.7401296,1.0,1.0,0.08162447,0.0,0.0034131408,0.0,0.0,0.07771698,0.0
0.035883218,0.0,0.04411765,0.3,0.0008993779,0.0,0.0,0.0,0.0,0.010377139,0.0,0.0,0.0,0.0,0.0,0.0,0.0,0.0,0.0,0.0,0.0,0.028229356,0.01039318,0.015655577,0.0,0.0,1.0,1.0,1.0,0.0,0.0,0.8005744,1.0,1.0,0.10499271,0.0,0.009486929,0.0,0.0,0.073280334,0.0
0.0,0.0,0.25,0.5,0.0,0.0,0.0,0.0,0.0,0.0,0.0,0.0,0.0,0.0,0.0,0.0,0.0,0.0,0.0,0.0,0.0,0.00064677,0.017024934,0.029354207,0.0,0.0,1.0,1.0,0.12,0.07,0.0,0.76717854,1.0,1.0,0.090766035,0.0,0.0030619055,0.0,0.0,0.07709327,0.0
0.0,0.0,0.029411765,0.2,0.0,0.0,0.0,0.0,0.0,0.0,0.0,0.0,0.0,0.0,0.0,0.0,0.0,0.0,0.0,0.0,0.0,0.0017282665,0.016935095,0.021526419,0.0,0.0,1.0,1.0,0.05,0.06,0.0,0.7700167,1.0,1.0,0.09170658,0.0,0.002348721,0.0,0.0,0.07878733,0.0
0.0,0.0,0.19117647,0.2,0.0,0.0,0.0,0.0,0.0,0.0,0.0,0.0,0.0,0.0,0.0,0.0,0.0,0.0,0.0,0.0,0.0,0.0015361011,0.016977206,0.011741683,0.0,0.0,1.0,1.0,0.02,0.07,0.0,0.77021265,1.0,1.0,0.09176818,0.0,0.0020018965,0.0,0.0,0.079419285,0.0
0.0,0.0,0.029411765,0.2,0.0,0.0,0.0,0.0,0.0,0.0,0.0,0.0,0.0,0.0,0.0,0.0,0.0,0.0,0.0,0.0,0.0,0.0044350624,0.016680412,0.0332681,0.0,0.0,1.0,1.0,0.07,0.06,0.0,0.77487254,1.0,1.0,0.09326755,0.0,0.0021207482,0.0,0.0,0.07994601,0.0
0.0,1.0,0.36764705,0.0,1.6044403e-05,0.0,0.0,0.0,0.0,0.004171014,0.0,0.0,0.0,0.0,0.0,0.0,0.0,0.0,0.0,0.0,0.0,0.016220748,0.014813282,0.63013697,0.0,0.0,0.0,0.0,1.0,0.0,0.0,0.78663933,1.0,1.0,0.0979717,0.0,0.0037578642,0.0,0.0,0.08701205,0.0
0.0,0.0,0.029411765,0.1,0.0,0.0,0.0,0.0,0.0,0.0,0.0,0.0,0.0,0.0,0.0,0.0,0.0,0.0,0.0,0.0,0.0,0.0,0.023682393,0.01369863,1.0,1.0,0.0,0.0,0.06,0.06,0.0,0.76935875,1.0,1.0,0.08584853,0.0,0.0,0.0,0.0,0.086903095,0.0
0.015628519,0.0,0.04411765,0.3,6.277691e-05,0.0,0.0,0.0,0.0,0.009124041,0.0,0.0,0.0,0.0,0.0,0.0,0.0,0.0,0.0,0.0,0.0,0.02677831,0.010054126,0.11741683,0.02,0.02,0.97,0.97,1.0,0.0,0.0,0.7978523,1.0,1.0,0.10462227,0.0,0.00950481,0.0,0.0,0.07257089,0.0
0.12759247,0.0,0.13235295,0.0,0.0,3.2691223e-05,0.0,0.0,0.0,0.0,0.0,0.0,0.0,0.0,0.0,0.0,0.0,0.0,0.0,0.0,0.0,0.0015523732,0.017777003,0.0019569471,0.0,0.0,0.0,0.0,1.0,0.0,0.0,0.7668787,1.0,1.0,0.08949617,0.0,0.0036779642,0.0,0.0,0.08181551,0.0
0.0,0.0,0.25,0.5,0.0,0.0,0.0,0.0,0.0,0.0,0.0,0.0,0.0,0.0,0.0,0.0,0.0,0.0,0.0,0.0,0.0,0.0,0.017154686,0.019569471,0.0,0.0,1.0,1.0,0.09,0.08,0.0,0.76446927,1.0,1.0,0.08993613,0.0,0.0030344874,0.0,0.0,0.076627314,0.0
0.0,0.0,0.04411765,0.3,0.0006042118,0.005423771,0.0,0.0,0.0,0.0,0.0,0.0,0.0,0.0,0.0,0.0,0.0,0.0,0.0,0.0,0.0,0.008871108,0.010628693,0.0058708414,0.0,0.0,1.0,1.0,1.0,0.0,0.0,0.76688254,1.0,1.0,0.09590959,0.0,0.009852812,0.0,0.0,0.06621617,0.0
0.0,0.0,0.14705883,0.5,0.0,0.0,0.0,0.0,0.0,0.0037595928,0.0,0.0,0.0,0.0,0.0,0.0,0.0,0.0,0.0,0.0,0.0,0.014978915,0.016147397,0.0058708414,0.0,0.0,1.0,1.0,0.38,0.25,0.0,0.7896652,1.0,1.0,0.097303025,0.0,0.0040891767,0.0,0.0,0.080197155,0.0
0.0,0.0,0.029411765,0.2,0.0,0.0,0.0,0.0,0.0,0.0,0.0,0.0,0.0,0.0,0.0,0.0,0.0,0.0,0.0,0.0,0.0,0.0028348863,0.016805775,0.023483366,0.0,0.0,1.0,1.0,0.05,0.06,0.0,0.7722583,1.0,1.0,0.092469,0.0,0.0020792633,0.0,0.0,0.07951912,0.0
0.0,0.0,0.029411765,0.2,0.0,0.0,0.0,0.0,0.0,0.0,0.0,0.0,0.0,0.0,0.0,0.0,0.0,0.0,0.0,0.0,0.0,0.0,0.017138913,0.017612524,0.0,0.0,1.0,1.0,0.07,0.07,0.0,0.7651001,1.0,1.0,0.09013643,0.0,0.0029146373,0.0,0.0,0.07691157,0.0
0.0,0.0,0.029411765,0.1,0.0,0.0,0.0,0.0,0.0,0.0,0.0,0.0,0.0,0.0,0.0,0.0,0.0,0.0,0.0,0.0,0.0,6.15716e-05,0.022959799,0.037181996,1.0,1.0,0.0,0.0,0.07,0.06,0.0,0.78328896,1.0,1.0,0.090357475,0.0,0.0,0.0,0.0,0.09084177,0.0
0.0,0.0,0.60294116,0.5,0.0,0.0,0.0,0.0,0.0,0.0,0.0,0.0,0.0,0.0,0.0,0.0,0.0,0.0,0.0,0.0,0.0,0.003105253,0.016831703,0.023483366,0.0,0.0,1.0,1.0,0.05,0.07,0.0,0.7726495,1.0,1.0,0.09253145,0.0,0.0021333247,0.0,0.0,0.07958311,0.0
0.0,0.0,0.029411765,0.1,0.0,0.0,0.0,0.0,0.0,0.0,0.0,0.0,0.0,0.0,0.0,0.0,0.0,0.0,0.0,0.0,0.0,0.0,0.023232676,0.029354207,1.0,1.0,0.0,0.0,0.08,0.09,0.0,0.78070426,1.0,1.0,0.08932256,0.0,0.0,0.0,0.0,0.08985424,0.0
0.0,0.0,0.029411765,0.1,0.0,0.0,0.0,0.0,0.0,0.0,0.0,0.0,0.0,0.0,0.0,0.0,0.0,0.0,0.0,0.0,0.0,0.0,0.023701787,0.015655577,1.0,1.0,0.0,0.0,0.06,0.06,0.0,0.7689923,1.0,1.0,0.08575972,0.0,0.0,0.0,0.0,0.08699337,0.0
0.0,0.0,0.14705883,0.1,0.0,0.0,1.0,0.0,0.0,0.0,0.0,0.0,0.0,0.0,0.0,0.0,0.0,0.0,0.0,0.0,0.0,0.0,0.03669829,0.0039138943,1.0,1.0,0.0,0.0,1.0,0.0,1.0,0.6351131,0.91706574,1.0,0.035782963,0.0,0.003662333,0.0,0.0,0.06434247,0.0
0.0,0.0,0.4852941,0.1,0.0,0.0,0.0,0.0,0.0,0.0,0.0,0.0,0.0,0.0,0.0,0.0,0.0,0.0,0.0,0.0,0.0,0.0,0.023664176,0.0019569471,1.0,1.0,0.0,0.0,0.01,0.09,0.0,0.7697004,1.0,1.0,0.08599418,0.0,0.0,0.0,0.0,0.08729032,0.0
0.0,0.0,0.3529412,0.2,0.0,0.0,0.0,0.0,0.0,0.0,0.0,0.0,0.0,0.0,0.0,0.0,0.0,0.0,0.0,0.0,0.0,0.005508542,0.016629249,0.0332681,0.0,0.0,1.0,1.0,0.06,0.06,0.0,0.77697146,1.0,1.0,0.09389312,0.0,0.0019211918,0.0,0.0,0.08071232,0.0
0.0,1.0,0.36764705,0.0,1.6426413e-05,0.0,0.0,0.0,0.0,0.0074087083,0.0,0.0,0.0,0.0,0.0,0.0,0.0,0.0,0.0,0.0,0.0,0.01872909,0.015067108,0.8982387,0.0,0.0,0.0,0.0,1.0,0.0,0.0,0.7928053,1.0,1.0,0.09950081,0.0,0.0028291196,0.0,0.0,0.08895013,0.0
0.0,0.0,0.5441176,0.5,0.0,0.0,0.0,0.0,0.0,0.0,0.0,0.0,0.0,0.0,0.0,0.0,0.0,0.0,0.0,0.0,0.0,0.0038618147,0.016768314,0.029354207,0.0,0.0,1.0,1.0,0.06,0.07,0.0,0.773831,1.0,1.0,0.09289316,0.0,0.0021858662,0.0,0.0,0.07973248,0.0
0.0,0.0,0.029411765,0.2,0.0,0.0,0.0,0.0,0.0,0.0,0.0,0.0,0.0,0.0,0.0,0.0,0.0,0.0,0.0,0.0,0.0,0.0,0.017296404,0.007827789,0.0,0.0,1.0,1.0,0.03,0.07,0.0,0.7617743,1.0,1.0,0.089103274,0.0,0.0029788464,0.0,0.0,0.07619202,0.0
0.0,0.0,0.029411765,0.2,0.0,0.0,0.0,0.0,0.0,0.0,0.0,0.0,0.0,0.0,0.0,0.0,0.0,0.0,0.0,0.0,0.0,0.00022011995,0.017014071,0.029354207,0.0,0.0,1.0,1.0,0.12,0.06,0.0,0.76645505,1.0,1.0,0.090594046,0.0,0.0030570775,0.0,0.0,0.07689273,0.0
0.0,0.0,0.20588236,0.2,0.0,0.0,0.0,0.0,0.0,0.0,0.0,0.0,0.0,0.0,0.0,0.0,0.0,0.0,0.0,0.0,0.0,0.0,0.017107576,0.019569471,0.0,0.0,1.0,1.0,0.07,0.06,0.0,0.7655128,1.0,1.0,0.09028023,0.0,0.0028794557,0.0,0.0,0.07705656,0.0
0.01557654,0.0,0.04411765,0.3,0.0011394073,0.0,0.0,0.0,0.0,0.044365644,0.0,0.0,0.0,0.0,0.0,0.0005635172,0.0037797317,0.02422887,0.0,0.0,0.0,0.066212356,0.008976817,0.064579256,0.06,0.06,0.94,0.94,1.0,0.0,0.0,0.8658217,1.0,1.0,0.12353539,0.0,0.009292245,0.0,0.0,0.08435705,0.0
0.0,0.0,0.029411765,0.2,0.0,0.0,0.0,0.0,0.0,0.0,0.0,0.0,0.0,0.0,0.0,0.0,0.0,0.0,0.0,0.0,0.0,0.0,0.017162263,0.0058708414,0.0,0.0,1.0,1.0,0.02,0.06,0.0,0.76440656,1.0,1.0,0.09001451,0.0,0.0024119765,0.0,0.0,0.077561736,0.0
0.0,0.0,0.04411765,0.0,0.0008681168,0.0061771553,0.0,0.0,0.0,0.0,0.0,0.0,0.0,0.0,0.0,0.0,0.0,0.0,0.0,0.0,0.0,0.009734333,0.01062344,0.06262231,0.0,0.0,0.0,0.0,1.0,0.0,0.09,0.7684405,1.0,1.0,0.096327715,0.0,0.00977771,0.0,0.0,0.06674266,0.0
0.0,0.0,0.04411765,0.0,0.0008681168,0.0061771553,0.0,0.0,0.0,0.0,0.0,0.0,0.0,0.0,0.0,0.0,0.0,0.0,0.0,0.0,0.0,0.006132424,0.0107046515,0.02739726,0.0,0.0,0.0,0.0,1.0,0.0,0.21,0.7621701,1.0,1.0,0.09459972,0.0,0.009842545,0.0,0.0,0.06549889,0.0
0.0,1.0,0.36764705,0.0,8.276875e-06,0.0,0.0,0.0,0.0,0.0056598485,0.0,0.0,0.0,0.0,0.0,0.0,0.0,0.0,0.0,0.0,0.0,0.017374188,0.014930062,0.75342464,0.0,0.0,0.0,0.0,1.0,0.0,0.0,0.7894747,1.0,1.0,0.098674856,0.0,0.0033307672,0.0,0.0,0.08790323,0.0
0.12908256,0.0,0.13235295,0.0,0.0,3.2691223e-05,0.0,0.0,0.0,0.0,0.0,0.0,0.0,0.0,0.0,0.0,0.0,0.0,0.0,0.0,0.0,0.0,0.018493906,0.0019569471,0.0,0.0,0.0,0.0,1.0,0.0,0.0,0.735821,1.0,1.0,0.08064594,0.0,0.0038219988,0.0,0.0,0.07613984,0.0
0.0,0.0,0.029411765,0.2,0.0,0.0,0.0,0.0,0.0,0.0,0.0,0.0,0.0,0.0,0.0,0.0,0.0,0.0,0.0,0.0,0.0,0.0,0.017048873,0.009784736,0.0,0.0,1.0,1.0,0.02,0.06,0.0,0.76697767,1.0,1.0,0.09082679,0.0,0.0022319108,0.0,0.0,0.07830745,0.0
0.0,0.0,0.0,0.2,0.0,0.0,0.0,0.0,0.0,0.0,0.0,0.0,0.0,0.0,0.0,0.0,0.0,0.0,0.0,0.0,0.0,0.0026834905,0.016862378,0.025440313,0.0,0.0,1.0,1.0,0.06,0.07,0.0,0.7716867,1.0,1.0,0.0922217,0.0,0.0023024678,0.0,0.0,0.07916239,0.0
0.0140691325,0.0,0.04411765,0.3,0.0009102015,0.0,0.0,0.0,0.0,0.04834622,0.0,0.0,0.0,0.0,0.0,0.0016286075,0.004200861,0.027492732,0.0,0.0,0.0,0.07059261,0.008884169,0.06849315,0.03,0.03,0.97,0.97,1.0,0.0,0.0,0.8734362,1.0,1.0,0.125628,0.0,0.009209007,0.0,0.0,0.08591601,0.0
0.0,0.0,0.029411765,0.2,0.0,0.0,0.0,0.0,0.0,0.0,0.0,0.0,0.0,0.0,0.0,0.0,0.0,0.0,0.0,0.0,0.0,0.00042295456,0.016984783,0.031311154,0.0,0.0,1.0,1.0,0.12,0.06,0.0,0.76682055,1.0,1.0,0.09072221,0.0,0.003028974,0.0,0.0,0.07701829,0.0
0.0,1.0,0.36764705,0.0,2.3557259e-05,0.0,0.0,0.33333334,0.0,0.0,0.0,0.0,0.0,0.0,0.0,0.0,0.0,0.0,0.0,0.0,0.0,0.0,0.021506377,0.0058708414,0.0,0.0,0.0,0.0,1.0,0.0,0.67,0.7557409,1.0,1.0,0.08321125,0.0,0.00013150275,0.0,0.0,0.08914462,0.0
1.7326518e-05,0.0,0.22058824,0.0,4.1368454e-05,0.00021769383,0.0,0.0,0.0,0.0,0.0,0.0,0.0,0.0,0.0,0.0,0.0,0.0,0.0,0.0,0.0,0.0007621646,0.012795255,0.0039138943,0.0,0.0,0.0,0.0,1.0,0.0,0.0,0.75532067,1.0,1.0,0.09079807,0.0,0.007886171,0.0,0.0,0.07297784,0.0
0.0,0.0,0.029411765,0.1,0.0,0.0,0.0,0.0,0.0,0.0,0.0,0.0,0.0,0.0,0.0,0.0,0.0,0.0,0.0,0.0,0.0,0.00023925304,0.022899412,0.039138943,1.0,1.0,0.0,0.0,0.07,0.05,0.0,0.7837168,1.0,1.0,0.090553544,0.0,0.0,0.0,0.0,0.09097907,0.0
0.0,0.0,0.029411765,0.2,0.0,0.0,0.0,0.0,0.0,0.0,0.0,0.0,0.0,0.0,0.0,0.0,0.0,0.0,0.0,0.0,0.0,0.0022568703,0.01685153,0.025440313,0.0,0.0,1.0,1.0,0.06,0.07,0.0,0.77096343,1.0,1.0,0.09204968,0.0,0.0022976846,0.0,0.0,0.07896182,0.0
0.0,0.0,0.029411765,0.2,0.0,0.0,0.0,0.0,0.0,0.0,0.0,0.0,0.0,0.0,0.0,0.0,0.0,0.0,0.0,0.0,0.0,0.0033524334,0.016816542,0.023483366,0.04,0.0,0.96,1.0,0.04,0.06,0.0,0.77341855,1.0,1.0,0.09278991,0.0,0.0019019842,0.0,0.0,0.080013126,0.0
0.0,0.0,0.029411765,0.2,0.0,0.0,0.0,0.0,0.0,0.0,0.0,0.0,0.0,0.0,0.0,0.0,0.0,0.0,0.0,0.0,0.0,0.0018203557,0.016888656,0.039138943,0.0,0.0,1.0,1.0,0.15,0.05,0.0,0.76906955,1.0,1.0,0.091392644,0.0,0.0030986369,0.0,0.0,0.07731962,0.0
0.0,0.0,0.029411765,0.2,0.0,0.0,0.0,0.0,0.0,0.0,0.0,0.0,0.0,0.0,0.0,0.0,0.0,0.0,0.0,0.0,0.0,0.0,0.01710461,0.02739726,0.0,0.0,1.0,1.0,0.14,0.06,0.0,0.76410687,1.0,1.0,0.089862995,0.0,0.0032301843,0.0,0.0,0.076214015,0.0
0.0,1.0,0.36764705,0.0,1.6426413e-05,0.0,0.0,0.0,0.0,0.0016634762,0.0,0.0,0.0,0.0,0.0,0.0,0.0,0.0,0.0,0.0,0.0,0.014041543,0.014545642,0.40313113,0.0,0.0,0.0,0.0,1.0,0.0,0.0,0.7819824,1.0,1.0,0.096958004,0.0,0.004299432,0.0,0.0,0.08490667,0.0
0.0,0.0,0.30882353,0.2,0.0,0.0,0.0,0.0,0.0,0.0,0.0,0.0,0.0,0.0,0.0,0.0,0.0,0.0,0.0,0.0,0.0,0.005242169,0.016583368,0.037181996,0.0,0.0,1.0,1.0,0.07,0.06,0.0,0.77645695,1.0,1.0,0.093805425,0.0,0.0019376427,0.0,0.0,0.0805482,0.0
0.0,0.0,0.029411765,0.1,0.0,0.0,0.0,0.0,0.0,0.0,0.0,0.0,0.0,0.0,0.0,0.0,0.0,0.0,0.0,0.0,0.0,0.0,0.02321212,0.039138943,1.0,1.0,0.0,0.0,0.12,0.09,0.0,0.7818823,1.0,1.0,0.08961897,0.0,0.0,0.0,0.0,0.089936286,0.0
0.0,0.0,0.04411765,0.0,0.0008681168,0.0061771553,0.0,0.0,0.0,0.0,0.0,0.0,0.0,0.0,0.0,0.0,0.0,0.0,0.0,0.0,0.0,0.0076409876,0.0106849,0.007827789,0.0,0.0,0.25,0.25,1.0,0.0,0.0,0.7648368,1.0,1.0,0.09532074,0.0,0.009787127,0.0,0.0,0.06612569,0.0
0.03577926,0.0,0.04411765,0.3,0.0008993779,7.4298237e-07,0.0,0.0,0.0,0.019343227,0.0,0.0,0.0,0.0,0.0,0.0,0.00057754666,0.002570659,0.0,0.0,0.0,0.038241565,0.010080703,0.019569471,0.0,0.0,1.0,1.0,1.0,0.0,0.0,0.8178189,1.0,1.0,0.10983201,0.0,0.009420782,0.0,0.0,0.07629043,0.0
0.0,0.0,0.029411765,0.1,0.0,0.0,0.0,0.0,0.0,0.0,0.0,0.0,0.0,0.0,0.0,0.0,0.0,0.0,0.0,0.0,0.0,0.0,0.023162179,0.03522505,1.0,1.0,0.0,0.0,0.09,0.09,0.0,0.78178895,1.0,1.0,0.08968236,0.0,0.0,0.0,0.0,0.09011781,0.0
0.0,0.0,0.029411765,0.1,0.0,0.0,0.0,0.0,0.0,0.0,0.0,0.0,0.0,0.0,0.0,0.0,0.0,0.0,0.0,0.0,0.0,0.0,0.023305103,0.031311154,1.0,1.0,0.0,0.0,0.1,0.08,0.0,0.77907765,1.0,1.0,0.0887975,0.0,0.0,0.0,0.0,0.089355975,0.0
0.0,0.0,0.029411765,0.2,0.0,0.0,0.0,0.0,0.0,0.0,0.0,0.0,0.0,0.0,0.0,0.0,0.0,0.0,0.0,0.0,0.0,0.0024380088,0.0168866,0.017612524,0.0,0.0,1.0,1.0,0.04,0.07,0.0,0.7716578,1.0,1.0,0.09223231,0.0,0.0020526648,0.0,0.0,0.07951173,0.0
0.013878541,0.0,0.04411765,0.3,0.0009923336,7.4298237e-07,0.0,0.0,0.0,0.0056338906,0.0,0.0,0.0,0.0,0.0,0.0,0.0,0.0,0.0,0.0,0.0,0.022924542,0.010222703,0.08023483,0.0,0.0,1.0,1.0,1.0,0.0,0.0,0.79122484,1.0,1.0,0.10270951,0.0,0.009563237,0.0,0.0,0.071321875,0.0
0.0,0.0,0.029411765,0.1,0.0,0.0,0.0,0.0,0.0,0.0,0.0,0.0,0.0,0.0,0.0,0.0,0.0,0.0,0.0,0.0,0.0,0.0,0.023729123,0.007827789,1.0,1.0,0.0,0.0,0.04,0.07,0.0,0.7685964,1.0,1.0,0.085605465,0.0,0.0,0.0,0.0,0.086755574,0.0
0.0,0.0,0.029411765,0.2,0.0,0.0,0.0,0.0,0.0,0.0,0.0,0.0,0.0,0.0,0.0,0.0,0.0,0.0,0.0,0.0,0.0,0.003591448,0.016741775,0.037181996,0.0,0.0,1.0,1.0,0.09,0.07,0.0,0.7729467,1.0,1.0,0.09264799,0.0,0.0024590641,0.0,0.0,0.07910454,0.0
0.0,0.0,0.04411765,0.0,0.0008681168,0.0061771553,0.0,0.0,0.0,0.0,0.0,0.0,0.0,0.0,0.0,0.0,0.0,0.0,0.0,0.0,0.0,0.009260595,0.010613374,0.0039138943,0.0,0.0,0.0,0.0,1.0,0.0,0.0,0.76755404,1.0,1.0,0.09610369,0.0,0.009830639,0.0,0.0,0.06641212,0.0
0.0,0.0,0.029411765,0.2,0.0,0.0,0.0,0.0,0.0,0.0,0.0,0.0,0.0,0.0,0.0,0.0,0.0,0.0,0.0,0.0,0.0,0.0038117468,0.016668826,0.037181996,0.0,0.0,1.0,1.0,0.08,0.06,0.0,0.77359915,1.0,1.0,0.092929594,0.0,0.0022498518,0.0,0.0,0.07946983,0.0
0.0,1.0,0.36764705,0.0,1.6426413e-05,0.0,0.0,0.0,0.0,0.0011763275,0.0,0.0,0.0,0.0,0.0,0.0,0.0,0.0,0.0,0.0,0.0,0.013607055,0.014490403,0.35812134,0.0,0.0,0.0,0.0,1.0,0.0,0.0,0.7810832,1.0,1.0,0.09676901,0.0,0.0043963045,0.0,0.0,0.08446941,0.0
0.0,0.0,0.073529415,0.2,0.0,0.0,0.0,0.0,0.0,0.0,0.0,0.0,0.0,0.0,0.0,0.0,0.0,0.0,0.0,0.0,0.0,0.0,0.017086223,0.023483366,0.0,0.0,1.0,1.0,0.1,0.06,0.0,0.7660445,1.0,1.0,0.09041994,0.0,0.0030023605,0.0,0.0,0.076963454,0.0
0.0,0.0,0.029411765,0.1,0.0,0.0,0.0,0.0,0.0,0.0,0.0,0.0,0.0,0.0,0.0,0.0,0.0,0.0,0.0,0.0,0.0,0.0,0.023471959,0.029354207,1.0,1.0,0.0,0.0,0.12,0.06,0.0,0.77504814,1.0,1.0,0.08754354,0.0,0.0,0.0,0.0,0.08819747,0.0
0.0,0.0,0.20588236,0.2,0.0,0.0,0.0,0.0,0.0,0.0,0.0,0.0,0.0,0.0,0.0,0.0,0.0,0.0,0.0,0.0,0.0,0.0034825802,0.016804688,0.029354207,0.0,0.0,1.0,1.0,0.07,0.07,0.0,0.7730247,1.0,1.0,0.09262728,0.0,0.0023056418,0.0,0.0,0.07940078,0.0
1.7326518e-05,0.0,0.22058824,0.0,4.1368454e-05,0.00021769383,0.0,0.0,0.0,0.0,0.0,0.0,0.0,0.0,0.0,0.0,0.0,0.0,0.0,0.0,0.0,0.0,0.013384648,0.0058708414,0.0,0.0,0.0,0.0,1.0,0.0,0.0,0.7528446,1.0,1.0,0.08967263,0.0,0.0073431283,0.0,0.0,0.07313484,0.0
1.7326518e-05,0.0,0.22058824,0.0,4.1368454e-05,0.00021769383,0.0,0.0,0.0,0.0,0.0,0.0,0.0,0.0,0.0,0.0,0.0,0.0,0.0,0.0,0.0,0.0019071698,0.012541868,0.0058708414,0.0,0.0,0.0,0.0,1.0,0.0,0.0,0.7565774,1.0,1.0,0.09131115,0.0,0.008254856,0.0,0.0,0.0726822,0.0
0.0,0.0,0.13235295,0.8,0.0,3.2691223e-05,0.0,0.0,0.0,0.023158342,0.0,0.0,0.0,0.0,0.0,0.0,0.0,0.0,0.0,0.0,0.0,0.030741513,0.018974945,0.0019569471,1.0,1.0,0.0,0.0,1.0,0.0,0.0,0.8262198,1.0,1.0,0.10455089,0.0,0.0,0.0,0.0,0.09689051,0.0
0.0,0.0,0.44117647,0.2,0.0,0.0,0.0,0.0,0.0,0.0,0.0,0.0,0.0,0.0,0.0,0.0,0.0,0.0,0.0,0.0,0.0,0.0,0.017121114,0.021526419,0.0,0.0,1.0,1.0,0.09,0.07,0.0,0.7649294,1.0,1.0,0.09009557,0.0,0.0029922128,0.0,0.0,0.07679191,0.0
0.0,0.0,0.0,0.1,0.0,0.0,0.0,0.0,0.0,0.0,0.0,0.0,0.0,0.0,0.0,0.0,0.0,0.0,0.0,0.0,0.0,0.0,0.023003057,0.029354207,1.0,1.0,0.0,0.0,0.05,0.06,0.0,0.7814112,1.0,1.0,0.08984863,0.0,0.0,0.0,0.0,0.09049067,0.0
0.0,0.0,0.029411765,0.1,0.0,0.0,0.0,0.0,0.0,0.0,0.0,0.0,0.0,0.0,0.0,0.0,0.0,0.0,0.0,0.0,0.0,0.0,0.023296632,0.017612524,1.0,1.0,0.0,0.0,0.04,0.06,0.0,0.7765695,1.0,1.0,0.08822837,0.0,0.0,0.0,0.0,0.08909568,0.0
0.0,0.0,0.5294118,0.2,0.0,0.0,0.0,0.0,0.0,0.0,0.0,0.0,0.0,0.0,0.0,0.0,0.0,0.0,0.0,0.0,0.0,0.00063705444,0.017031215,0.007827789,0.0,0.0,1.0,1.0,0.02,0.07,0.0,0.76861656,1.0,1.0,0.09129297,0.0,0.0020745844,0.0,0.0,0.07890919,0.0
0.0,0.0,0.04411765,0.1,0.0,0.0,0.0,0.0,0.0,0.0011198521,0.0,0.0,0.0,0.0,0.0,0.0,0.0,0.0,0.0,0.0,0.0,0.0045050383,0.023032568,0.009784736,1.0,1.0,0.0,0.0,0.56,0.33,0.0,0.787109,1.0,1.0,0.09086227,0.0,0.0,0.0,0.0,0.08967936,0.0
0.0,0.0,0.7794118,0.1,0.0,0.0,0.0,0.0,0.0,0.0,0.0,0.0,0.0,0.0,0.0,0.0,0.0,0.0,0.0,0.0,0.0,0.0,0.023497514,0.0039138943,1.0,1.0,0.0,0.0,0.01,0.09,0.0,0.7727753,1.0,1.0,0.08701404,0.0,0.0,0.0,0.0,0.088190585,0.0
0.0,0.0,0.029411765,0.2,0.0,0.0,0.0,0.0,0.0,0.0,0.0,0.0,0.0,0.0,0.0,0.0,0.0,0.0,0.0,0.0,0.0,0.0037080944,0.018427081,0.007827789,0.51,0.0,0.49,1.0,0.02,0.07,0.0,0.7768173,1.0,1.0,0.092272334,0.0,0.00071944296,0.0,0.0,0.082752824,0.0
0.0,0.0,0.5,0.1,0.0,0.0,0.0,0.0,0.0,0.0,0.0,0.0,0.0,0.0,0.0,0.0,0.0,0.0,0.0,0.0,0.0,0.0,0.023553282,0.0039138943,1.0,1.0,0.0,0.0,0.01,0.09,0.0,0.7738259,1.0,1.0,0.08719214,0.0,0.0,0.0,0.0,0.08828297,0.0
0.0,0.0,0.029411765,0.2,0.0,0.0,0.0,0.0,0.0,0.0,0.0,0.0,0.0,0.0,0.0,0.0,0.0,0.0,0.0,0.0,0.0,0.0,0.017018892,0.0058708414,0.0,0.0,1.0,1.0,0.01,0.06,0.0,0.76758456,1.0,1.0,0.09106245,0.0,0.0019397885,0.0,0.0,0.078868866,0.0
0.0,0.0,0.029411765,0.2,0.0,0.0,0.0,0.0,0.0,0.0,0.0,0.0,0.0,0.0,0.0,0.0,0.0,0.0,0.0,0.0,0.0,0.00026744604,0.017061353,0.029354207,0.0,0.0,1.0,1.0,0.14,0.07,0.0,0.7663721,1.0,1.0,0.09050011,0.0,0.003181681,0.0,0.0,0.07676157,0.0
0.0,0.0,0.029411765,0.2,0.0,0.0,0.0,0.0,0.0,0.0,0.0,0.0,0.0,0.0,0.0,0.0,0.0,0.0,0.0,0.0,0.0,0.0,0.017094806,0.011741683,0.0,0.0,1.0,1.0,0.03,0.07,0.0,0.7666433,1.0,1.0,0.09065769,0.0,0.0024199039,0.0,0.0,0.07804823,0.0
0.0,0.0,0.029411765,0.2,0.0,0.0,0.0,0.0,0.0,0.0,0.0,0.0,0.0,0.0,0.0,0.0,0.0,0.0,0.0,0.0,0.0,0.0,0.017104067,0.025440313,0.0,0.0,1.0,1.0,0.12,0.07,0.0,0.7653662,1.0,1.0,0.09020402,0.0,0.0031292439,0.0,0.0,0.07665974,0.0
0.0,0.0,0.04411765,0.2,0.0,0.0,0.0,0.0,0.0,0.0,0.0,0.0,0.0,0.0,0.0,0.0,0.0,0.0,0.0,0.0,0.0,0.004971236,0.016689919,0.039138943,0.0,0.0,1.0,1.0,0.09,0.06,0.0,0.77540183,1.0,1.0,0.093347676,0.0,0.0023824424,0.0,0.0,0.07973018,0.0
0.0,0.0,0.029411765,0.1,0.0,0.0,0.0,0.0,0.0,0.0,0.0,0.0,0.0,0.0,0.0,0.0,0.0,0.0,0.0,0.0,0.0,0.0,0.023345612,0.0332681,1.0,1.0,0.0,0.0,0.11,0.05,0.0,0.77813625,1.0,1.0,0.08849748,0.0,0.0,0.0,0.0,0.08899975,0.0
1.7326518e-05,0.0,0.22058824,0.0,4.1368454e-05,0.00021769383,0.0,0.0,0.0,0.0,0.0,0.0,0.0,0.0,0.0,0.0,0.0,0.0,0.0,0.0,0.0,0.0,0.013501428,0.0039138943,0.0,0.0,0.0,0.0,1.0,0.0,0.0,0.7527138,1.0,1.0,0.08956952,0.0,0.0071535856,0.0,0.0,0.07308653,0.0
0.0,0.0,0.029411765,0.1,0.0,0.0,0.0,0.0,0.0,0.0,0.0,0.0,0.0,0.0,0.0,0.0,0.0,0.0,0.0,0.0,0.0,0.0,0.023723222,0.009784736,1.0,1.0,0.0,0.0,0.05,0.08,0.0,0.7686355,1.0,1.0,0.08561628,0.0,0.0,0.0,0.0,0.08676234,0.0
0.0,0.0,0.7352941,0.1,0.0,0.0,0.0,0.0,0.0,0.0,0.0,0.0,0.0,0.0,0.0,0.0,0.0,0.0,0.0,0.0,0.0,0.0,0.02349741,0.0019569471,1.0,1.0,0.0,0.0,0.0,0.07,0.0,0.7707586,1.0,1.0,0.08651253,0.0,0.0,0.0,0.0,0.08786249,0.0
0.0,0.0,0.029411765,0.1,0.0,0.0,0.0,0.0,0.0,0.0,0.0,0.0,0.0,0.0,0.0,0.0,0.0,0.0,0.0,0.0,0.0,0.0,0.023677126,0.007827789,1.0,1.0,0.0,0.0,0.03,0.06,0.0,0.76811695,1.0,1.0,0.08554717,0.0,0.0,0.0,0.0,0.08679113,0.0
0.0,0.0,0.13235295,0.1,0.0,0.0,0.0,0.0,0.0,0.0,0.0,0.0,0.0,0.0,0.0,0.0,0.0,0.0,0.0,0.0,0.0,0.0,0.024220034,0.12133072,1.0,1.0,0.0,0.0,1.0,0.0,0.0,0.71859324,1.0,1.0,0.07131038,0.0,0.0,0.0,0.0,0.07409713,0.0
0.0,1.0,0.36764705,0.0,1.6426413e-05,0.0,0.0,0.0,0.0,0.0,0.0,0.0,0.0,0.0,0.0,0.0,0.0,0.0,0.0,0.0,0.0,0.0,0.018489003,1.0,0.0,0.0,0.0,0.0,1.0,0.0,0.0,0.75392556,1.0,1.0,0.086026244,0.0,0.0021717995,0.0,0.0,0.08121139,0.0
0.13166422,0.0,0.13235295,0.0,0.0,3.2691223e-05,0.0,0.0,0.0,0.027879775,0.0,0.0,0.0,0.0,0.0,0.0,0.0,0.0,0.0,0.0,0.0,0.036284983,0.018967062,0.0019569471,0.0,0.0,0.0,0.0,1.0,0.0,0.0,0.8353809,1.0,1.0,0.106927894,0.0,0.0,0.0,0.0,0.09880492,0.0
0.0,1.0,0.85294116,0.0,8.977226e-06,0.0,0.0,0.0,0.0,0.0,0.0,0.0,0.0,0.0,0.0,0.0,0.0,0.0,0.004071908,0.0,0.0,0.0,0.048458464,0.0019569471,0.0,0.0,0.0,0.0,1.0,0.0,0.0,0.57744837,0.8427208,0.92447114,0.006675504,0.0,0.012036577,0.0,0.0,0.057759285,0.0
0.0,0.0,0.029411765,0.2,0.0,0.0,0.0,0.0,0.0,0.0,0.0,0.0,0.0,0.0,0.0,0.0,0.0,0.0,0.0,0.0,0.0,0.0019095838,0.016880073,0.039138943,0.0,0.0,1.0,1.0,0.15,0.06,0.0,0.76925933,1.0,1.0,0.0914552,0.0,0.0030704588,0.0,0.0,0.077397704,0.0
0.0,0.0,0.6764706,0.5,0.0,0.0,0.0,0.0,0.0,0.0,0.0,0.0,0.0,0.0,0.0,0.0,0.0,0.0,0.0,0.0,0.0,0.0,0.01721593,0.0019569471,0.0,0.0,1.0,1.0,0.01,0.07,0.0,0.7641238,1.0,1.0,0.08989038,0.0,0.0023642778,0.0,0.0,0.07766032,0.0
0.0,0.0,0.029411765,0.2,0.0,0.0,0.0,0.0,0.0,0.0,0.0,0.0,0.0,0.0,0.0,0.0,0.0,0.0,0.0,0.0,0.0,0.0,0.017232254,0.007827789,0.0,0.0,1.0,1.0,0.03,0.06,0.0,0.7631973,1.0,1.0,0.08957245,0.0,0.002767399,0.0,0.0,0.07677734,0.0
0.0,0.0,0.04411765,0.1,0.0,0.0,0.0,0.0,0.0,0.034172386,0.0,0.0,0.0,0.0,0.0,0.0,0.001140818,0.012044609,0.0,0.0,0.0,0.05098921,0.013235755,0.058708414,0.5,0.5,0.47,0.47,1.0,0.0,0.0,0.8473053,1.0,1.0,0.11492332,0.0,0.0058647394,0.0,0.0,0.088024735,0.0
0.0,0.0,0.60294116,0.5,0.0,0.0,0.0,0.0,0.0,0.0,0.0,0.0,0.0,0.0,0.0,0.0,0.0,0.0,0.0,0.0,0.0,0.0058385134,0.016554914,0.039138943,0.0,0.0,1.0,1.0,0.07,0.06,0.0,0.7774297,1.0,1.0,0.0940829,0.0,0.0019688606,0.0,0.0,0.08066121,0.0
0.0,0.0,0.029411765,0.1,0.0,0.0,0.0,0.0,0.0,0.0,0.0,0.0,0.0,0.0,0.0,0.0,0.0,0.0,0.0,0.0,0.0,0.0,0.023423955,0.037181996,1.0,1.0,0.0,0.0,0.16,0.07,0.0,0.7763878,1.0,1.0,0.08792498,0.0,0.0,0.0,0.0,0.088450104,0.0
0.013774582,0.0,0.04411765,0.3,0.0008993779,0.0,0.0,0.0,0.0,0.040669948,0.0,0.0,0.0,0.0,0.0,0.0,0.0033197552,0.021145433,0.0,0.0,0.0,0.06210172,0.009136483,0.037181996,0.0,0.0,1.0,1.0,1.0,0.0,0.0,0.8587785,1.0,1.0,0.12152537,0.0,0.009334698,0.0,0.0,0.08303824,0.0
0.0,0.0,0.13235295,0.8,0.0,3.2691223e-05,0.0,0.0,0.0,0.021302432,0.0,0.0,0.0,0.0,0.0,0.0,0.0,0.0,0.0,0.0,0.0,0.028625697,0.018956244,0.0019569471,1.0,1.0,0.0,0.0,1.0,0.0,0.0,0.82258534,1.0,1.0,0.1036159,0.0,0.0,0.0,0.0,0.096185505,0.0
0.0,0.0,0.25,0.5,0.0,0.0,0.0,0.0,0.0,0.0,0.0,0.0,0.0,0.0,0.0,0.0,0.0,0.0,0.0,0.0,0.0,0.0,0.01736132,0.0058708414,0.0,0.0,1.0,1.0,0.03,0.07,0.0,0.7599951,1.0,1.0,0.08855992,0.0,0.0030673146,0.0,0.0,0.07574737,0.0
0.0,0.0,0.029411765,0.2,0.0,0.0,0.0,0.0,0.0,0.0,0.0,0.0,0.0,0.0,0.0,0.0,0.0,0.0,0.0,0.0,0.0,0.0028369129,0.016795814,0.025440313,0.0,0.0,1.0,1.0,0.05,0.06,0.0,0.77219665,1.0,1.0,0.09245635,0.0,0.0021145493,0.0,0.0,0.079469025,0.0
0.0,1.0,0.36764705,0.0,1.6426413e-05,0.0,0.0,0.0,0.0,0.0054235756,0.0,0.0,0.0,0.0,0.0,0.0,0.0,0.0,0.0,0.0,0.0,0.017191172,0.014911532,0.7338552,0.0,0.0,0.0,0.0,1.0,0.0,0.0,0.7890247,1.0,1.0,0.098563276,0.0,0.0033985078,0.0,0.0,0.08776182,0.0
0.0,0.0,0.13235295,0.5,0.0,0.0,0.0,0.0,0.0,0.0,0.0,0.0,0.0,0.0,0.0,0.0,0.0,0.0,0.0,0.0,0.0,0.005392343,0.016597703,0.039138943,0.0,0.0,1.0,1.0,0.08,0.06,0.0,0.77648103,1.0,1.0,0.09377008,0.0,0.0021098405,0.0,0.0,0.080271006,0.0
0.0,0.0,0.029411765,0.2,0.0,0.0,0.0,0.0,0.0,0.0,0.0,0.0,0.0,0.0,0.0,0.0,0.0,0.0,0.0,0.0,0.0,0.0,0.01712554,0.0039138943,0.0,0.0,1.0,1.0,0.01,0.07,0.0,0.7674326,1.0,1.0,0.090871625,0.0,0.0021608025,0.0,0.0,0.07863715,0.0
0.0,0.0,0.47058824,0.2,0.0,0.0,0.0,0.0,0.0,0.0,0.0,0.0,0.0,0.0,0.0,0.0,0.0,0.0,0.0,0.0,0.0,0.0,0.017116778,0.0039138943,0.0,0.0,1.0,1.0,0.01,0.06,0.0,0.7666619,1.0,1.0,0.09068402,0.0,0.0021630526,0.0,0.0,0.07841715,0.0
0.12887464,0.0,0.13235295,0.0,0.0,3.2691223e-05,0.0,0.0,0.0,0.020253867,0.0,0.0,0.0,0.0,0.0,0.0,0.0,0.0,0.0,0.0,0.0,0.029614419,0.018361636,0.0019569471,0.0,0.0,0.0,0.0,1.0,0.0,0.0,0.82032394,1.0,1.0,0.1033032,0.0,0.0009152591,0.0,0.0,0.09539214,0.0
0.0,1.0,0.36764705,0.0,1.6426413e-05,0.0,0.0,0.0,0.0,0.005848974,0.0,0.0,0.0,0.0,0.0,0.0,0.0,0.0,0.0,0.0,0.0,0.017520696,0.014944807,0.7690802,0.0,0.0,0.0,0.0,1.0,0.0,0.0,0.78983474,1.0,1.0,0.09876417,0.0,0.003276527,0.0,0.0,0.08801642,0.0
0.0,0.0,0.029411765,0.1,0.0,0.0,0.0,0.0,0.0,0.0,0.0,0.0,0.0,0.0,0.0,0.0,0.0,0.0,0.0,0.0,0.0,0.0,0.025278628,0.0019569471,1.0,1.0,0.0,0.0,0.01,0.06,0.0,0.73890126,1.0,1.0,0.07631632,0.0,0.0,0.0,0.0,0.08011624,0.0
0.0,1.0,0.36764705,0.0,2.3557259e-05,0.0,0.0,0.33333334,0.0,0.0,0.0,0.0,0.0,0.0,0.0,0.0,0.0,0.0,0.0,0.0,0.0,0.0,0.025576837,0.0058708414,0.0,0.0,0.0,0.0,1.0,0.0,0.67,0.67588854,0.9699776,1.0,0.057536833,0.0,0.00782764,0.0,0.0,0.06311186,0.0
0.0,0.0,0.029411765,0.2,0.0,0.0,0.0,0.0,0.0,0.0,0.0,0.0,0.0,0.0,0.0,0.0,0.0,0.0,0.0,0.0,0.0,0.0,0.017056763,0.025440313,0.0,0.0,1.0,1.0,0.1,0.06,0.0,0.76544917,1.0,1.0,0.09029793,0.0,0.0030046552,0.0,0.0,0.07679081,0.0
0.0,0.0,0.029411765,0.2,0.0,0.0,0.0,0.0,0.0,0.0,0.0,0.0,0.0,0.0,0.0,0.0,0.0,0.0,0.0,0.0,0.0,0.0011096895,0.017117254,0.011741683,0.0,0.0,1.0,1.0,0.03,0.06,0.0,0.7696388,1.0,1.0,0.09149144,0.0,0.0019627064,0.0,0.0,0.07932228,0.0
0.0,0.0,0.2647059,0.1,0.0,0.0,0.0,0.0,0.0,0.0,0.0,0.0,0.0,0.0,0.0,0.0,0.0,0.0,0.0,0.0,0.0,0.0,0.02353859,0.007827789,1.0,1.0,0.0,0.0,0.03,0.1,0.0,0.77298963,1.0,1.0,0.0869944,0.0,0.0,0.0,0.0,0.0880526,0.0
0.0,0.0,0.029411765,0.1,0.0,0.0,0.0,0.0,0.0,0.0,0.0,0.0,0.0,0.0,0.0,0.0,0.0,0.0,0.0,0.0,0.0,0.0,0.023280658,0.02739726,1.0,1.0,0.0,0.0,0.08,0.09,0.0,0.77924037,1.0,1.0,0.088886224,0.0,0.0,0.0,0.0,0.08953446,0.0
0.0,0.0,0.029411765,0.2,0.0,0.0,0.0,0.0,0.0,0.0,0.0,0.0,0.0,0.0,0.0,0.0,0.0,0.0,0.0,0.0,0.0,0.0007779598,0.016959958,0.037181996,0.0,0.0,1.0,1.0,0.17,0.06,0.0,0.76714814,1.0,1.0,0.090802364,0.0,0.0032082647,0.0,0.0,0.07681659,0.0
0.0,0.0,0.029411765,0.2,0.0,0.0,0.0,0.0,0.0,0.0,0.0,0.0,0.0,0.0,0.0,0.0,0.0,0.0,0.0,0.0,0.0,0.0028618872,0.016845264,0.025440313,0.0,0.0,1.0,1.0,0.06,0.07,0.0,0.7720661,1.0,1.0,0.09234681,0.0,0.0022461265,0.0,0.0,0.079318374,0.0
0.0,0.0,0.3970588,0.2,0.0,0.0,0.0,0.0,0.0,0.0,0.0,0.0,0.0,0.0,0.0,0.0,0.0,0.0,0.0,0.0,0.0,0.0,0.01704251,0.02739726,0.0,0.0,1.0,1.0,0.11,0.05,0.0,0.7654824,1.0,1.0,0.090316616,0.0,0.0030258447,0.0,0.0,0.07677981,0.0
0.0,0.0,0.029411765,0.1,0.0,0.0,0.0,0.0,0.0,0.0,0.0,0.0,0.0,0.0,0.0,0.0,0.0,0.0,0.0,0.0,0.0,0.0,0.023696959,0.0058708414,1.0,1.0,0.0,0.0,0.02,0.07,0.0,0.7682198,1.0,1.0,0.08556303,0.0,0.0,0.0,0.0,0.086827725,0.0
0.0,1.0,0.36764705,0.0,8.08587e-06,0.0,0.0,0.0,0.0,0.0,0.0,0.0,0.0,0.0,0.0,0.0,0.0,0.0,0.0,0.0,0.0,0.012058079,0.014293134,0.19765167,0.0,0.0,0.0,0.0,1.0,0.0,0.0,0.77787733,1.0,1.0,0.096095316,0.0,0.004741803,0.0,0.0,0.08291024,0.0
0.0,0.0,0.029411765,0.2,0.0,0.0,0.0,0.0,0.0,0.0,0.0,0.0,0.0,0.0,0.0,0.0,0.0,0.0,0.0,0.0,0.0,0.0008407831,0.016973443,0.0332681,0.0,0.0,1.0,1.0,0.14,0.07,0.0,0.76741374,1.0,1.0,0.090874545,0.0,0.0031166226,0.0,0.0,0.07697523,0.0
0.0,1.0,0.36764705,0.0,1.6044403e-05,0.0,0.0,0.0,0.0,0.006628871,0.0,0.0,0.0,0.0,0.0,0.0,0.0,0.0,0.0,0.0,0.0,0.018124908,0.015005924,0.83365947,0.0,0.0,0.0,0.0,1.0,0.0,0.0,0.7913201,1.0,1.0,0.09913253,0.0,0.0030528307,0.0,0.0,0.088483274,0.0
0.0,0.0,0.38235295,0.2,0.0,0.0,0.0,0.0,0.0,0.0,0.0,0.0,0.0,0.0,0.0,0.0,0.0,0.0,0.0,0.0,0.0,0.006265074,0.016565777,0.039138943,0.0,0.0,1.0,1.0,0.07,0.06,0.0,0.77815306,1.0,1.0,0.09425489,0.0,0.0019737035,0.0,0.0,0.08086175,0.0
0.0,0.0,0.13235295,0.1,0.0,0.0,0.0,0.0,0.0,0.06093678,0.0,0.0,0.0,0.0,0.0,0.0,0.002703704,0.026498318,0.0,0.0,0.0,0.07163209,0.01956831,0.23679061,1.0,1.0,0.0,0.0,1.0,0.0,0.0,0.8994477,1.0,1.0,0.123427354,0.0,0.0,0.0,0.0,0.11313951,0.0
0.0,0.0,0.029411765,0.2,0.0,0.0,0.0,0.0,0.0,0.0,0.0,0.0,0.0,0.0,0.0,0.0,0.0,0.0,0.0,0.0,0.0,0.0020141304,0.01692725,0.017612524,0.0,0.0,1.0,1.0,0.04,0.06,0.0,0.77075636,1.0,1.0,0.09193509,0.0,0.0021865815,0.0,0.0,0.07914102,0.0
0.12877068,0.0,0.13235295,0.0,0.0,3.2691223e-05,0.0,0.0,0.0,0.0,0.0,0.0,0.0,0.0,0.0,0.0,0.0,0.0,0.0,0.0,0.0,0.0012882948,0.01785101,0.0019569471,0.0,0.0,0.0,0.0,1.0,0.0,0.0,0.7665528,1.0,1.0,0.08935001,0.0,0.0035435706,0.0,0.0,0.08225304,0.0
0.0,0.0,0.13235295,0.1,0.0,0.0,0.0,0.0,0.0,0.0,0.0,0.0,0.0,0.0,0.0,0.0,0.0,0.0,0.0034957286,0.0,0.0,0.0,0.047817774,0.0039138943,1.0,1.0,0.0,0.0,1.0,0.0,0.0,0.5817193,0.84836745,0.9356202,0.008687817,0.0,0.010980412,0.0,0.0,0.058015823,0.0
0.0,0.0,0.04411765,0.0,0.0008681168,0.0061771553,0.0,0.0,0.0,0.0,0.0,0.0,0.0,0.0,0.0,0.0,0.0,0.0,0.0,0.0,0.0,0.006132424,0.0107046515,0.009784736,0.0,0.0,0.0,0.0,1.0,0.0,0.4,0.7621701,1.0,1.0,0.09459972,0.0,0.009842545,0.0,0.0,0.06549889,0.0
0.035883218,0.0,0.04411765,0.3,0.0008993779,0.0,0.0,0.0,0.0,0.0114944875,0.0,0.0,0.0,0.0,0.0,0.0,0.0,0.0,0.0,0.0,0.0,0.029464066,0.010338992,0.021526419,0.0,0.0,1.0,1.0,1.0,0.0,0.0,0.8026891,1.0,1.0,0.10560148,0.0,0.009470299,0.0,0.0,0.073699415,0.0
0.0,0.0,0.13235295,0.1,0.0,0.0,0.0,0.0,0.0,0.003363639,0.0,0.0,0.0,0.0,0.0,0.0,0.0,0.0,0.0,0.0,0.0,0.00830251,0.024667464,0.1741683,1.0,1.0,0.0,0.0,1.0,0.0,0.0,0.79431057,1.0,1.0,0.091029994,0.0,0.0,0.0,0.0,0.088089615,0.0
0.0,0.0,0.029411765,0.1,0.0,0.0,0.0,0.0,0.0,0.0,0.0,0.0,0.0,0.0,0.0,0.0,0.0,0.0,0.0,0.0,0.0,0.0,0.02359759,0.017612524,1.0,1.0,0.0,0.0,0.07,0.07,0.0,0.77188325,1.0,1.0,0.08659824,0.0,0.0,0.0,0.0,0.08750221,0.0
0.0,0.0,0.029411765,0.2,0.0,0.0,0.0,0.0,0.0,0.0,0.0,0.0,0.0,0.0,0.0,0.0,0.0,0.0,0.0,0.0,0.0,0.00027742982,0.017013282,0.015655577,0.0,0.0,1.0,1.0,0.04,0.06,0.0,0.7675426,1.0,1.0,0.09098517,0.0,0.0023760349,0.0,0.0,0.07820323,0.0
0.035588667,0.0,0.04411765,0.3,0.001178245,0.0,0.0,0.0,0.0,0.026588261,0.0,0.0,0.0,0.0,0.0,0.0,0.0014458075,0.008846641,0.0,0.0,0.0,0.046334326,0.009827718,0.019569471,0.0,0.0,1.0,1.0,1.0,0.0,0.0,0.8317747,1.0,1.0,0.113749646,0.0,0.009371579,0.0,0.0,0.078664064,0.0
0.0,0.0,0.04411765,0.0,0.0008681168,0.0061771553,0.0,0.0,0.0,0.0,0.0,0.0,0.0,0.0,0.0,0.0,0.0,0.0,0.0,0.0,0.0,0.0065826774,0.010716379,0.007827789,0.0,0.0,0.25,0.25,1.0,0.0,0.0,0.76301384,1.0,1.0,0.09481075,0.0,0.009794131,0.0,0.0,0.06580499,0.0
0.0,0.0,0.029411765,0.2,0.0,0.0,0.0,0.0,0.0,0.0,0.0,0.0,0.0,0.0,0.0,0.0,0.0,0.0,0.0,0.0,0.0,0.0,0.020904139,0.0332681,0.0,0.0,1.0,1.0,0.12,0.06,0.0,0.73599136,1.0,1.0,0.07876163,0.0,0.003361389,0.0,0.0,0.07047045,0.0
0.0,0.0,0.13235295,0.8,0.0,3.2691223e-05,0.0,0.0,0.0,0.0,0.0,0.0,0.0,0.0,0.0,0.0,0.0,0.0,0.0,0.0,0.0,0.0,0.026834555,0.0019569471,1.0,1.0,0.0,0.0,1.0,0.0,0.0,0.6717993,0.9644772,1.0,0.05503448,0.0,0.005885765,0.0,0.0,0.06521323,0.0
0.13052066,0.0,0.13235295,0.0,0.0,3.2691223e-05,0.0,0.0,0.0,0.0,0.0,0.0,0.0,0.0,0.0,0.0,0.0,0.0,0.0,0.0,0.0,0.0,0.018475905,0.0019569471,0.0,0.0,0.0,0.0,1.0,0.0,0.0,0.75995624,1.0,1.0,0.08706676,0.0,0.0031509846,0.0,0.0,0.08187887,0.0
0.0,0.0,0.029411765,0.2,0.0,0.0,0.0,0.0,0.0,0.0,0.0,0.0,0.0,0.0,0.0,0.0,0.0,0.0,0.0,0.0,0.0,0.0,0.017263502,0.011741683,0.0,0.0,1.0,1.0,0.05,0.06,0.0,0.7609751,1.0,1.0,0.08892163,0.0,0.003037542,0.0,0.0,0.075910866,0.0
0.0,0.0,0.5294118,0.2,0.0,0.0,0.0,0.0,0.0,0.0,0.0,0.0,0.0,0.0,0.0,0.0,0.0,0.0,0.0,0.0,0.0,0.0023748875,0.016891345,0.019569471,0.02,0.0,0.98,1.0,0.04,0.06,0.0,0.771701,1.0,1.0,0.09225925,0.0,0.001955241,0.0,0.0,0.07961857,0.0
0.14242397,0.0,0.13235295,0.0,0.0,1.1144735e-05,0.0,0.0,0.0,0.0,0.0,0.0,0.0,0.0,0.0,0.0,0.0,0.0,0.0,0.0,0.0,0.0,0.022475459,0.0019569471,0.0,0.0,0.0,0.0,1.0,0.0,0.0,0.7540716,1.0,1.0,0.08246035,0.0,0.0,0.0,0.0,0.08245468,0.0
0.0,0.0,0.7058824,0.2,0.0,0.0,0.0,0.0,0.0,0.0,0.0,0.0,0.0,0.0,0.0,0.0,0.0,0.0,0.0,0.0,0.0,0.0,0.017129622,0.0039138943,0.0,0.0,1.0,1.0,0.01,0.07,0.0,0.7663772,1.0,1.0,0.09059016,0.0,0.002205357,0.0,0.0,0.07830006,0.0
0.0,0.0,0.029411765,0.2,0.0,0.0,0.0,0.0,0.0,0.0,0.0,0.0,0.0,0.0,0.0,0.0,0.0,0.0,0.0,0.0,0.0,0.00418064,0.016788244,0.031311154,0.02,0.0,0.98,1.0,0.07,0.07,0.0,0.77450264,1.0,1.0,0.09306077,0.0,0.0021073073,0.0,0.0,0.08000079,0.0
0.0,1.0,0.36764705,0.0,8.08587e-06,0.0,0.0,0.0,0.0,0.0,0.0,0.0,0.0,0.0,0.0,0.0,0.0,0.0,0.0,0.0,0.0,0.010935247,0.014024287,0.043052837,0.0,0.0,0.0,0.0,1.0,0.0,0.0,0.77542377,1.0,1.0,0.095687635,0.0,0.0050784945,0.0,0.0,0.08143681,0.0
0.0,0.0,0.44117647,0.1,0.0,0.0,0.0,0.0,0.0,0.0,0.0,0.0,0.0,0.0,0.0,0.0,0.0,0.0,0.0,0.0,0.0,0.0,0.023513995,0.023483366,1.0,1.0,0.0,0.0,0.09,0.07,0.0,0.77374756,1.0,1.0,0.08717302,0.0,0.0,0.0,0.0,0.08795145,0.0
0.0,0.0,0.029411765,0.1,0.0,0.0,0.0,0.0,0.0,0.0,0.0,0.0,0.0,0.0,0.0,0.0,0.0,0.0,0.0,0.0,0.0,0.0,0.021957785,0.023483366,0.8,0.83,0.2,0.17,0.04,0.06,0.0,0.7770858,1.0,1.0,0.08953696,0.0,0.0,0.0,0.0,0.08814567,0.0
0.0,0.0,0.13235295,0.1,0.0,0.0,0.0,0.0,0.0,0.060618192,0.0,0.0,0.0,0.0,0.0,0.0,0.002570711,0.026300907,0.0,0.0,0.0,0.071354955,0.01962962,0.21330725,1.0,1.0,0.0,0.0,1.0,0.0,0.0,0.8989254,1.0,1.0,0.12322038,0.0,0.0,0.0,0.0,0.11296171,0.0
0.014103786,0.0,0.04411765,0.3,0.00094585575,0.0,0.0,0.0,0.0,0.015805036,0.0,0.0,0.0,0.0,0.0,0.0,0.0004664734,0.0,0.0,0.0,0.0,0.03411272,0.009948634,0.11545988,0.03,0.03,0.97,0.97,1.0,0.0,0.0,0.8106502,1.0,1.0,0.10809039,0.0,0.009344652,0.0,0.0,0.07527843,0.0
1.7326518e-05,0.0,0.22058824,0.0,4.1368454e-05,0.00021769383,0.0,0.0,0.0,0.0,0.0,0.0,0.0,0.0,0.0,0.0,0.0,0.0,0.0,0.0,0.0,0.0,0.014117584,0.0039138943,0.0,0.0,0.0,0.0,1.0,0.0,0.0,0.74725425,1.0,1.0,0.08769917,0.0,0.0065597743,0.0,0.0,0.07138735,0.0
0.035952527,0.0,0.04411765,0.3,0.001155006,0.0,0.0,0.0,0.0,0.0,0.0,0.0,0.0,0.0,0.0,0.0,0.0,0.0,0.0,0.0,0.0,0.00890857,0.010955356,0.017612524,0.0,0.0,1.0,1.0,1.0,0.0,0.0,0.7671734,1.0,1.0,0.09565652,0.0,0.009671226,0.0,0.0,0.067344725,0.0
0.0,0.0,0.029411765,0.1,0.0,0.0,0.0,0.0,0.0,0.0,0.0,0.0,0.0,0.0,0.0,0.0,0.0,0.0,0.0,0.0,0.0,0.0,0.023558997,0.019569471,1.0,1.0,0.0,0.0,0.08,0.06,0.0,0.77236533,1.0,1.0,0.08676959,0.0,0.0,0.0,0.0,0.08766851,0.0
0.0,0.0,0.029411765,0.1,0.0,0.0,0.0,0.0,0.0,0.0,0.0,0.0,0.0,0.0,0.0,0.0,0.0,0.0,0.0,0.0,0.0,0.0,0.023783706,0.007827789,1.0,1.0,0.0,0.0,0.07,0.15,0.0,0.7702657,1.0,1.0,0.085940145,0.0,0.0,0.0,0.0,0.086975515,0.0
0.0,0.0,0.04411765,0.0,0.0008681168,0.0061771553,0.0,0.0,0.0,0.0,0.0,0.0,0.0,0.0,0.0,0.0,0.0,0.0,0.0,0.0,0.0,0.009757638,0.010621913,0.037181996,0.0,0.0,0.0,0.0,1.0,0.0,0.16,0.7684829,1.0,1.0,0.09634065,0.0,0.009773195,0.0,0.0,0.06676704,0.0
0.0,0.0,0.04411765,0.1,0.0,0.0,0.0,0.0,0.0,0.057969153,0.0,0.0,0.0,0.0,0.0,0.0,0.0021132305,0.024662554,0.0,0.0,0.0,0.071563035,0.017108925,0.20547946,1.0,1.0,0.0,0.0,1.0,0.0,0.0,0.89253926,1.0,1.0,0.12356185,0.0,0.0003887564,0.0,0.0,0.10903919,0.0
0.13992897,0.0,0.13235295,0.0,0.0,1.1144735e-05,0.0,0.0,0.0,0.0,0.0,0.0,0.0,0.0,0.0,0.0,0.0,0.0,0.0,0.0,0.0,0.0,0.03391584,0.0019569471,0.0,0.0,0.0,0.0,1.0,0.0,0.0,0.63991535,0.9237054,1.0,0.038627557,0.0,0.009461656,0.0,0.0,0.060940146,0.0
0.0,0.0,0.04411765,0.0,0.0008681168,0.0061771553,0.0,0.0,0.0,0.0,0.0,0.0,0.0,0.0,0.0,0.0,0.0,0.0,0.0,0.0,0.0,0.0063275397,0.010805048,0.06066536,0.0,0.0,0.0,0.0,1.0,0.0,0.06,0.76258373,1.0,1.0,0.09460669,0.0,0.009770125,0.0,0.0,0.065984845,0.0
0.14020619,0.0,0.13235295,0.0,0.0,1.1144735e-05,0.0,0.0,0.0,0.0,0.0,0.0,0.0,0.0,0.0,0.0,0.0,0.0,0.0,0.0,0.0,0.0,0.034220427,0.0019569471,0.0,0.0,0.0,0.0,1.0,0.0,0.0,0.63863695,0.9220483,1.0,0.03797154,0.0,0.009493992,0.0,0.0,0.06088178,0.0
0.1260331,0.0,0.13235295,0.0,0.0,3.2691223e-05,0.0,0.0,0.0,0.014349878,0.0,0.0,0.0,0.0,0.0,0.0,0.0,0.0,0.0,0.0,0.0,0.024206549,0.0182039,0.0019569471,0.0,0.0,0.0,0.0,1.0,0.0,0.0,0.8089024,1.0,1.0,0.100292556,0.0,0.0018798858,0.0,0.0,0.092936575,0.0
0.0,0.0,0.029411765,0.2,0.0,0.0,0.0,0.0,0.0,0.0,0.0,0.0,0.0,0.0,0.0,0.0,0.0,0.0,0.0,0.0,0.0,0.0,0.017242923,0.007827789,0.0,0.0,1.0,1.0,0.03,0.07,0.0,0.7629601,1.0,1.0,0.08949428,0.0,0.002802655,0.0,0.0,0.07667968,0.0
0.0,0.0,0.029411765,0.1,0.0,0.0,0.0,0.0,0.0,0.0,0.0,0.0,0.0,0.0,0.0,0.0,0.0,0.0,0.0,0.0,0.0,0.0,0.023385435,0.007827789,1.0,1.0,0.0,0.0,0.02,0.07,0.0,0.7744651,1.0,1.0,0.087596424,0.0,0.0,0.0,0.0,0.08867979,0.0
0.0,0.0,0.029411765,0.1,0.0,0.0,0.0,0.0,0.0,0.0,0.0,0.0,0.0,0.0,0.0,0.0,0.0,0.0,0.0,0.0,0.0,0.0,0.023183048,0.011741683,1.0,1.0,0.0,0.0,0.02,0.06,0.0,0.7759237,1.0,1.0,0.08825322,0.0,0.0,0.0,0.0,0.08938137,0.0
1.7326518e-05,0.0,0.22058824,0.0,4.1368454e-05,0.00021769383,0.0,0.0,0.0,0.0,0.0,0.0,0.0,0.0,0.0,0.0,0.0,0.0,0.0,0.0,0.0,0.0,0.013663158,0.0058708414,0.0,0.0,0.0,0.0,1.0,0.0,0.0,0.751876,1.0,1.0,0.08922688,0.0,0.0069822967,0.0,0.0,0.07290232,0.0
0.0,0.0,0.029411765,0.2,0.0,0.0,0.0,0.0,0.0,0.0,0.0,0.0,0.0,0.0,0.0,0.0,0.0,0.0,0.0,0.0,0.0,0.0,0.017145358,0.017612524,0.0,0.0,1.0,1.0,0.07,0.07,0.0,0.7649579,1.0,1.0,0.09008952,0.0,0.002935782,0.0,0.0,0.07685307,0.0
0.0,0.0,0.029411765,0.2,0.0,0.0,0.0,0.0,0.0,0.0,0.0,0.0,0.0,0.0,0.0,0.0,0.0,0.0,0.0,0.0,0.0,0.00043353438,0.016998947,0.007827789,0.0,0.0,1.0,1.0,0.02,0.06,0.0,0.7683675,1.0,1.0,0.09127735,0.0,0.0019993037,0.0,0.0,0.078903764,0.0
0.12949839,0.0,0.13235295,0.0,0.0,3.2691223e-05,0.0,0.0,0.0,0.0,0.0,0.0,0.0,0.0,0.0,0.0,0.0,0.0,0.0,0.0,0.0,0.0,0.01858332,0.0019569471,0.0,0.0,0.0,0.0,1.0,0.0,0.0,0.73683083,1.0,1.0,0.080845974,0.0,0.0036663115,0.0,0.0,0.076627135,0.0
0.0,0.0,0.029411765,0.2,0.0,0.0,0.0,0.0,0.0,0.0,0.0,0.0,0.0,0.0,0.0,0.0,0.0,0.0,0.0,0.0,0.0,0.005508542,0.016629249,0.0332681,0.0,0.0,1.0,1.0,0.06,0.06,0.0,0.77697146,1.0,1.0,0.09389312,0.0,0.0019211918,0.0,0.0,0.08071232,0.0
0.0,0.0,0.13235295,0.8,0.0,3.2691223e-05,0.0,0.0,0.0,0.0,0.0,0.0,0.0,0.0,0.0,0.0,0.0,0.0,0.0,0.0,0.0,0.0,0.018998869,0.0019569471,1.0,1.0,0.0,0.0,1.0,0.0,0.0,0.7453939,1.0,1.0,0.08277991,0.0,0.002953425,0.0,0.0,0.07957783,0.0
0.0,0.0,0.029411765,0.2,0.0,0.0,0.0,0.0,0.0,0.0,0.0,0.0,0.0,0.0,0.0,0.0,0.0,0.0,0.0,0.0,0.0,0.0059790015,0.0165743,0.03522505,0.0,0.0,1.0,1.0,0.06,0.06,0.0,0.77790594,1.0,1.0,0.09420901,0.0,0.0018084645,0.0,0.0,0.08107194,0.0
0.0,0.0,0.029411765,0.2,0.0,0.0,0.0,0.0,0.0,0.0,0.0,0.0,0.0,0.0,0.0,0.0,0.0,0.0,0.0,0.0,0.0,0.0,0.01722452,0.01369863,0.0,0.0,1.0,1.0,0.06,0.06,0.0,0.76314545,1.0,1.0,0.08952748,0.0,0.0030031055,0.0,0.0,0.07641953,0.0
0.0,0.0,0.029411765,0.2,0.0,0.0,0.0,0.0,0.0,0.0,0.0,0.0,0.0,0.0,0.0,0.0,0.0,0.0,0.0,0.0,0.0,0.0005733669,0.016956761,0.0058708414,0.0,0.0,1.0,1.0,0.01,0.06,0.0,0.7689601,1.0,1.0,0.0915161,0.0,0.0017354637,0.0,0.0,0.07943457,0.0
0.0,1.0,0.36764705,0.0,1.6426413e-05,0.0,0.0,0.0,0.0,0.0071487427,0.0,0.0,0.0,0.0,0.0,0.0,0.0,0.0,0.0,0.0,0.0,0.018527687,0.015046738,0.8767123,0.0,0.0,0.0,0.0,1.0,0.0,0.0,0.7923101,1.0,1.0,0.09937807,0.0,0.00290367,0.0,0.0,0.08879453,0.0
0.0,0.0,0.04411765,0.0,0.0008681168,0.0061771553,0.0,0.0,0.0,0.0,0.0,0.0,0.0,0.0,0.0,0.0,0.0,0.0,0.0,0.0,0.0,0.0,0.01132717,0.0039138943,0.0,0.0,0.0,0.0,1.0,0.0,0.0,0.74623394,1.0,1.0,0.089792974,0.0,0.009768009,0.0,0.0,0.06360465,0.0
0.0,0.0,0.029411765,0.5,0.0,0.0,0.0,0.0,0.0,0.0,0.0,0.0,0.0,0.0,0.0,0.0,0.0,0.0,0.0,0.0,0.0,0.0,0.01725924,0.011741683,0.0,0.0,1.0,1.0,0.05,0.06,0.0,0.7610699,1.0,1.0,0.08895289,0.0,0.0030234158,0.0,0.0,0.07594988,0.0
1.7326518e-05,0.0,0.22058824,0.0,4.1368454e-05,0.00021769383,0.0,0.0,0.0,0.0,0.0,0.0,0.0,0.0,0.0,0.0,0.0,0.0,0.0,0.0,0.0,0.00063943863,0.012830302,0.0039138943,0.0,0.0,0.0,0.0,1.0,0.0,0.0,0.7552123,1.0,1.0,0.0907489,0.0,0.007852092,0.0,0.0,0.072888315,0.0
0.0,0.0,0.04411765,0.0,0.0008681168,0.0061771553,0.0,0.0,0.0,0.0,0.0,0.0,0.0,0.0,0.0,0.0,0.0,0.0,0.0,0.0,0.0,0.0,0.011306055,0.029354207,0.0,0.0,0.0,0.0,1.0,0.0,0.13,0.7464831,1.0,1.0,0.08987891,0.0,0.009762824,0.0,0.0,0.06367853,0.0
0.0,0.0,0.3382353,0.2,0.0,0.0,0.0,0.0,0.0,0.0,0.0,0.0,0.0,0.0,0.0,0.0,0.0,0.0,0.0,0.0,0.0,0.004526973,0.016723387,0.0332681,0.0,0.0,1.0,1.0,0.07,0.07,0.0,0.77488434,1.0,1.0,0.09320492,0.0,0.0022312254,0.0,0.0,0.07985392,0.0
0.13156025,0.0,0.13235295,0.9,0.0,1.1144735e-05,0.0,0.0,0.0,0.0,0.0,0.0,0.0,0.0,0.0,0.0,0.0,0.0,0.0,0.0,0.0,0.0,0.018974721,0.043052837,1.0,0.14,0.0,0.82,1.0,0.0,0.95,0.75524795,1.0,1.0,0.085399084,0.0,0.002834946,0.0,0.0,0.081439465,0.0
0.0,0.0,0.25,0.5,0.0,0.0,0.0,0.0,0.0,0.0,0.0,0.0,0.0,0.0,0.0,0.0,0.0,0.0,0.0,0.0,0.0,0.0013315678,0.016926378,0.0332681,0.0,0.0,1.0,1.0,0.12,0.06,0.0,0.7684573,1.0,1.0,0.09121861,0.0,0.002961591,0.0,0.0,0.07740435,0.0
0.0,0.0,0.029411765,0.2,0.0,0.0,0.0,0.0,0.0,0.0,0.0,0.0,0.0,0.0,0.0,0.0,0.0,0.0,0.0,0.0,0.0,0.002266109,0.016989201,0.011741683,0.01,0.0,0.99,1.0,0.02,0.07,0.0,0.771611,1.0,1.0,0.09213195,0.0,0.0019039661,0.0,0.0,0.07990587,0.0
0.0,0.0,0.029411765,0.1,0.0,0.0,0.0,0.0,0.0,0.0,0.0,0.0,0.0,0.0,0.0,0.0,0.0,0.0,0.0,0.0,0.0,0.0,0.023180403,0.025440313,1.0,1.0,0.0,0.0,0.06,0.06,0.0,0.7788353,1.0,1.0,0.08894529,0.0,0.0,0.0,0.0,0.08968219,0.0
0.0,0.0,0.04411765,0.0,0.0008681168,0.0061771553,0.0,0.0,0.0,0.0,0.0,0.0,0.0,0.0,0.0,0.0,0.0,0.0,0.0,0.0,0.0,0.008225679,0.010643281,0.0058708414,0.0,0.0,0.0,0.0,1.0,0.0,0.0,0.76577353,1.0,1.0,0.09560668,0.0,0.009833157,0.0,0.0,0.06611583,0.0
0.0,0.0,0.029411765,0.2,0.0,0.0,0.0,0.0,0.0,0.0,0.0,0.0,0.0,0.0,0.0,0.0,0.0,0.0,0.0,0.0,0.0,0.0023089647,0.016940981,0.019569471,0.0,0.0,1.0,1.0,0.05,0.08,0.0,0.77113366,1.0,1.0,0.092000686,0.0,0.0022689104,0.0,0.0,0.07917446,0.0
0.0,0.0,0.029411765,0.2,0.0,0.0,0.0,0.0,0.0,0.0,0.0,0.0,0.0,0.0,0.0,0.0,0.0,0.0,0.0,0.0,0.0,0.0045979023,0.01669763,0.029354207,0.0,0.0,1.0,1.0,0.06,0.06,0.0,0.77539635,1.0,1.0,0.09340932,0.0,0.001953289,0.0,0.0,0.0803763,0.0
0.0,0.0,0.04411765,0.0,0.0008681168,0.0061771553,0.0,0.0,0.0,0.0,0.0,0.0,0.0,0.0,0.0,0.0,0.0,0.0,0.0,0.0,0.0,0.009330779,0.010608606,0.045009784,0.0,0.0,0.0,0.0,1.0,0.0,0.09,0.7676816,1.0,1.0,0.09614255,0.0,0.009817079,0.0,0.0,0.066485435,0.0
0.0,0.0,0.05882353,0.2,0.0,0.0,0.0,0.0,0.0,0.0,0.0,0.0,0.0,0.0,0.0,0.0,0.0,0.0,0.0,0.0,0.0,0.0,0.017096095,0.0058708414,0.0,0.0,1.0,1.0,0.01,0.06,0.0,0.76683736,1.0,1.0,0.090749584,0.0,0.0021630526,0.0,0.0,0.07846457,0.0
0.00015593866,0.0,0.04411765,0.3,0.00051125616,0.0032542627,0.0,0.0,0.0,0.0,0.0,0.0,0.0,0.0,0.0,0.0,0.0,0.0,0.0,0.0,0.0,0.006731093,0.010693237,0.0039138943,0.0,0.0,0.5,0.5,1.0,0.0,0.0,0.76319396,1.0,1.0,0.09487673,0.0,0.009871289,0.0,0.0,0.06555027,0.0
0.0,0.0,0.029411765,0.5,0.0,0.0,0.0,0.0,0.0,0.0,0.0,0.0,0.0,0.0,0.0,0.0,0.0,0.0,0.0,0.0,0.0,0.0,0.017200932,0.0019569471,0.0,0.0,1.0,1.0,0.01,0.07,0.0,0.7644558,1.0,1.0,0.08999988,0.0,0.0023149103,0.0,0.0,0.07779688,0.0
0.0,0.0,0.029411765,0.1,0.0,0.0,0.0,0.0,0.0,0.0,0.0,0.0,0.0,0.0,0.0,0.0,0.0,0.0,0.0,0.0,0.0,0.0,0.02275157,0.01369863,0.85,1.0,0.15,0.0,0.03,0.06,0.0,0.7731303,1.0,1.0,0.08782723,0.0,0.0,0.0,0.0,0.08765796,0.0
1.7326518e-05,0.0,0.22058824,0.0,4.1368454e-05,0.00021769383,0.0,0.0,0.0,0.0,0.0,0.0,0.0,0.0,0.0,0.0,0.0,0.0,0.0,0.0,0.0,0.0052240193,0.011494935,0.0039138943,0.0,0.0,0.0,0.0,1.0,0.0,0.0,0.7612927,1.0,1.0,0.09354583,0.0,0.009097025,0.0,0.0,0.069640994,0.0
0.14015421,0.0,0.13235295,0.8,1.5917067e-08,1.1144735e-05,0.0,0.0,0.0,0.0,0.0,0.0,0.0,0.0,0.0,0.0,0.0,0.0,0.0,0.0,0.0,0.0,0.018440656,0.0019569471,1.0,1.0,0.0,0.0,1.0,0.0,0.0,0.7653289,1.0,1.0,0.08893215,0.0,0.0005847961,0.0,0.0,0.08338475,0.0
0.0,0.0,0.029411765,0.1,0.0,0.0,0.0,0.0,0.0,0.0,0.0,0.0,0.0,0.0,0.0,0.0,0.0,0.0,0.0,0.0,0.0,0.00016644597,0.023027569,0.039138943,1.0,1.0,0.0,0.0,0.08,0.07,0.0,0.78318214,1.0,1.0,0.09022484,0.0,0.0,0.0,0.0,0.09059554,0.0
1.7326518e-05,0.0,0.22058824,0.0,4.1368454e-05,0.00021769383,0.0,0.0,0.0,0.0,0.0,0.0,0.0,0.0,0.0,0.0,0.0,0.0,0.0,0.0,0.0,0.0,0.013475426,0.0058708414,0.0,0.0,0.0,0.0,1.0,0.0,0.0,0.7527889,1.0,1.0,0.08958437,0.0,0.007252753,0.0,0.0,0.073247254,0.0
0.0,0.0,0.029411765,0.2,0.0,0.0,0.0,0.0,0.0,0.0,0.0,0.0,0.0,0.0,0.0,0.0,0.0,0.0,0.0,0.0,0.0,0.0001976192,0.01710625,0.0039138943,0.0,0.0,1.0,1.0,0.01,0.07,0.0,0.76785946,1.0,1.0,0.09101241,0.0,0.0020973831,0.0,0.0,0.07881272,0.0
0.0,0.0,0.029411765,0.1,0.0,0.0,0.0,0.0,0.0,0.0,0.0,0.0,0.0,0.0,0.0,0.0,0.0,0.0,0.0,0.0,0.0,0.0,0.023391657,0.023483366,1.0,1.0,0.0,0.0,0.08,0.09,0.0,0.7772144,1.0,1.0,0.088226445,0.0,0.0,0.0,0.0,0.0889146,0.0
0.0,0.0,0.029411765,0.2,0.0,0.0,0.0,0.0,0.0,0.0,0.0,0.0,0.0,0.0,0.0,0.0,0.0,0.0,0.0,0.0,0.0,0.005154431,0.016715027,0.0332681,0.0,0.0,1.0,1.0,0.07,0.07,0.0,0.7760346,1.0,1.0,0.09351768,0.0,0.0021725893,0.0,0.0,0.08023003,0.0
0.0,0.0,0.029411765,0.2,0.0,0.0,0.0,0.0,0.0,0.0,0.0,0.0,0.0,0.0,0.0,0.0,0.0,0.0,0.0,0.0,0.0,0.0,0.017142989,0.0058708414,0.0,0.0,1.0,1.0,0.01,0.06,0.0,0.76483345,1.0,1.0,0.090155296,0.0,0.0023486018,0.0,0.0,0.07773733,0.0
0.0,0.0,0.029411765,0.1,0.0,0.0,0.0,0.0,0.0,0.0,0.0,0.0,0.0,0.0,0.0,0.0,0.0,0.0,0.0,0.0,0.0,0.0,0.023583151,0.007827789,1.0,1.0,0.0,0.0,0.03,0.1,0.0,0.7723855,1.0,1.0,0.08677556,0.0,0.0,0.0,0.0,0.087834895,0.0
0.0,0.0,0.029411765,0.2,0.0,0.0,0.0,0.0,0.0,0.0,0.0,0.0,0.0,0.0,0.0,0.0,0.0,0.0,0.0,0.0,0.0,0.003038317,0.016838126,0.023483366,0.0,0.0,1.0,1.0,0.05,0.07,0.0,0.7725072,1.0,1.0,0.09248451,0.0,0.0021544993,0.0,0.0,0.07952452,0.0
0.013774582,0.0,0.04411765,0.3,0.0009226168,0.0,0.0,0.0,0.0,0.040990382,0.0,0.0,0.0,0.0,0.0,0.0,0.0033677667,0.021450639,0.0,0.0,0.0,0.06245935,0.009127051,0.039138943,0.0,0.0,1.0,1.0,1.0,0.0,0.0,0.859409,1.0,1.0,0.12170219,0.0,0.009331837,0.0,0.0,0.08311257,0.0
0.0,0.0,0.04411765,0.1,0.0,0.0,0.0,0.0,0.0,0.050996363,0.0,0.0,0.0,0.0,0.0,0.0,0.0025168061,0.023472607,0.0,0.0,0.0,0.067824274,0.013961576,0.09784736,1.0,1.0,0.0,0.0,1.0,0.0,0.0,0.8790902,1.0,1.0,0.12270706,0.0,0.0040613115,0.0,0.0,0.09834921,0.0
0.0,0.0,0.04411765,0.1,0.0,0.0,0.0,0.0,0.0,0.056836188,0.0,0.0,0.0,0.0,0.0,0.0,0.0016807243,0.023552984,0.0,0.0,0.0,0.06905764,0.018571392,0.12328767,1.0,1.0,0.0,0.0,1.0,0.0,0.0,0.89125013,1.0,1.0,0.12196601,0.0,0.0,0.0,0.0,0.10997343,0.0
0.0,0.0,0.5588235,0.5,0.0,0.0,0.0,0.0,0.0,0.0,0.0,0.0,0.0,0.0,0.0,0.0,0.0,0.0,0.0,0.0,0.0,0.0027129352,0.018678747,0.019569471,0.46,0.0,0.54,1.0,0.07,0.06,0.0,0.7744533,1.0,1.0,0.091323666,0.0,0.0012826473,0.0,0.0,0.081368595,0.0
0.0,1.0,0.36764705,0.0,1.6044403e-05,0.0,0.0,0.0,0.0,0.0,0.0,0.0,0.0,0.0,0.0,0.0,0.0,0.0,0.0,0.0,0.0,0.012171447,0.014307536,0.20939335,0.0,0.0,0.0,0.0,1.0,0.0,0.0,0.77811193,1.0,1.0,0.096144624,0.0,0.0047165304,0.0,0.0,0.08302432,0.0
0.0,0.0,0.029411765,0.1,0.0,0.0,0.0,0.0,0.0,0.0,0.0,0.0,0.0,0.0,0.0,0.0,0.0,0.0,0.0,0.0,0.0,0.0,0.023755506,0.0019569471,1.0,1.0,0.0,0.0,0.03,0.2,0.0,0.7732805,1.0,1.0,0.086751066,0.0,0.0,0.0,0.0,0.08781722,0.0
0.0,0.0,0.029411765,0.2,0.0,0.0,0.0,0.0,0.0,0.0,0.0,0.0,0.0,0.0,0.0,0.0,0.0,0.0,0.0,0.0,0.0,0.0,0.021082751,0.01369863,0.0,0.0,1.0,1.0,0.06,0.06,0.0,0.7432996,1.0,1.0,0.08051001,0.0,0.0034448057,0.0,0.0,0.07116562,0.0
0.0,0.0,0.029411765,0.2,0.0,0.0,0.0,0.0,0.0,0.0,0.0,0.0,0.0,0.0,0.0,0.0,0.0,0.0,0.0,0.0,0.0,0.0,0.017274976,0.0039138943,0.0,0.0,1.0,1.0,0.01,0.06,0.0,0.7621913,1.0,1.0,0.089276336,0.0,0.002714932,0.0,0.0,0.076675355,0.0
0.0,0.0,0.029411765,0.1,0.0,0.0,0.0,0.0,0.0,0.0,0.0,0.0,0.0,0.0,0.0,0.0,0.0,0.0,0.0,0.0,0.0,0.00035265088,0.023056075,0.039138943,1.0,1.0,0.0,0.0,0.09,0.07,0.0,0.78339815,1.0,1.0,0.09023555,0.0,0.0,0.0,0.0,0.09057793,0.0
0.0,0.0,0.11764706,0.1,0.0,0.0,0.0,0.0,0.0,0.0,0.0,0.0,0.0,0.0,0.0,0.0,0.0,0.0,0.0,0.0,0.0,0.0,0.023444071,0.0058708414,1.0,1.0,0.0,0.0,0.02,0.09,0.0,0.77345884,1.0,1.0,0.08725836,0.0,0.0,0.0,0.0,0.08842951,0.0
0.0,0.0,0.029411765,0.2,0.0,0.0,0.0,0.0,0.0,0.0,0.0,0.0,0.0,0.0,0.0,0.0,0.0,0.0,0.0,0.0,0.0,0.0019880235,0.016947456,0.037181996,0.0,0.0,1.0,1.0,0.17,0.07,0.0,0.7693536,1.0,1.0,0.09139662,0.0,0.0031051189,0.0,0.0,0.07752976,0.0
0.013965174,0.0,0.04411765,0.3,0.0009226168,0.0,0.0,0.0,0.0,0.0,0.0,0.0,0.0,0.0,0.0,0.0,0.0,0.0,0.0,0.0,0.0,0.008157104,0.010933824,0.03522505,0.0,0.0,1.0,1.0,1.0,0.0,0.0,0.7659929,1.0,1.0,0.09538271,0.0,0.009711668,0.0,0.0,0.06656337,0.0
0.14029282,0.0,0.13235295,0.8,1.5917067e-08,1.1144735e-05,0.0,0.0,0.0,0.0,0.0,0.0,0.0,0.0,0.0,0.0,0.0,0.0,0.0,0.0,0.0,0.0,0.018409714,0.0019569471,1.0,1.0,0.0,0.0,1.0,0.0,0.0,0.76388097,1.0,1.0,0.08856308,0.0,0.00073085725,0.0,0.0,0.08287752,0.0
0.0,0.0,0.029411765,0.1,0.0,0.0,0.0,0.0,0.0,0.0,0.0,0.0,0.0,0.0,0.0,0.0,0.0,0.0,0.0,0.0,0.0,0.0,0.023586527,0.0039138943,1.0,1.0,0.0,0.0,0.01,0.09,0.0,0.771567,1.0,1.0,0.086576395,0.0,0.0,0.0,0.0,0.0877552,0.0
0.0,0.0,0.30882353,0.1,0.0,0.0,0.0,0.0,0.0,0.0,0.0,0.0,0.0,0.0,0.0,0.0,0.0,0.0,0.0,0.0,0.0,0.0,0.023274586,0.01369863,1.0,1.0,0.0,0.0,0.03,0.06,0.0,0.7754948,1.0,1.0,0.08800384,0.0,0.0,0.0,0.0,0.08901903,0.0
0.0,0.0,0.4117647,0.1,0.0,0.0,0.0,0.0,0.0,0.0,0.0,0.0,0.0,0.0,0.0,0.0,0.0,0.0,0.0,0.0,0.0,0.0,0.023289703,0.0019569471,1.0,1.0,0.0,0.0,0.0,0.07,0.0,0.7735777,1.0,1.0,0.08753375,0.0,0.0,0.0,0.0,0.08887842,0.0
0.0,0.0,0.029411765,0.2,0.0,0.0,0.0,0.0,0.0,0.0,0.0,0.0,0.0,0.0,0.0,0.0,0.0,0.0,0.0,0.0,0.0,0.00108248,0.016926877,0.009784736,0.0,0.0,1.0,1.0,0.02,0.06,0.0,0.7696816,1.0,1.0,0.09171837,0.0,0.0018301904,0.0,0.0,0.07941952,0.0
1.7326518e-05,0.0,0.22058824,0.0,4.1368454e-05,0.00021769383,0.0,0.0,0.0,0.0,0.0,0.0,0.0,0.0,0.0,0.0,0.0,0.0,0.0,0.0,0.0,0.0,0.01369866,0.0058708414,0.0,0.0,0.0,0.0,1.0,0.0,0.0,0.7516347,1.0,1.0,0.08914327,0.0,0.006931305,0.0,0.0,0.07280293,0.0
0.0,0.0,0.029411765,0.1,0.0,0.0,0.0,0.0,0.0,0.0,0.0,0.0,0.0,0.0,0.0,0.0,0.0,0.0,0.0,0.0,0.0,0.0,0.023422271,0.007827789,1.0,1.0,0.0,0.0,0.02,0.07,0.0,0.7733631,1.0,1.0,0.08726474,0.0,0.0,0.0,0.0,0.08837807,0.0
0.0,0.0,0.7352941,0.1,0.0,0.0,0.0,0.0,0.0,0.0,0.0,0.0,0.0,0.0,0.0,0.0,0.0,0.0,0.0,0.0,0.0,0.0,0.023278065,0.007827789,1.0,1.0,0.0,0.0,0.02,0.06,0.0,0.7747178,1.0,1.0,0.087822996,0.0,0.0,0.0,0.0,0.08896169,0.0
0.1265529,0.0,0.13235295,0.0,0.0,3.2691223e-05,0.0,0.0,0.0,0.0,0.0,0.0,0.0,0.0,0.0,0.0,0.0,0.0,0.0,0.0,0.0,0.0005016029,0.017773777,0.0019569471,0.0,0.0,0.0,0.0,1.0,0.0,0.0,0.7650646,1.0,1.0,0.08901929,0.0,0.0037505627,0.0,0.0,0.08113533,0.0
0.0,0.0,0.029411765,0.2,0.0,0.0,0.0,0.0,0.0,0.0,0.0,0.0,0.0,0.0,0.0,0.0,0.0,0.0,0.0,0.0,0.0,0.0,0.017310038,0.009784736,0.0,0.0,1.0,1.0,0.05,0.07,0.0,0.7611909,1.0,1.0,0.08891859,0.0,0.0030915886,0.0,0.0,0.07592738,0.0
0.0,0.0,0.5588235,0.5,0.0,0.0,0.0,0.0,0.0,0.0,0.0,0.0,0.0,0.0,0.0,0.0,0.0,0.0,0.0,0.0,0.0,0.0012896955,0.016982198,0.0332681,0.0,0.0,1.0,1.0,0.15,0.07,0.0,0.76818454,1.0,1.0,0.09106215,0.0,0.0031143576,0.0,0.0,0.0771952,0.0
0.0,0.0,0.029411765,0.2,0.0,0.0,0.0,0.0,0.0,0.0,0.0,0.0,0.0,0.0,0.0,0.0,0.0,0.0,0.0,0.0,0.0,0.003269136,0.01724524,0.031311154,0.01,0.06,0.99,0.94,0.06,0.06,0.0,0.7739402,1.0,1.0,0.09252768,0.0,0.0015706271,0.0,0.0,0.081113994,0.0
0.0,1.0,0.36764705,0.0,1.6044403e-05,0.0,0.0,0.0,0.0,0.00011715293,0.0,0.0,0.0,0.0,0.0,0.0,0.0,0.0,0.0,0.0,0.0,0.01266256,0.014370114,0.26027396,0.0,0.0,0.0,0.0,1.0,0.0,0.0,0.77912843,1.0,1.0,0.09635823,0.0,0.004606992,0.0,0.0,0.083518654,0.0
0.0,0.0,0.05882353,0.2,0.0,0.0,0.0,0.0,0.0,0.0,0.0,0.0,0.0,0.0,0.0,0.0,0.0,0.0,0.0,0.0,0.0,0.005370021,0.016599886,0.039138943,0.0,0.0,1.0,1.0,0.08,0.06,0.0,0.7764336,1.0,1.0,0.0937544,0.0,0.0021168888,0.0,0.0,0.080251485,0.0
0.0,0.0,0.25,0.5,0.0,0.0,0.0,0.0,0.0,0.0,0.0,0.0,0.0,0.0,0.0,0.0,0.0,0.0,0.0,0.0,0.0,0.0015574098,0.016956523,0.0332681,0.0,0.0,1.0,1.0,0.13,0.06,0.0,0.76875365,1.0,1.0,0.09124983,0.0,0.0030297935,0.0,0.0,0.077429354,0.0
0.0,0.0,0.7352941,0.5,0.0,0.0,0.0,0.0,0.0,0.0,0.0,0.0,0.0,0.0,0.0,0.0,0.0,0.0,0.0,0.0,0.0,0.0,0.01718808,0.0019569471,0.0,0.0,1.0,1.0,0.0,0.07,0.0,0.76474047,1.0,1.0,0.090093724,0.0,0.0022726506,0.0,0.0,0.077914,0.0
0.0,0.0,0.5294118,0.2,0.0,0.0,0.0,0.0,0.0,0.0,0.0,0.0,0.0,0.0,0.0,0.0,0.0,0.0,0.0,0.0,0.0,0.0048170686,0.016695544,0.0332681,0.0,0.0,1.0,1.0,0.07,0.07,0.0,0.77550113,1.0,1.0,0.09340828,0.0,0.0021396726,0.0,0.0,0.08010754,0.0
0.0,0.0,0.029411765,0.2,0.0,0.0,0.0,0.0,0.0,0.0,0.0,0.0,0.0,0.0,0.0,0.0,0.0,0.0,0.0,0.0,0.0,0.0,0.01714547,0.0058708414,0.0,0.0,1.0,1.0,0.02,0.07,0.0,0.7667068,1.0,1.0,0.090640046,0.0,0.002294749,0.0,0.0,0.07831392,0.0
0.0,0.0,0.44117647,0.2,0.0,0.0,0.0,0.0,0.0,0.0,0.0,0.0,0.0,0.0,0.0,0.0,0.0,0.0,0.0,0.0,0.0,0.0,0.01706183,0.02739726,0.0,0.0,1.0,1.0,0.12,0.06,0.0,0.7650554,1.0,1.0,0.0901758,0.0,0.0030892491,0.0,0.0,0.07660425,0.0
0.0,0.0,0.75,0.5,0.0,0.0,0.0,0.0,0.0,0.0,0.0,0.0,0.0,0.0,0.0,0.0,0.0,0.0,0.0,0.0,0.0,0.0015462339,0.018589176,0.017612524,0.29,0.0,0.71,1.0,0.08,0.06,0.0,0.7718296,1.0,1.0,0.09066639,0.0,0.0016634166,0.0,0.0,0.08025539,0.0
0.0,0.0,0.029411765,0.1,0.0,0.0,0.0,0.0,0.0,0.0,0.0,0.0,0.0,0.0,0.0,0.0,0.0,0.0,0.0,0.0,0.0,0.0,0.02322919,0.037181996,1.0,1.0,0.0,0.0,0.12,0.1,0.0,0.7814398,1.0,1.0,0.08948513,0.0,0.0,0.0,0.0,0.08988917,0.0
0.0,0.0,0.04411765,0.1,0.0,0.0,0.0,0.0,0.0,0.038588732,0.0,0.0,0.0,0.0,0.0,0.0,0.0013459176,0.014946908,0.0,0.0,0.0,0.055498242,0.0134589,0.056751467,0.79,0.79,0.17,0.17,1.0,0.0,0.0,0.85565245,1.0,1.0,0.116914354,0.0,0.0054587424,0.0,0.0,0.090850204,0.0
0.0,0.0,0.029411765,0.1,0.0,0.0,0.0,0.0,0.0,0.0,0.0,0.0,0.0,0.0,0.0,0.0,0.0,0.0,0.0,0.0,0.0,0.0,0.023217276,0.029354207,1.0,1.0,0.0,0.0,0.08,0.09,0.0,0.7797086,1.0,1.0,0.0890969,0.0,0.0,0.0,0.0,0.089686185,0.0
0.0,0.0,0.029411765,0.2,0.0,0.0,0.0,0.0,0.0,0.0,0.0,0.0,0.0,0.0,0.0,0.0,0.0,0.0,0.0,0.0,0.0,0.0005032718,0.017043427,0.015655577,0.0,0.0,1.0,1.0,0.04,0.07,0.0,0.76783895,1.0,1.0,0.091016434,0.0,0.0024442375,0.0,0.0,0.078228146,0.0
0.0,0.0,0.04411765,0.1,0.0,0.0,0.0,0.0,0.0,0.0010205805,0.0,0.0,0.0,0.0,0.0,0.0,0.0,0.0,0.0,0.0,0.0,0.0012977421,0.022846565,0.039138943,1.0,1.0,0.0,0.0,0.07,0.06,0.0,0.7856388,1.0,1.0,0.09111475,0.0,0.0,0.0,0.0,0.09148088,0.0
0.0,0.0,0.04411765,0.1,0.0,0.0,0.0,0.0,0.0,0.015510738,0.0,0.0,0.0,0.0,0.0,0.0,0.0,0.0,0.0,0.0,0.0,0.03045392,0.01380422,0.023483366,0.75,0.75,0.25,0.25,1.0,0.0,0.0,0.8117087,1.0,1.0,0.10500198,0.0,0.0062445104,0.0,0.0,0.080833346,0.0
0.0,0.0,0.13235295,0.8,0.0,3.2691223e-05,0.0,0.0,0.0,0.0,0.0,0.0,0.0,0.0,0.0,0.0,0.0,0.0,0.0,0.0,0.0,0.0,0.019970119,0.0019569471,1.0,1.0,0.0,0.0,1.0,0.0,0.0,0.7359698,1.0,1.0,0.0795647,0.0,0.0020876974,0.0,0.0,0.07789695,0.0
0.0,0.0,0.029411765,0.2,0.0,0.0,0.0,0.0,0.0,0.0,0.0,0.0,0.0,0.0,0.0,0.0,0.0,0.0,0.0,0.0,0.0,0.0,0.017230801,0.01369863,0.0,0.0,1.0,1.0,0.06,0.06,0.0,0.76204276,1.0,1.0,0.089230366,0.0,0.0030546784,0.0,0.0,0.07606283,0.0
0.0,0.0,0.13235295,0.8,0.0,3.2691223e-05,0.0,0.0,0.0,0.02541554,0.0,0.0,0.0,0.0,0.0,0.0,0.0,0.0,0.0,0.0,0.0,0.033216327,0.019004002,0.0019569471,1.0,1.0,0.0,0.0,1.0,0.0,0.0,0.83060896,1.0,1.0,0.10568149,0.0,0.0,0.0,0.0,0.09781575,0.0
0.0,0.0,0.029411765,0.2,0.0,0.0,0.0,0.0,0.0,0.0,0.0,0.0,0.0,0.0,0.0,0.0,0.0,0.0,0.0,0.0,0.0,0.0020908117,0.016914487,0.039138943,0.0,0.0,1.0,1.0,0.17,0.07,0.0,0.7694608,1.0,1.0,0.091455154,0.0,0.003152728,0.0,0.0,0.07738367,0.0
0.0,0.0,0.47058824,0.1,0.0,0.0,0.0,0.0,0.0,0.0,0.0,0.0,0.0,0.0,0.0,0.0,0.0,0.0,0.0,0.0,0.0,0.0,0.023365185,0.0039138943,1.0,1.0,0.0,0.0,0.01,0.07,0.0,0.7739688,1.0,1.0,0.08751396,0.0,0.0,0.0,0.0,0.08871618,0.0
1.7326518e-05,0.0,0.22058824,0.0,4.1368454e-05,0.00021769383,0.0,0.0,0.0,0.0,0.0,0.0,0.0,0.0,0.0,0.0,0.0,0.0,0.0,0.0,0.0,0.0033104122,0.012070373,0.0039138943,0.0,0.0,0.0,0.0,1.0,0.0,0.0,0.758,1.0,1.0,0.092075266,0.0,0.008875027,0.0,0.0,0.071311235,0.0
0.0,0.0,0.029411765,0.2,0.0,0.0,0.0,0.0,0.0,0.0,0.0,0.0,0.0,0.0,0.0,0.0,0.0,0.0,0.0,0.0,0.0,0.0013403296,0.016948648,0.031311154,0.0,0.0,1.0,1.0,0.11,0.05,0.0,0.76858735,1.0,1.0,0.09123827,0.0,0.0028786957,0.0,0.0,0.07764804,0.0
3.4653036e-05,0.0,0.04411765,0.0,0.0008681168,0.0061771553,0.0,0.0,0.0,0.0,0.0,0.0,0.0,0.0,0.0,0.0,0.0,0.0,0.0,0.0,0.0,0.009734333,0.01062344,0.0058708414,0.0,0.0,0.67,0.67,1.0,0.0,0.0,0.7684405,1.0,1.0,0.096327715,0.0,0.00977771,0.0,0.0,0.06674266,0.0
0.0,1.0,0.36764705,0.0,1.6426413e-05,0.0,0.0,0.0,0.0,0.006605178,0.0,0.0,0.0,0.0,0.0,0.0,0.0,0.0,0.0,0.0,0.0,0.01810658,0.015004143,0.83170253,0.0,0.0,0.0,0.0,1.0,0.0,0.0,0.791275,1.0,1.0,0.099121355,0.0,0.0030595213,0.0,0.0,0.08846912,0.0
0.0,1.0,0.36764705,0.0,8.08587e-06,0.0,0.0,0.0,0.0,0.0063925087,0.0,0.0,0.0,0.0,0.0,0.0,0.0,0.0,0.0,0.0,0.0,0.017941833,0.0149874315,0.81409,0.0,0.0,0.0,0.0,1.0,0.0,0.0,0.79086995,1.0,1.0,0.09902089,0.0,0.0031206012,0.0,0.0,0.0883418,0.0
0.0,0.0,0.42647058,0.2,0.0,0.0,0.0,0.0,0.0,0.0,0.0,0.0,0.0,0.0,0.0,0.0,0.0,0.0,0.0,0.0,0.0,0.0,0.017276533,0.011741683,0.0,0.0,1.0,1.0,0.06,0.07,0.0,0.76165104,1.0,1.0,0.08907797,0.0,0.0030492693,0.0,0.0,0.076091945,0.0
0.0,1.0,0.36764705,0.0,1.6044403e-05,0.0,0.0,0.0,0.0,0.0024896264,0.0,0.0,0.0,0.0,0.0,0.0,0.0,0.0,0.0,0.0,0.0,0.014778256,0.014639422,0.47945204,0.0,0.0,0.0,0.0,1.0,0.0,0.0,0.7835072,1.0,1.0,0.09727844,0.0,0.004135087,0.0,0.0,0.08564824,0.0
0.0,0.0,0.029411765,0.2,0.0,0.0,0.0,0.0,0.0,0.0,0.0,0.0,0.0,0.0,0.0,0.0,0.0,0.0,0.0,0.0,0.0,0.0025495887,0.016875848,0.017612524,0.0,0.0,1.0,1.0,0.04,0.06,0.0,0.77189493,1.0,1.0,0.09231051,0.0,0.0020174384,0.0,0.0,0.079609305,0.0
0.0,0.0,0.04411765,0.0,0.0008681168,0.0061771553,0.0,0.0,0.0,0.0,0.0,0.0,0.0,0.0,0.0,0.0,0.0,0.0,0.0,0.0,0.0,0.0,0.011356607,0.007827789,0.0,0.0,0.5,0.5,1.0,0.0,0.0,0.74512434,1.0,1.0,0.0894709,0.0,0.009759486,0.0,0.0,0.06352481,0.0
0.0,1.0,0.36764705,0.0,8.08587e-06,0.0,0.0,0.0,0.0,0.0,0.0,0.0,0.0,0.0,0.0,0.0,0.0,0.0,0.0,0.0,0.0,0.01085186,0.0139905885,0.02739726,0.0,0.0,0.0,0.0,1.0,0.0,0.0,0.7752274,1.0,1.0,0.09566616,0.0,0.0051128417,0.0,0.0,0.08128995,0.0
0.0,0.0,0.04411765,0.1,0.0,0.0,0.0,0.0,0.0,0.000980407,0.0,0.0,0.0,0.0,0.0,0.0,0.0,0.0,0.0,0.0,0.0,0.0041615963,0.023101762,0.017612524,1.0,1.0,0.0,0.0,0.38,0.17,0.0,0.78684986,1.0,1.0,0.09075137,0.0,0.0,0.0,0.0,0.08973122,0.0
0.0,0.0,0.3970588,0.1,0.0,0.0,0.0,0.0,0.0,0.0010205805,0.0,0.0,0.0,0.0,0.0,0.0,0.0,0.0,0.0,0.0,0.0,0.0012977421,0.022846565,0.039138943,1.0,1.0,0.0,0.0,0.07,0.06,0.0,0.7856388,1.0,1.0,0.09111475,0.0,0.0,0.0,0.0,0.09148088,0.0
0.0,0.0,0.0,0.1,0.0,0.0,0.0,0.0,0.0,0.0004594624,0.0,0.0,0.0,0.0,0.0,0.0,0.0,0.0,0.0,0.0,0.0,0.003503561,0.023120038,0.031311154,1.0,1.0,0.0,0.0,0.52,0.06,0.0,0.78583,1.0,1.0,0.09047922,0.0,0.0,0.0,0.0,0.0895789,0.0
0.0,0.0,0.63235295,0.1,0.0,0.0,0.0,0.0,0.0,0.0,0.0,0.0,0.0,0.0,0.0,0.0,0.0,0.0,0.0,0.0,0.0,0.0,0.023662552,0.011741683,1.0,1.0,0.0,0.0,0.15,0.17,0.0,0.7760438,1.0,1.0,0.08755418,0.0,0.0,0.0,0.0,0.08837518,0.0
0.0,0.0,0.04411765,0.0,0.0008681168,0.0061771553,0.0,0.0,0.0,0.0,0.0,0.0,0.0,0.0,0.0,0.0,0.0,0.0,0.0,0.0,0.0,0.0,0.011406079,0.007827789,0.0,0.0,0.0,0.0,1.0,0.0,0.0,0.74313724,1.0,1.0,0.08890093,0.0,0.009762645,0.0,0.0,0.06317896,0.0
0.0,1.0,0.36764705,0.0,1.6426413e-05,0.0,0.0,0.0,0.0,0.0013156831,0.0,0.0,0.0,0.0,0.0,0.0,0.0,0.0,0.0,0.0,0.0,0.01377511,0.014433786,0.33463797,0.0,0.0,0.0,0.0,1.0,0.0,0.0,0.7813314,1.0,1.0,0.09688797,0.0,0.004416138,0.0,0.0,0.08442405,0.0
1.7326518e-05,0.0,0.22058824,0.0,4.1368454e-05,0.00021769383,0.0,0.0,0.0,0.0,0.0,0.0,0.0,0.0,0.0,0.0,0.0,0.0,0.0,0.0,0.0,0.0051309466,0.011227272,0.0058708414,0.0,0.0,0.0,0.0,1.0,0.0,0.0,0.7610061,1.0,1.0,0.09375005,0.0,0.009284541,0.0,0.0,0.06831011,0.0
1.7326518e-05,0.0,0.22058824,0.0,4.1368454e-05,0.00021769383,0.0,0.0,0.0,0.0,0.0,0.0,0.0,0.0,0.0,0.0,0.0,0.0,0.0,0.0,0.0,0.003276974,0.01099997,0.0039138943,0.0,0.0,0.0,0.0,1.0,0.0,0.0,0.75750947,1.0,1.0,0.09307017,0.0,0.00964357,0.0,0.0,0.06582585,0.0
0.0,0.0,0.029411765,0.2,0.0,0.0,0.0,0.0,0.0,0.0,0.0,0.0,0.0,0.0,0.0,0.0,0.0,0.0,0.0,0.0,0.0,0.0,0.017146625,0.021526419,0.0,0.0,1.0,1.0,0.1,0.06,0.0,0.7633997,1.0,1.0,0.08965767,0.0,0.0031072348,0.0,0.0,0.07625973,0.0
1.7326518e-05,0.0,0.22058824,0.0,4.1368454e-05,0.00021769383,0.0,0.0,0.0,0.0,0.0,0.0,0.0,0.0,0.0,0.0,0.0,0.0,0.0,0.0,0.0,0.0,0.013042353,0.0058708414,0.0,0.0,0.0,0.0,1.0,0.0,0.0,0.75451136,1.0,1.0,0.090407155,0.0,0.007564634,0.0,0.0,0.07316381,0.0
0.0,0.0,0.029411765,0.2,0.0,0.0,0.0,0.0,0.0,0.0,0.0,0.0,0.0,0.0,0.0,0.0,0.0,0.0,0.0,0.0,0.0,0.0008648634,0.017051429,0.009784736,0.0,0.0,1.0,1.0,0.02,0.07,0.0,0.7688513,1.0,1.0,0.09131155,0.0,0.0021780282,0.0,0.0,0.078884125,0.0
0.0,0.0,0.029411765,0.2,0.0,0.0,0.0,0.0,0.0,0.0,0.0,0.0,0.0,0.0,0.0,0.0,0.0,0.0,0.0,0.0,0.0,0.0,0.017102547,0.017612524,0.0,0.0,1.0,1.0,0.06,0.07,0.0,0.76590645,1.0,1.0,0.09040236,0.0,0.002794847,0.0,0.0,0.07724321,0.0
0.0,1.0,0.36764705,0.0,1.6426413e-05,0.0,0.0,0.0,0.0,0.0044546723,0.0,0.0,0.0,0.0,0.0,0.0,0.0,0.0,0.0,0.0,0.0,0.01644054,0.014835507,0.65362036,0.0,0.0,0.0,0.0,1.0,0.0,0.0,0.78717947,1.0,1.0,0.09810566,0.0,0.003676489,0.0,0.0,0.08718184,0.0
0.0,0.0,0.029411765,0.2,0.0,0.0,0.0,0.0,0.0,0.0,0.0,0.0,0.0,0.0,0.0,0.0,0.0,0.0,0.0,0.0,0.0,0.0012644231,0.017022848,0.007827789,0.0,0.0,1.0,1.0,0.02,0.06,0.0,0.7697667,1.0,1.0,0.091605715,0.0,0.0020159334,0.0,0.0,0.079285264,0.0
0.0,0.0,0.029411765,0.2,0.0,0.0,0.0,0.0,0.0,0.0,0.0,0.0,0.0,0.0,0.0,0.0,0.0,0.0,0.0,0.0,0.0,0.0023245513,0.01690659,0.023483366,0.0,0.0,1.0,1.0,0.06,0.07,0.0,0.7709893,1.0,1.0,0.091984056,0.0,0.0023799688,0.0,0.0,0.07890028,0.0
0.0,0.0,0.5735294,0.2,0.0,0.0,0.0,0.0,0.0,0.0,0.0,0.0,0.0,0.0,0.0,0.0,0.0,0.0,0.0,0.0,0.0,0.0,0.017143823,0.023483366,0.0,0.0,1.0,1.0,0.12,0.06,0.0,0.76380324,1.0,1.0,0.08974745,0.0,0.0032230765,0.0,0.0,0.076138586,0.0
0.0,0.0,0.029411765,0.2,0.0,0.0,0.0,0.0,0.0,0.0,0.0,0.0,0.0,0.0,0.0,0.0,0.0,0.0,0.0,0.0,0.0,0.0021074116,0.016898707,0.021526419,0.0,0.0,1.0,1.0,0.05,0.08,0.0,0.7708229,1.0,1.0,0.09197246,0.0,0.0022289306,0.0,0.0,0.07911894,0.0
0.0,0.0,0.029411765,0.2,0.0,0.0,0.0,0.0,0.0,0.0,0.0,0.0,0.0,0.0,0.0,0.0,0.0,0.0,0.0,0.0,0.0,0.0009919703,0.017006367,0.01369863,0.0,0.0,1.0,1.0,0.03,0.07,0.0,0.76894414,1.0,1.0,0.09137311,0.0,0.0022538602,0.0,0.0,0.07870746,0.0
0.0,0.0,0.029411765,0.2,0.0,0.0,0.0,0.0,0.0,0.0,0.0,0.0,0.0,0.0,0.0,0.0,0.0,0.0,0.0,0.0,0.0,0.0,0.017337792,0.0019569471,0.0,0.0,1.0,1.0,0.01,0.07,0.0,0.76045966,1.0,1.0,0.08874863,0.0,0.0027963668,0.0,0.0,0.076250315,0.0
0.0,1.0,0.36764705,0.0,1.6044403e-05,0.0,0.0,0.0,0.0,0.0048564672,0.0,0.0,0.0,0.0,0.0,0.0,0.0,0.0,0.0,0.0,0.0,0.016751766,0.014867,0.68688846,0.0,0.0,0.0,0.0,1.0,0.0,0.0,0.7879447,1.0,1.0,0.09829541,0.0,0.0035612583,0.0,0.0,0.08742231,0.0
0.0,0.0,0.029411765,0.1,0.0,0.0,0.0,0.0,0.0,0.0,0.0,0.0,0.0,0.0,0.0,0.0,0.0,0.0,0.0,0.0,0.0,0.0,0.023446463,0.0039138943,1.0,1.0,0.0,0.0,0.01,0.08,0.0,0.7722628,1.0,1.0,0.08696344,0.0,0.0,0.0,0.0,0.088196784,0.0
0.0,0.0,0.029411765,0.2,0.0,0.0,0.0,0.0,0.0,0.0,0.0,0.0,0.0,0.0,0.0,0.0,0.0,0.0,0.0,0.0,0.0,6.0260296e-05,0.01700607,0.0058708414,0.0,0.0,1.0,1.0,0.01,0.06,0.0,0.7678691,1.0,1.0,0.09115628,0.0,0.0018975586,0.0,0.0,0.0789859,0.0
0.0,0.0,0.029411765,0.2,0.0,0.0,0.0,0.0,0.0,0.0,0.0,0.0,0.0,0.0,0.0,0.0,0.0,0.0,0.0,0.0,0.0,0.0024170578,0.016817123,0.021526419,0.0,0.0,1.0,1.0,0.04,0.06,0.0,0.771665,1.0,1.0,0.092316665,0.0,0.001991555,0.0,0.0,0.07956222,0.0
0.0,0.0,0.61764705,0.2,0.0,0.0,0.0,0.0,0.0,0.0,0.0,0.0,0.0,0.0,0.0,0.0,0.0,0.0,0.0,0.0,0.0,0.0056910813,0.016592085,0.037181996,0.0,0.0,1.0,1.0,0.07,0.06,0.0,0.77722764,1.0,1.0,0.09399309,0.0,0.0019353777,0.0,0.0,0.08076826,0.0
0.0,0.0,0.04411765,0.1,0.0,0.0,0.0,0.0,0.0,0.040533215,0.0,0.0,0.0,0.0,0.0,0.0,0.0015415549,0.01627174,0.0,0.0,0.0,0.05741909,0.013531439,0.0665362,0.82,0.82,0.15,0.15,1.0,0.0,0.0,0.85931337,1.0,1.0,0.117826335,0.0,0.005231932,0.0,0.0,0.092036515,0.0
0.0,0.0,0.029411765,0.1,0.0,0.0,0.0,0.0,0.0,0.0,0.0,0.0,0.0,0.0,0.0,0.0,0.0,0.0,0.0,0.0,0.0,0.0,0.02303201,0.023483366,1.0,1.0,0.0,0.0,0.04,0.06,0.0,0.78089035,1.0,1.0,0.08969306,0.0,0.0,0.0,0.0,0.09043014,0.0
0.0,0.0,0.029411765,0.1,0.0,0.0,0.0,0.0,0.0,0.0,0.0,0.0,0.0,0.0,0.0,0.0,0.0,0.0,0.0,0.0,0.0,0.0,0.023425706,0.0058708414,1.0,1.0,0.0,0.0,0.01,0.06,0.0,0.7725034,1.0,1.0,0.08704724,0.0,0.0,0.0,0.0,0.088276,0.0
0.0,0.0,0.029411765,0.2,0.0,0.0,0.0,0.0,0.0,0.0,0.0,0.0,0.0,0.0,0.0,0.0,0.0,0.0,0.0,0.0,0.0,0.0034516156,0.016783915,0.039138943,0.0,0.0,1.0,1.0,0.11,0.06,0.0,0.77235436,1.0,1.0,0.09240926,0.0,0.002722934,0.0,0.0,0.078573674,0.0
0.0,0.0,0.029411765,0.2,0.0,0.0,0.0,0.0,0.0,0.0,0.0,0.0,0.0,0.0,0.0,0.0,0.0,0.0,0.0,0.0,0.0,0.0028571784,0.016803063,0.031311154,0.0,0.0,1.0,1.0,0.07,0.06,0.0,0.7718127,1.0,1.0,0.0923019,0.0,0.0023995638,0.0,0.0,0.078974664,0.0
1.7326518e-05,0.0,0.22058824,0.0,4.1368454e-05,0.00021769383,0.0,0.0,0.0,0.0,0.0,0.0,0.0,0.0,0.0,0.0,0.0,0.0,0.0,0.0,0.0,0.0022087693,0.010993868,0.0058708414,0.0,0.0,0.0,0.0,1.0,0.0,0.67,0.75559473,1.0,1.0,0.09257307,0.0,0.009704426,0.0,0.0,0.06527406,0.0
0.0,0.0,0.7058824,0.1,0.0,0.0,0.0,0.0,0.0,0.0,0.0,0.0,0.0,0.0,0.0,0.0,0.0,0.0,0.0,0.0,0.0,0.0,0.023081154,0.021526419,1.0,1.0,0.0,0.0,0.04,0.06,0.0,0.77880776,1.0,1.0,0.08910013,0.0,0.0,0.0,0.0,0.0899829,0.0
0.0,0.0,0.7058824,0.2,0.0,0.0,0.0,0.0,0.0,0.0,0.0,0.0,0.0,0.0,0.0,0.0,0.0,0.0,0.0,0.0,0.0,0.001371175,0.016969949,0.01369863,0.0,0.0,1.0,1.0,0.03,0.07,0.0,0.7697506,1.0,1.0,0.091639034,0.0,0.0021340847,0.0,0.0,0.0790391,0.0
0.0,1.0,0.36764705,0.0,1.6426413e-05,0.0,0.0,0.0,0.0,0.0,0.0,0.0,0.0,0.0,0.0,0.0,0.0,0.0,0.0,0.0,0.0,0.012473673,0.014346071,0.2407045,0.0,0.0,0.0,0.0,1.0,0.0,0.0,0.77873755,1.0,1.0,0.09627608,0.0,0.004649088,0.0,0.0,0.083328515,0.0
0.0,0.0,0.19117647,0.1,0.0,0.0,0.0,0.0,0.0,0.0,0.0,0.0,0.0,0.0,0.0,0.0,0.0,0.0,0.0,0.0,0.0,0.0,0.02329325,0.031311154,1.0,1.0,0.0,0.0,0.1,0.09,0.0,0.7792387,1.0,1.0,0.088855825,0.0,0.0,0.0,0.0,0.08941406,0.0
0.0,1.0,0.36764705,0.0,8.276875e-06,0.0,0.0,0.0,0.0,0.0,0.0,0.0,0.0,0.0,0.0,0.0,0.0,0.0,0.0,0.0,0.0,0.011320949,0.014180131,0.11545988,0.0,0.0,0.0,0.0,1.0,0.0,0.0,0.776332,1.0,1.0,0.09578701,0.0,0.0049193203,0.0,0.0,0.08211601,0.0
1.7326518e-05,0.0,0.22058824,0.0,4.1368454e-05,0.00021769383,0.0,0.0,0.0,0.0,0.0,0.0,0.0,0.0,0.0,0.0,0.0,0.0,0.0,0.0,0.0,0.0,0.013797767,0.0058708414,0.0,0.0,0.0,0.0,1.0,0.0,0.0,0.750605,1.0,1.0,0.088803194,0.0,0.0068435073,0.0,0.0,0.07247159,0.0
0.0,0.0,0.13235295,0.8,0.0,3.2691223e-05,0.0,0.0,0.0,0.0,0.0,0.0,0.0,0.0,0.0,0.0,0.0,0.0,0.0,0.0,0.0,0.0,0.019853614,0.0019569471,1.0,1.0,0.0,0.0,1.0,0.0,0.0,0.73793507,1.0,1.0,0.080192916,0.0,0.0020700246,0.0,0.0,0.07835454,0.0
0.0,0.0,0.7941176,0.2,0.0,0.0,0.0,0.0,0.0,0.0,0.0,0.0,0.0,0.0,0.0,0.0,0.0,0.0,0.0,0.0,0.0,0.0,0.01722949,0.015655577,0.0,0.0,1.0,1.0,0.08,0.08,0.0,0.7627518,1.0,1.0,0.08940541,0.0,0.0030877441,0.0,0.0,0.07623282,0.0
0.0,0.0,0.029411765,0.2,0.0,0.0,0.0,0.0,0.0,0.0,0.0,0.0,0.0,0.0,0.0,0.0,0.0,0.0,0.0,0.0,0.0,0.0018059909,0.016852729,0.023483366,0.0,0.0,1.0,1.0,0.05,0.06,0.0,0.7702544,1.0,1.0,0.09187467,0.0,0.0022646785,0.0,0.0,0.07879183,0.0
0.0,1.0,0.36764705,0.0,1.6426413e-05,0.0,0.0,0.0,0.0,0.0,0.0,0.0,0.0,0.0,0.0,0.0,0.0,0.0,0.0,0.0,0.0,0.0064093173,0.016229987,0.18786693,0.0,0.0,0.0,0.0,1.0,0.0,0.0,0.77469015,1.0,1.0,0.09341938,0.0,0.0027190298,0.0,0.0,0.08428055,0.0
0.0,0.0,0.04411765,0.0,0.0008681168,0.0061771553,0.0,0.0,0.0,0.0,0.0,0.0,0.0,0.0,0.0,0.0,0.0,0.0,0.0,0.0,0.0,0.0063275397,0.010805048,0.017612524,0.0,0.0,0.0,0.0,1.0,0.0,0.22,0.76258373,1.0,1.0,0.09460669,0.0,0.009770125,0.0,0.0,0.065984845,0.0
0.0,0.0,0.029411765,0.2,0.0,0.0,0.0,0.0,0.0,0.0,0.0,0.0,0.0,0.0,0.0,0.0,0.0,0.0,0.0,0.0,0.0,0.0009939373,0.016996995,0.007827789,0.0,0.0,1.0,1.0,0.02,0.07,0.0,0.76937544,1.0,1.0,0.09154319,0.0,0.0019617826,0.0,0.0,0.07922137,0.0
0.0,1.0,0.36764705,0.0,1.6426413e-05,0.0,0.0,0.0,0.0,0.0,0.0,0.0,0.0,0.0,0.0,0.0,0.0,0.0,0.0,0.0,0.0,0.0,0.018795528,0.99804306,0.0,0.0,0.0,0.0,1.0,0.0,0.0,0.7500583,1.0,1.0,0.08470965,0.0,0.0021564662,0.0,0.0,0.08042517,0.0
0.0,0.0,0.04411765,0.1,0.0,0.0,0.0,0.0,0.0,0.05729288,0.0,0.0,0.0,0.0,0.0,0.0,0.0021132901,0.024509221,0.0,0.0,0.0,0.07117525,0.01685401,0.18982388,1.0,1.0,0.0,0.0,1.0,0.0,0.0,0.89125645,1.0,1.0,0.12343719,0.0,0.0007188171,0.0,0.0,0.10808167,0.0
0.0,0.0,0.029411765,0.2,0.0,0.0,0.0,0.0,0.0,0.0,0.0,0.0,0.0,0.0,0.0,0.0,0.0,0.0,0.0,0.0,0.0,0.0,0.017326243,0.007827789,0.0,0.0,1.0,1.0,0.04,0.07,0.0,0.7601497,1.0,1.0,0.08863404,0.0,0.0031079054,0.0,0.0,0.07562083,0.0
0.0,0.0,0.029411765,0.2,0.0,0.0,0.0,0.0,0.0,0.0,0.0,0.0,0.0,0.0,0.0,0.0,0.0,0.0,0.0,0.0,0.0,0.0034426749,0.016851142,0.023483366,0.0,0.0,1.0,1.0,0.05,0.07,0.0,0.7731831,1.0,1.0,0.0926409,0.0,0.0021663904,0.0,0.0,0.079705566,0.0
0.0,0.0,0.029411765,0.1,0.0,0.0,0.0,0.0,0.0,0.0,0.0,0.0,0.0,0.0,0.0,0.0,0.0,0.0,0.0,0.0,0.0,0.0,0.023558512,0.023483366,1.0,1.0,0.0,0.0,0.1,0.07,0.0,0.7731434,1.0,1.0,0.08695417,0.0,0.0,0.0,0.0,0.087733686,0.0
0.14103785,0.0,0.13235295,0.0,0.0,1.1144735e-05,0.0,0.0,0.0,0.0,0.0,0.0,0.0,0.0,0.0,0.0,0.0,0.0,0.0,0.0,0.0,0.0,0.021467485,0.0019569471,0.0,0.0,0.0,0.0,1.0,0.0,0.0,0.741562,1.0,1.0,0.07994575,0.0,0.0002514273,0.0,0.0,0.079478145,0.0
0.0,1.0,0.36764705,0.0,8.276875e-06,0.0,0.0,0.0,0.0,0.0075159073,0.0,0.0,0.0,0.0,0.0,0.0,0.0,0.0,0.0,0.0,0.0,0.018433005,0.01529327,1.0,0.0,0.0,0.0,0.0,1.0,0.0,0.0,0.79313564,1.0,1.0,0.09943452,0.0,0.002475202,0.0,0.0,0.089178056,0.0
0.0,0.0,0.3970588,0.1,0.0,0.0,0.0,0.0,0.0,0.0,0.0,0.0,0.0,0.0,0.0,0.0,0.0,0.0,0.0,0.0,0.0,0.0,0.023412265,0.01369863,1.0,1.0,0.0,0.0,0.04,0.1,0.0,0.7760364,1.0,1.0,0.087930046,0.0,0.0,0.0,0.0,0.08883253,0.0
1.7326518e-05,0.0,0.22058824,0.0,4.1368454e-05,0.00021769383,0.0,0.0,0.0,0.0,0.0,0.0,0.0,0.0,0.0,0.0,0.0,0.0,0.0,0.0,0.0,0.0053867996,0.011292264,0.0058708414,0.0,0.0,0.0,0.0,1.0,0.0,0.0,0.7615396,1.0,1.0,0.09382223,0.0,0.009179935,0.0,0.0,0.06893557,0.0
0.03577926,0.0,0.04411765,0.3,0.0008993779,0.0,0.0,0.0,0.0,0.018343925,0.0,0.0,0.0,0.0,0.0,0.0,0.00046016276,0.0017404258,0.0,0.0,0.0,0.037136406,0.0101154,0.015655577,0.0,0.0,1.0,1.0,1.0,0.0,0.0,0.8159108,1.0,1.0,0.109296136,0.0,0.009436697,0.0,0.0,0.07592088,0.0
0.0,0.0,0.14705883,0.1,0.0,0.0,1.0,0.0,0.0,0.0,0.0,0.0,0.0,0.0,0.0,0.0,0.0,0.0,0.0,0.0,0.0,0.0,0.029763907,0.0039138943,1.0,1.0,0.0,0.0,1.0,0.0,1.0,0.6640528,0.95457685,1.0,0.050681762,0.0,0.0031146556,0.0,0.0,0.0655206,0.0
0.0,0.0,0.04411765,0.1,0.0,0.0,0.0,0.0,0.0,0.05612135,0.0,0.0,0.0,0.0,0.0,0.0,0.0028970465,0.02650541,0.0,0.0,0.0,0.0722976,0.014715336,0.14872798,1.0,1.0,0.0,0.0,1.0,0.0,0.0,0.88890994,1.0,1.0,0.124681495,0.0,0.0029194653,0.0,0.0,0.10244766,0.0
0.0,0.0,0.029411765,0.2,0.0,0.0,0.0,0.0,0.0,0.0,0.0,0.0,0.0,0.0,0.0,0.0,0.0,0.0,0.0,0.0,0.0,0.00015032291,0.01705841,0.011741683,0.0,0.0,1.0,1.0,0.03,0.08,0.0,0.76744974,1.0,1.0,0.09092357,0.0,0.0023000985,0.0,0.0,0.0783799,0.0
0.0,0.0,0.029411765,0.1,0.0,0.0,0.0,0.0,0.0,0.0,0.0,0.0,0.0,0.0,0.0,0.0,0.0,0.0,0.0,0.0,0.0,0.0,0.022112817,0.021526419,0.68,0.73,0.32,0.27,0.08,0.07,0.0,0.77297616,1.0,1.0,0.08808974,0.0,0.0,0.0,0.0,0.08625165,0.0
0.0,0.0,0.04411765,0.0,0.0008681168,0.0061771553,0.0,0.0,0.0,0.0,0.0,0.0,0.0,0.0,0.0,0.0,0.0,0.0,0.0,0.0,0.0,0.008098513,0.010718621,0.007827789,0.0,0.0,0.5,0.5,1.0,0.0,0.0,0.76565814,1.0,1.0,0.09550414,0.0,0.009759054,0.0,0.0,0.06640014,0.0
0.0,1.0,0.36764705,0.0,8.276875e-06,0.0,0.0,0.0,0.0,0.0012822151,0.0,0.0,0.0,0.0,0.0,0.0,0.0,0.0,0.0,0.0,0.0,0.0137014985,0.014502361,0.36790606,0.0,0.0,0.0,0.0,1.0,0.0,0.0,0.7812787,1.0,1.0,0.096810125,0.0,0.004375249,0.0,0.0,0.08456442,0.0
0.0,0.0,0.38235295,0.1,0.0,0.0,0.0,0.0,0.0,0.0,0.0,0.0,0.0,0.0,0.0,0.0,0.0,0.0,0.0,0.0,0.0,0.0,0.02347032,0.011741683,1.0,1.0,0.0,0.0,0.04,0.09,0.0,0.77383304,1.0,1.0,0.08729332,0.0,0.0,0.0,0.0,0.08834168,0.0
0.0,1.0,0.36764705,0.0,1.6426413e-05,0.0,0.0,0.0,0.0,0.0,0.0,0.0,0.0,0.0,0.0,0.0,0.0,0.0,0.0,0.0,0.0,0.0,0.01970546,0.9960861,0.0,0.0,0.0,0.0,1.0,0.0,0.0,0.7257359,1.0,1.0,0.07768657,0.0,0.0023788065,0.0,0.0,0.072267056,0.0
0.0,0.0,0.04411765,0.0,0.0008681168,0.0061771553,0.0,0.0,0.0,0.0,0.0,0.0,0.0,0.0,0.0,0.0,0.0,0.0,0.0,0.0,0.0,0.0014688671,0.010921426,0.0058708414,0.0,0.0,0.0,0.0,1.0,0.0,0.0,0.75419676,1.0,1.0,0.09228813,0.0,0.009811118,0.0,0.0,0.0644609,0.0
0.0,1.0,0.36764705,0.0,8.08587e-06,0.0,0.0,0.0,0.0,0.0070068836,0.0,0.0,0.0,0.0,0.0,0.0,0.0,0.0,0.0,0.0,0.0,0.018417805,0.015035659,0.8649706,0.0,0.0,0.0,0.0,1.0,0.0,0.0,0.79204,1.0,1.0,0.099311076,0.0,0.0029443204,0.0,0.0,0.08870959,0.0
0.01557654,0.0,0.04411765,0.3,0.0011852484,0.0,0.0,0.0,0.0,0.043340474,0.0,0.0,0.0,0.0,0.0,0.00027915835,0.0036582798,0.023389637,0.0,0.0,0.0,0.06508377,0.009013079,0.058708414,0.07,0.07,0.93,0.93,1.0,0.0,0.0,0.8638712,1.0,1.0,0.12298655,0.0,0.009312615,0.0,0.0,0.083963096,0.0
0.0,0.0,0.029411765,0.1,0.0,0.0,0.0,0.0,0.0,0.0,0.0,0.0,0.0,0.0,0.0,0.0,0.0,0.0,0.0,0.0,0.0,0.0,0.023388311,0.03522505,1.0,1.0,0.0,0.0,0.13,0.07,0.0,0.77691245,1.0,1.0,0.08811832,0.0,0.0,0.0,0.0,0.08864662,0.0
0.0,0.0,0.19117647,0.2,0.0,0.0,0.0,0.0,0.0,0.0,0.0,0.0,0.0,0.0,0.0,0.0,0.0,0.0,0.0,0.0,0.0,0.0051083267,0.016596243,0.037181996,0.0,0.0,1.0,1.0,0.07,0.06,0.0,0.7761724,1.0,1.0,0.09371156,0.0,0.0019798875,0.0,0.0,0.0804311,0.0
0.0,0.0,0.029411765,0.2,0.0,0.0,0.0,0.0,0.0,0.0,0.0,0.0,0.0,0.0,0.0,0.0,0.0,0.0,0.0,0.0,0.0,0.0027600229,0.016850322,0.039138943,0.0,0.0,1.0,1.0,0.14,0.05,0.0,0.7708839,1.0,1.0,0.09192438,0.0,0.002941355,0.0,0.0,0.077968925,0.0
0.0,0.0,0.029411765,0.2,0.0,0.0,0.0,0.0,0.0,0.0,0.0,0.0,0.0,0.0,0.0,0.0,0.0,0.0,0.0,0.0,0.0,0.0017057955,0.016937882,0.01369863,0.0,0.0,1.0,1.0,0.03,0.07,0.0,0.77046204,1.0,1.0,0.09187361,0.0,0.0020284206,0.0,0.0,0.079331756,0.0
0.03577926,0.0,0.04411765,0.3,0.0008993779,0.0,0.0,0.0,0.0,0.036063194,0.0,0.0,0.0,0.0,0.0,0.0,0.0025401637,0.016969144,0.0,0.0,0.0,0.05691755,0.009512864,0.019569471,0.0,0.0,1.0,1.0,1.0,0.0,0.0,0.8500049,1.0,1.0,0.118849136,0.0,0.009301931,0.0,0.0,0.08187094,0.0
0.03617777,0.0,0.04411765,0.3,0.001155006,0.0,0.0,0.0,0.0,0.0009006262,0.0,0.0,0.0,0.0,0.0,0.0,0.0,0.0,0.0,0.0,0.0,0.017769486,0.010625936,0.025440313,0.08,0.08,0.92,0.92,1.0,0.0,0.0,0.78240216,1.0,1.0,0.099986725,0.0,0.009657472,0.0,0.0,0.06971374,0.0
0.0,0.0,0.20588236,0.2,0.0,0.0,0.0,0.0,0.0,0.0,0.0,0.0,0.0,0.0,0.0,0.0,0.0,0.0,0.0,0.0,0.0,0.0026564598,0.016822323,0.031311154,0.0,0.0,1.0,1.0,0.08,0.06,0.0,0.7713858,1.0,1.0,0.09216113,0.0,0.0024629384,0.0,0.0,0.0787991,0.0
0.0,0.0,0.029411765,0.1,0.0,0.0,0.0,0.0,0.0,0.0,0.0,0.0,0.0,0.0,0.0,0.0,0.0,0.0,0.0,0.0,0.0,0.0,0.023335755,0.01369863,1.0,1.0,0.0,0.0,0.03,0.06,0.0,0.77526784,1.0,1.0,0.08785411,0.0,0.0,0.0,0.0,0.08884174,0.0
0.0,0.0,0.029411765,0.2,0.0,0.0,0.0,0.0,0.0,0.0,0.0,0.0,0.0,0.0,0.0,0.0,0.0,0.0,0.0,0.0,0.0,2.783537e-05,0.017145626,0.0019569471,0.0,0.0,1.0,1.0,0.0,0.08,0.0,0.76760995,1.0,1.0,0.09090691,0.0,0.002070859,0.0,0.0,0.07890028,0.0
0.13143897,0.0,0.13235295,0.0,0.0,3.2691223e-05,0.0,0.0,0.0,0.0,0.0,0.0,0.0,0.0,0.0,0.0,0.0,0.0,0.0,0.0,0.0,0.0,0.019102894,0.0019569471,0.0,0.0,0.0,0.0,1.0,0.0,0.0,0.7471998,1.0,1.0,0.083178066,0.0,0.0027749985,0.0,0.0,0.080201924,0.0
0.0,0.0,0.6911765,0.2,0.0,0.0,0.0,0.0,0.0,0.0,0.0,0.0,0.0,0.0,0.0,0.0,0.0,0.0,0.0,0.0,0.0,0.0011618137,0.01696574,0.031311154,0.0,0.0,1.0,1.0,0.11,0.06,0.0,0.7682078,1.0,1.0,0.09111314,0.0,0.0029350668,0.0,0.0,0.077492,0.0
0.0,0.0,0.029411765,0.1,0.0,0.0,0.0,0.0,0.0,0.0,0.0,0.0,0.0,0.0,0.0,0.0,0.0,0.0,0.0,0.0,0.0,0.0,0.023653165,0.007827789,1.0,1.0,0.0,0.0,0.03,0.06,0.0,0.76902485,1.0,1.0,0.08582815,0.0,0.0,0.0,0.0,0.08700541,0.0
0.0,0.0,0.029411765,0.2,0.0,0.0,0.0,0.0,0.0,0.0,0.0,0.0,0.0,0.0,0.0,0.0,0.0,0.0,0.0,0.0,0.0,0.00072950125,0.016941838,0.0058708414,0.0,0.0,1.0,1.0,0.01,0.06,0.0,0.7692921,1.0,1.0,0.09162558,0.0,0.0016860962,0.0,0.0,0.07957125,0.0
0.0,0.0,0.04411765,0.1,0.0,0.0,0.0,0.0,0.0,0.0,0.0,0.0,0.0,0.0,0.0,0.0,0.0,0.0,0.0,0.0,0.0,0.0,0.023418859,0.019569471,1.0,1.0,0.0,0.0,0.06,0.08,0.0,0.7760738,1.0,1.0,0.087910555,0.0,0.0,0.0,0.0,0.08871883,0.0
0.0,0.0,0.029411765,0.2,0.0,0.0,0.0,0.0,0.0,0.0,0.0,0.0,0.0,0.0,0.0,0.0,0.0,0.0,0.0,0.0,0.0,0.003573805,0.016786143,0.031311154,0.0,0.0,1.0,1.0,0.07,0.06,0.0,0.7731527,1.0,1.0,0.09267721,0.0,0.0023127347,0.0,0.0,0.07942876,0.0
0.13095382,0.0,0.13235295,0.0,0.0,3.2691223e-05,0.0,0.0,0.0,0.0,0.0,0.0,0.0,0.0,0.0,0.0,0.0,0.0,0.0,0.0,0.0,0.0,0.018987857,0.0019569471,0.0,0.0,0.0,0.0,1.0,0.0,0.0,0.7455106,1.0,1.0,0.08282054,0.0,0.0029553622,0.0,0.0,0.079604656,0.0
0.0,0.0,0.029411765,0.2,0.0,0.0,0.0,0.0,0.0,0.0,0.0,0.0,0.0,0.0,0.0,0.0,0.0,0.0,0.0,0.0,0.0,0.0015333593,0.016925685,0.011741683,0.0,0.0,1.0,1.0,0.02,0.06,0.0,0.7703905,1.0,1.0,0.09189337,0.0,0.0018632114,0.0,0.0,0.07958943,0.0
0.0,1.0,0.36764705,0.0,1.6426413e-05,0.0,0.0,0.0,0.0,0.0003078282,0.0,0.0,0.0,0.0,0.0,0.0,0.0,0.0,0.0,0.0,0.0,0.012832582,0.014391728,0.2778865,0.0,0.0,0.0,0.0,1.0,0.0,0.0,0.77948034,1.0,1.0,0.09643217,0.0,0.0045690835,0.0,0.0,0.08368984,0.0
0.129637,0.0,0.13235295,0.0,0.0,3.2691223e-05,0.0,0.0,0.0,0.0,0.0,0.0,0.0,0.0,0.0,0.0,0.0,0.0,0.0,0.0,0.0,0.0,0.018625103,0.0019569471,0.0,0.0,0.0,0.0,1.0,0.0,0.0,0.7378355,1.0,1.0,0.08108126,0.0,0.0035671145,0.0,0.0,0.07702905,0.0
0.0,0.0,0.5294118,0.2,0.0,0.0,0.0,0.0,0.0,0.0,0.0,0.0,0.0,0.0,0.0,0.0,0.0,0.0,0.0,0.0,0.0,0.0042916834,0.016698264,0.02739726,0.0,0.0,1.0,1.0,0.05,0.06,0.0,0.77504027,1.0,1.0,0.09333528,0.0,0.0018304288,0.0,0.0,0.080516905,0.0
0.0,0.0,0.029411765,0.2,0.0,0.0,0.0,0.0,0.0,0.0,0.0,0.0,0.0,0.0,0.0,0.0,0.0,0.0,0.0,0.0,0.0,0.004660815,0.016710572,0.0332681,0.0,0.0,1.0,1.0,0.07,0.06,0.0,0.775169,1.0,1.0,0.09329874,0.0,0.0021889657,0.0,0.0,0.079970926,0.0
0.0,0.0,0.029411765,0.2,0.0,0.0,0.0,0.0,0.0,0.0,0.0,0.0,0.0,0.0,0.0,0.0,0.0,0.0,0.0,0.0,0.0,0.0037386417,0.016758457,0.029354207,0.01,0.0,0.99,1.0,0.06,0.06,0.0,0.77378273,1.0,1.0,0.092912965,0.0,0.0020783693,0.0,0.0,0.07981792,0.0
0.0,0.0,0.4117647,0.2,0.0,0.0,0.0,0.0,0.0,0.0,0.0,0.0,0.0,0.0,0.0,0.0,0.0,0.0,0.0,0.0,0.0,0.0035730302,0.016725183,0.025440313,0.0,0.0,1.0,1.0,0.05,0.06,0.0,0.773762,1.0,1.0,0.09297254,0.0,0.001881957,0.0,0.0,0.080112815,0.0
0.015628519,0.0,0.04411765,0.3,0.000876139,0.0,0.0,0.0,0.0,0.015223175,0.0,0.0,0.0,0.0,0.0,0.0,0.00052993,0.0,0.0,0.0,0.0,0.033502698,0.009840123,0.14872798,0.01,0.01,0.97,0.97,1.0,0.0,0.0,0.8094704,1.0,1.0,0.10788908,0.0,0.009390965,0.0,0.0,0.07488611,0.0
0.0,0.0,0.04411765,0.0,0.0008681168,0.0061771553,0.0,0.0,0.0,0.0,0.0,0.0,0.0,0.0,0.0,0.0,0.0,0.0,0.0,0.0,0.0,0.0,0.01120504,0.007827789,0.0,0.0,0.0,0.0,1.0,0.0,0.0,0.74920046,1.0,1.0,0.0906949,0.0,0.00976944,0.0,0.0,0.0639863,0.0
0.0,0.0,0.04411765,0.0,0.0008681168,0.0061771553,0.0,0.0,0.0,0.0,0.0,0.0,0.0,0.0,0.0,0.0,0.0,0.0,0.0,0.0,0.0,0.0026170611,0.010861404,0.007827789,0.0,0.0,0.0,0.0,1.0,0.0,0.0,0.7561859,1.0,1.0,0.09287291,0.0,0.00981164,0.0,0.0,0.06468904,0.0
0.0,0.0,0.029411765,0.1,0.0,0.0,0.0,0.0,0.0,0.0,0.0,0.0,0.0,0.0,0.0,0.0,0.0,0.0,0.0,0.0,0.0,0.0,0.02328907,0.029354207,1.0,1.0,0.0,0.0,0.09,0.11,0.0,0.77993906,1.0,1.0,0.08904538,0.0,0.0,0.0,0.0,0.08957851,0.0
0.0,0.0,0.8235294,0.2,0.0,0.0,0.0,0.0,0.0,0.0,0.0,0.0,0.0,0.0,0.0,0.0,0.0,0.0,0.0,0.0,0.0,0.003708899,0.016702324,0.02739726,0.0,0.0,1.0,1.0,0.05,0.06,0.0,0.7739849,1.0,1.0,0.09305378,0.0,0.0018749386,0.0,0.0,0.08017984,0.0
0.0,0.0,0.029411765,0.2,0.0,0.0,0.0,0.0,0.0,0.0,0.0,0.0,0.0,0.0,0.0,0.0,0.0,0.0,0.0,0.0,0.0,0.001491487,0.016981453,0.011741683,0.0,0.0,1.0,1.0,0.02,0.07,0.0,0.77011776,1.0,1.0,0.091736935,0.0,0.002015993,0.0,0.0,0.0793803,0.0
0.0,0.0,0.04411765,0.0,0.0008681168,0.0061771553,0.0,0.0,0.0,0.0,0.0,0.0,0.0,0.0,0.0,0.0,0.0,0.0,0.0,0.0,0.0,0.010215133,0.010655716,0.0332681,0.0,0.0,0.0,0.0,1.0,0.0,0.18,0.76930416,1.0,1.0,0.09652399,0.0,0.009745106,0.0,0.0,0.06704149,0.0
0.0,0.0,0.04411765,0.2,0.0,0.0,0.0,0.0,0.0,0.0,0.0,0.0,0.0,0.0,0.0,0.0,0.0,0.0,0.0,0.0,0.0,3.796816e-05,0.017008148,0.0058708414,0.0,0.0,1.0,1.0,0.01,0.06,0.0,0.76782167,1.0,1.0,0.09114071,0.0,0.0019046217,0.0,0.0,0.07896641,0.0
0.0,0.0,0.029411765,0.2,0.0,0.0,0.0,0.0,0.0,0.0,0.0,0.0,0.0,0.0,0.0,0.0,0.0,0.0,0.0,0.0,0.0,0.0,0.017104678,0.0019569471,0.0,0.0,1.0,1.0,0.0,0.07,0.0,0.76659036,1.0,1.0,0.09070369,0.0,0.0019978583,0.0,0.0,0.07867482,0.0
0.0,1.0,0.36764705,0.0,1.6044403e-05,0.0,0.0,0.0,0.0,0.0,0.0,0.0,0.0,0.0,0.0,0.0,0.0,0.0,0.0,0.0,0.0,0.010924876,0.014020085,0.04109589,0.0,0.0,0.0,0.0,1.0,0.0,0.0,0.7753992,1.0,1.0,0.09568497,0.0,0.0050827563,0.0,0.0,0.081418514,0.0
0.0,0.0,0.029411765,0.2,0.0,0.0,0.0,0.0,0.0,0.0,0.0,0.0,0.0,0.0,0.0,0.0,0.0,0.0,0.0,0.0,0.0,0.0029045045,0.016850963,0.023483366,0.0,0.0,1.0,1.0,0.05,0.07,0.0,0.77222264,1.0,1.0,0.09239069,0.0,0.0021968335,0.0,0.0,0.079407424,0.0
0.0,0.0,0.029411765,0.2,0.0,0.0,0.0,0.0,0.0,0.0,0.0,0.0,0.0,0.0,0.0,0.0,0.0,0.0,0.0,0.0,0.0,0.0,0.020866722,0.0332681,0.0,0.0,1.0,1.0,0.14,0.06,0.0,0.76197255,1.0,1.0,0.08555087,0.0,0.0037120134,0.0,0.0,0.07404229,0.0
0.0,0.0,0.7058824,0.2,0.0,0.0,0.0,0.0,0.0,0.0,0.0,0.0,0.0,0.0,0.0,0.0,0.0,0.0,0.0,0.0,0.0,0.0033100843,0.016792499,0.02739726,0.0,0.0,1.0,1.0,0.06,0.07,0.0,0.77295303,1.0,1.0,0.09264698,0.0,0.0021404475,0.0,0.0,0.07965854,0.0
0.12762713,0.0,0.13235295,0.0,0.0,3.2691223e-05,0.0,0.0,0.0,0.0,0.0,0.0,0.0,0.0,0.0,0.0,0.0,0.0,0.0,0.0,0.0,0.0,0.018106572,0.0019569471,0.0,0.0,0.0,0.0,1.0,0.0,0.0,0.7355758,1.0,1.0,0.08091154,0.0,0.004201427,0.0,0.0,0.07516608,0.0
0.0,0.0,0.029411765,0.2,0.0,0.0,0.0,0.0,0.0,0.0,0.0,0.0,0.0,0.0,0.0,0.0,0.0,0.0,0.0,0.0,0.0,0.0043079853,0.01672484,0.037181996,0.0,0.0,1.0,1.0,0.09,0.06,0.0,0.77428675,1.0,1.0,0.09302331,0.0,0.002372235,0.0,0.0,0.07955867,0.0
0.0,0.0,0.029411765,0.2,0.0,0.0,0.0,0.0,0.0,0.0,0.0,0.0,0.0,0.0,0.0,0.0,0.0,0.0,0.0,0.0,0.0,0.00498268,0.016764387,0.029354207,0.0,0.0,1.0,1.0,0.06,0.08,0.0,0.7758467,1.0,1.0,0.093424834,0.0,0.0021108836,0.0,0.0,0.080367655,0.0
0.0,0.0,0.029411765,0.2,0.0,0.0,0.0,0.0,0.0,0.0,0.0,0.0,0.0,0.0,0.0,0.0,0.0,0.0,0.0,0.0,0.0,0.0,0.017154448,0.019569471,0.0,0.0,1.0,1.0,0.08,0.06,0.0,0.7635089,1.0,1.0,0.089685954,0.0,0.0030649453,0.0,0.0,0.07632932,0.0
0.0,0.0,0.13235295,0.8,0.0,3.2691223e-05,0.0,0.0,0.0,0.0,0.0,0.0,0.0,0.0,0.0,0.0,0.0,0.0,0.0,0.0,0.0,0.0,0.02670715,0.0019569471,1.0,1.0,0.0,0.0,1.0,0.0,0.0,0.67241526,0.96525776,1.0,0.05535128,0.0,0.0057730824,0.0,0.0,0.06533462,0.0
0.0,0.0,0.029411765,0.2,0.0,0.0,0.0,0.0,0.0,0.0,0.0,0.0,0.0,0.0,0.0,0.0,0.0,0.0,0.0,0.0,0.0,0.0,0.017076753,0.02739726,0.0,0.0,1.0,1.0,0.12,0.05,0.0,0.7647234,1.0,1.0,0.090066336,0.0,0.003138557,0.0,0.0,0.07646763,0.0
0.0,0.0,0.029411765,0.5,0.0,0.0,0.0,0.0,0.0,0.0,0.0,0.0,0.0,0.0,0.0,0.0,0.0,0.0,0.0,0.0,0.0,0.0019290149,0.016915835,0.021526419,0.0,0.0,1.0,1.0,0.05,0.07,0.0,0.77044356,1.0,1.0,0.09184732,0.0,0.0022852272,0.0,0.0,0.07896289,0.0
0.0,0.0,0.04411765,0.1,0.0,0.0,0.0,0.0,0.0,0.058290154,0.0,0.0,0.0,0.0,0.0,0.0,0.0021844804,0.024748802,0.0,0.0,0.0,0.071611196,0.017289206,0.22113504,1.0,1.0,0.0,0.0,1.0,0.0,0.0,0.8931755,1.0,1.0,0.123591505,0.0,0.00012053549,0.0,0.0,0.10954568,0.0
0.0,0.0,0.029411765,0.1,0.0,0.0,0.0,0.0,0.0,0.0,0.0,0.0,0.0,0.0,0.0,0.0,0.0,0.0,0.0,0.0,0.0,0.0,0.023433745,0.019569471,1.0,1.0,0.0,0.0,0.07,0.09,0.0,0.7758726,1.0,1.0,0.08783763,0.0,0.0,0.0,0.0,0.08864623,0.0
0.0,0.0,0.029411765,0.1,0.0,0.0,0.0,0.0,0.0,0.0,0.0,0.0,0.0,0.0,0.0,0.0,0.0,0.0,0.0,0.0,0.0,0.0,0.023663826,0.011741683,1.0,1.0,0.0,0.0,0.05,0.07,0.0,0.7693995,1.0,1.0,0.08588978,0.0,0.0,0.0,0.0,0.08703017,0.0
0.0,0.0,0.029411765,0.2,0.0,0.0,0.0,0.0,0.0,0.0,0.0,0.0,0.0,0.0,0.0,0.0,0.0,0.0,0.0,0.0,0.0,0.0019938946,0.016919352,0.019569471,0.0,0.0,1.0,1.0,0.04,0.07,0.0,0.7706474,1.0,1.0,0.0919069,0.0,0.002228886,0.0,0.0,0.07907149,0.0
1.7326518e-05,0.0,0.22058824,0.0,4.1368454e-05,0.00021769383,0.0,0.0,0.0,0.0,0.0,0.0,0.0,0.0,0.0,0.0,0.0,0.0,0.0,0.0,0.0,0.0047852695,0.011647895,0.0039138943,0.0,0.0,0.0,0.0,1.0,0.0,0.0,0.76050985,1.0,1.0,0.09317627,0.0,0.009033307,0.0,0.0,0.07020065,0.0
0.0,0.0,0.04411765,0.1,0.0,0.0,0.0,0.0,0.0,0.027965277,0.0,0.0,0.0,0.0,0.0,0.0,0.00079282373,0.0076250434,0.0,0.0,0.0,0.044427425,0.013065018,0.0665362,0.24,0.24,0.76,0.76,1.0,0.0,0.0,0.8355037,1.0,1.0,0.11198301,0.0,0.006243333,0.0,0.0,0.084578454,0.0
0.0,0.0,0.22058824,0.5,0.0,0.0,0.0,0.0,0.0,0.0,0.0,0.0,0.0,0.0,0.0,0.0,0.0,0.0,0.0,0.0,0.0,0.0,0.017070398,0.0058708414,0.0,0.0,1.0,1.0,0.01,0.07,0.0,0.7674066,1.0,1.0,0.09093731,0.0,0.0020785183,0.0,0.0,0.078698665,0.0
0.0,0.0,0.04411765,0.1,0.0,0.0,0.0,0.0,0.0,0.0,0.0,0.0,0.0,0.0,0.0,0.0,0.0,0.0,0.0,0.0,0.0,0.0,0.023331985,0.0039138943,1.0,1.0,0.0,0.0,0.01,0.06,0.0,0.7732148,1.0,1.0,0.08737578,0.0,0.0,0.0,0.0,0.088635266,0.0
0.0,0.0,0.04411765,0.1,0.0,0.0,0.0,0.0,0.0,0.04898587,0.0,0.0,0.0,0.0,0.0,0.0,0.0023180023,0.022061676,0.0,0.0,0.0,0.065823585,0.013879597,0.09001957,1.0,1.0,0.0,0.0,1.0,0.0,0.0,0.8752785,1.0,1.0,0.12176373,0.0,0.004285842,0.0,0.0,0.09716934,0.0
0.0,0.0,0.7794118,0.5,0.0,0.0,0.0,0.0,0.0,0.0,0.0,0.0,0.0,0.0,0.0,0.0,0.0,0.0,0.0,0.0,0.0,0.00044575334,0.017134234,0.0039138943,0.0,0.0,1.0,1.0,0.01,0.08,0.0,0.76820326,1.0,1.0,0.091059275,0.0,0.0021585673,0.0,0.0,0.07885718,0.0
0.13233994,0.0,0.13235295,0.0,0.0,3.2691223e-05,0.0,0.0,0.0,0.0,0.0,0.0,0.0,0.0,0.0,0.0,0.0,0.0,0.0,0.0,0.0,0.0,0.019352607,0.0019569471,0.0,0.0,0.0,0.0,1.0,0.0,0.0,0.7520484,1.0,1.0,0.084286295,0.0,0.002355367,0.0,0.0,0.081270516,0.0
0.0,0.0,0.029411765,0.2,0.0,0.0,0.0,0.0,0.0,0.0,0.0,0.0,0.0,0.0,0.0,0.0,0.0,0.0,0.0,0.0,0.0,0.0033080876,0.016802438,0.025440313,0.0,0.0,1.0,1.0,0.05,0.06,0.0,0.7730148,1.0,1.0,0.092659615,0.0,0.0021052063,0.0,0.0,0.079708606,0.0
0.0,0.0,0.04411765,0.0,0.0008681168,0.0061771553,0.0,0.0,0.0,0.0,0.0,0.0,0.0,0.0,0.0,0.0,0.0,0.0,0.0,0.0,0.0,0.009757638,0.010621913,0.011741683,0.0,0.0,0.0,0.0,1.0,0.0,0.5,0.7684829,1.0,1.0,0.09634065,0.0,0.009773195,0.0,0.0,0.06676704,0.0
0.0,0.0,0.029411765,0.2,0.0,0.0,0.0,0.0,0.0,0.0,0.0,0.0,0.0,0.0,0.0,0.0,0.0,0.0,0.0,0.0,0.0,0.0,0.017026678,0.0039138943,0.0,0.0,1.0,1.0,0.01,0.06,0.0,0.76769364,1.0,1.0,0.09109073,0.0,0.001897499,0.0,0.0,0.078938425,0.0
0.0,0.0,0.029411765,0.2,0.0,0.0,0.0,0.0,0.0,0.0,0.0,0.0,0.0,0.0,0.0,0.0,0.0,0.0,0.0,0.0,0.0,0.002236575,0.016843647,0.02739726,0.0,0.0,1.0,1.0,0.06,0.05,0.0,0.77085423,1.0,1.0,0.09202143,0.0,0.0023400337,0.0,0.0,0.07889217,0.0
0.0,0.0,0.029411765,0.2,0.0,0.0,0.0,0.0,0.0,0.0,0.0,0.0,0.0,0.0,0.0,0.0,0.0,0.0,0.0,0.0,0.0,0.00023955107,0.017049834,0.011741683,0.0,0.0,1.0,1.0,0.03,0.07,0.0,0.7676394,1.0,1.0,0.090986155,0.0,0.0022719353,0.0,0.0,0.07845795,0.0
0.0,0.0,0.32352942,0.1,0.0,0.0,0.0,0.0,0.0,0.0,0.0,0.0,0.0,0.0,0.0,0.0,0.0,0.0,0.0,0.0,0.0,0.0,0.023547456,0.007827789,1.0,1.0,0.0,0.0,0.03,0.09,0.0,0.77286875,1.0,1.0,0.08695065,0.0,0.0,0.0,0.0,0.08800903,0.0
0.013722602,0.0,0.04411765,0.3,0.0009102015,0.0,0.0,0.0,0.0,0.04266849,0.0,0.0,0.0,0.0,0.0,7.070601e-05,0.0035545826,0.02280575,0.0,0.0,0.0,0.06431198,0.009067275,0.045009784,0.0,0.0,1.0,1.0,1.0,0.0,0.0,0.8625945,1.0,1.0,0.12259706,0.0,0.00930272,0.0,0.0,0.08377743,0.0
0.0,0.0,0.029411765,0.1,0.0,0.0,0.0,0.0,0.0,0.0,0.0,0.0,0.0,0.0,0.0,0.0,0.0,0.0,0.0,0.0,0.0,0.0,0.023510613,0.009784736,1.0,1.0,0.0,0.0,0.03,0.11,0.0,0.77392936,1.0,1.0,0.08726402,0.0,0.0,0.0,0.0,0.08828843,0.0
0.0,0.0,0.25,0.5,0.0,0.0,0.0,0.0,0.0,0.0,0.0,0.0,0.0,0.0,0.0,0.0,0.0,0.0,0.0,0.0,0.0,0.0,0.017347813,0.0039138943,0.0,0.0,1.0,1.0,0.02,0.07,0.0,0.7605785,1.0,1.0,0.08874451,0.0,0.0029545128,0.0,0.0,0.076012075,0.0
0.0,0.0,0.029411765,0.1,0.0,0.0,0.0,0.0,0.0,0.0,0.0,0.0,0.0,0.0,0.0,0.0,0.0,0.0,0.0,0.0,0.0,0.0,0.023155965,0.021526419,1.0,1.0,0.0,0.0,0.04,0.07,0.0,0.778998,1.0,1.0,0.08903403,0.0,0.0,0.0,0.0,0.08986062,0.0
0.0,0.0,0.029411765,0.1,0.0,0.0,0.0,0.0,0.0,0.0,0.0,0.0,0.0,0.0,0.0,0.0,0.0,0.0,0.0,0.0,0.0,0.0,0.023673132,0.0019569471,1.0,1.0,0.0,0.0,0.01,0.09,0.0,0.76957965,1.0,1.0,0.08595037,0.0,0.0,0.0,0.0,0.087246776,0.0
0.0,0.0,0.30882353,0.2,0.0,0.0,0.0,0.0,0.0,0.0,0.0,0.0,0.0,0.0,0.0,0.0,0.0,0.0,0.0,0.0,0.0,0.0,0.017094068,0.009784736,0.0,0.0,1.0,1.0,0.03,0.06,0.0,0.766942,1.0,1.0,0.09074848,0.0,0.0023493916,0.0,0.0,0.07819587,0.0
0.0,0.0,0.13235295,0.8,0.0,3.2691223e-05,0.0,0.0,0.0,0.0,0.0,0.0,0.0,0.0,0.0,0.0,0.0,0.0,0.0,0.0,0.0,0.0,0.027379632,0.0019569471,1.0,1.0,0.0,0.0,1.0,0.0,0.0,0.6692604,0.96123385,1.0,0.05373179,0.0,0.006233394,0.0,0.0,0.06484026,0.0
0.0,1.0,0.36764705,0.0,1.6426413e-05,0.0,0.0,0.0,0.0,0.0,0.0,0.0,0.0,0.0,0.0,0.0,0.0,0.0,0.0,0.0,0.0,0.012398064,0.014336452,0.23483366,0.0,0.0,0.0,0.0,1.0,0.0,0.02,0.778581,1.0,1.0,0.096243195,0.0,0.004665956,0.0,0.0,0.08325252,0.0
0.0,0.0,0.029411765,0.2,0.0,0.0,0.0,0.0,0.0,0.0,0.0,0.0,0.0,0.0,0.0,0.0,0.0,0.0,0.0,0.0,0.0,0.0041558444,0.0167211,0.025440313,0.0,0.0,1.0,1.0,0.05,0.06,0.0,0.77481735,1.0,1.0,0.09325402,0.0,0.0018374324,0.0,0.0,0.08044991,0.0
0.0,0.0,0.029411765,0.2,0.0,0.0,0.0,0.0,0.0,0.0,0.0,0.0,0.0,0.0,0.0,0.0,0.0,0.0,0.0,0.0,0.0,0.0,0.017297894,0.011741683,0.0,0.0,1.0,1.0,0.06,0.07,0.0,0.7611767,1.0,1.0,0.0889216,0.0,0.0031197965,0.0,0.0,0.07589683,0.0
0.0,0.0,0.63235295,0.1,0.0,0.0,0.0,0.0,0.0,0.0,0.0,0.0,0.0,0.0,0.0,0.0,0.0,0.0,0.0,0.0,0.0,0.0,0.02369757,0.011741683,1.0,1.0,0.0,0.0,0.14,0.19,0.0,0.7743635,1.0,1.0,0.0870805,0.0,0.0,0.0,0.0,0.08796039,0.0
0.0,0.0,0.04411765,0.0,0.0008681168,0.0061771553,0.0,0.0,0.0,0.0,0.0,0.0,0.0,0.0,0.0,0.0,0.0,0.0,0.0,0.0,0.0,0.0063509047,0.010803483,0.031311154,0.0,0.0,0.0,0.0,1.0,0.0,0.12,0.7626262,1.0,1.0,0.094619624,0.0,0.00976561,0.0,0.0,0.06600928,0.0
0.0,1.0,0.36764705,0.0,8.276875e-06,0.0,0.0,0.0,0.0,0.0,0.0,0.0,0.0,0.0,0.0,0.0,0.0,0.0,0.0,0.0,0.0,0.0,0.020896852,0.99804306,0.0,0.0,0.0,0.0,1.0,0.0,0.0,0.70667243,1.0,1.0,0.07156884,0.0,0.0024934262,0.0,0.0,0.06757933,0.0
0.0,0.0,0.7205882,0.2,0.0,0.0,0.0,0.0,0.0,0.0,0.0,0.0,0.0,0.0,0.0,0.0,0.0,0.0,0.0,0.0,0.0,0.0016632378,0.016932093,0.015655577,0.0,0.0,1.0,1.0,0.03,0.07,0.0,0.7703055,1.0,1.0,0.091829784,0.0,0.0020777732,0.0,0.0,0.07924268,0.0
0.0,0.0,0.6911765,0.2,0.0,0.0,0.0,0.0,0.0,0.0,0.0,0.0,0.0,0.0,0.0,0.0,0.0,0.0,0.0,0.0,0.0,0.00040340424,0.017038494,0.031311154,0.0,0.0,1.0,1.0,0.15,0.08,0.0,0.7665951,1.0,1.0,0.09058138,0.0,0.0031747222,0.0,0.0,0.07682863,0.0
0.0,1.0,0.36764705,0.0,1.6426413e-05,0.0,0.0,0.0,0.0,0.0013669431,0.0,0.0,0.0,0.0,0.0,0.0,0.0,0.0,0.0,0.0,0.0,0.013777077,0.014511958,0.37573385,0.0,0.0,0.0,0.0,1.0,0.0,0.0,0.78143513,1.0,1.0,0.09684301,0.0,0.004358396,0.0,0.0,0.08464047,0.0
0.0,1.0,0.36764705,0.0,1.6044403e-05,0.0,0.0,0.0,0.0,0.0010915399,0.0,0.0,0.0,0.0,0.0,0.0,0.0,0.0,0.0,0.0,0.0,0.013531476,0.014480725,0.35029355,0.0,0.0,0.0,0.0,1.0,0.0,0.0,0.7809268,1.0,1.0,0.096736155,0.0,0.0044131875,0.0,0.0,0.08439335,0.0
0.0,0.0,0.0882353,0.2,0.0,0.0,0.0,0.0,0.0,0.0,0.0,0.0,0.0,0.0,0.0,0.0,0.0,0.0,0.0,0.0,0.0,0.0,0.017375626,0.0039138943,0.0,0.0,1.0,1.0,0.02,0.07,0.0,0.75996196,1.0,1.0,0.0885412,0.0,0.00304614,0.0,0.0,0.07575843,0.0
0.0,0.0,0.029411765,0.2,0.0,0.0,0.0,0.0,0.0,0.0,0.0,0.0,0.0,0.0,0.0,0.0,0.0,0.0,0.0,0.0,0.0,0.004432142,0.01668211,0.031311154,0.04,0.0,0.96,1.0,0.06,0.06,0.0,0.77519155,1.0,1.0,0.09338524,0.0,0.0018951148,0.0,0.0,0.08037272,0.0
0.0,0.0,0.13235295,0.5,0.0,0.0,0.0,0.0,0.0,0.0,0.0,0.0,0.0,0.0,0.0,0.0,0.0,0.0,0.0,0.0,0.0,0.0051962435,0.016659267,0.0332681,0.0,0.0,1.0,1.0,0.06,0.06,0.0,0.77630746,1.0,1.0,0.09367416,0.0,0.0020198077,0.0,0.0,0.08043915,0.0
0.0,1.0,0.36764705,0.0,1.6426413e-05,0.0,0.0,0.0,0.0,0.0,0.0,0.0,0.0,0.0,0.0,0.0,0.0,0.0,0.0,0.0,0.0,0.0,0.01919178,0.99804306,0.0,0.0,0.0,0.0,1.0,0.0,0.0,0.7455553,1.0,1.0,0.08315026,0.0,0.0020788908,0.0,0.0,0.079524904,0.0
0.035952527,0.0,0.04411765,0.3,0.001155006,0.0,0.0,0.0,0.0,0.0,0.0,0.0,0.0,0.0,0.0,0.0,0.0,0.0,0.0,0.0,0.0,0.004462898,0.011117235,0.017612524,0.0,0.0,1.0,1.0,1.0,0.0,0.0,0.7595531,1.0,1.0,0.0934967,0.0,0.009691492,0.0,0.0,0.06601179,0.0
0.0,0.0,0.7205882,0.2,0.0,0.0,0.0,0.0,0.0,0.0,0.0,0.0,0.0,0.0,0.0,0.0,0.0,0.0,0.0,0.0,0.0,0.0010929108,0.0169821,0.029354207,0.0,0.0,1.0,1.0,0.11,0.06,0.0,0.7681272,1.0,1.0,0.09107887,0.0,0.0029210001,0.0,0.0,0.077483445,0.0
0.036021832,0.0,0.04411765,0.3,0.0011574253,0.0,0.0,0.0,0.0,0.0,0.0,0.0,0.0,0.0,0.0,0.0,0.0,0.0,0.0,0.0,0.0,0.013916224,0.010768279,0.019569471,0.0,0.0,1.0,1.0,1.0,0.0,0.0,0.77582633,1.0,1.0,0.09811916,0.0,0.009650394,0.0,0.0,0.068663836,0.0
0.0,0.0,0.029411765,0.2,0.0,0.0,0.0,0.0,0.0,0.0,0.0,0.0,0.0,0.0,0.0,0.0,0.0,0.0,0.0,0.0,0.0,0.0015614033,0.016936563,0.037181996,0.0,0.0,1.0,1.0,0.16,0.07,0.0,0.7686304,1.0,1.0,0.09122457,0.0,0.0031003356,0.0,0.0,0.07732922,0.0
0.0,0.0,0.6911765,0.2,0.0,0.0,0.0,0.0,0.0,0.0,0.0,0.0,0.0,0.0,0.0,0.0,0.0,0.0,0.0,0.0,0.0,0.0,0.017331138,0.0019569471,0.0,0.0,1.0,1.0,0.01,0.06,0.0,0.7596414,1.0,1.0,0.08854533,0.0,0.00280568,0.0,0.0,0.076010734,0.0
0.0,0.0,0.47058824,0.2,0.0,0.0,0.0,0.0,0.0,0.0,0.0,0.0,0.0,0.0,0.0,0.0,0.0,0.0,0.0,0.0,0.0,0.006000161,0.016643055,0.039138943,0.0,0.0,1.0,1.0,0.08,0.07,0.0,0.77740586,1.0,1.0,0.09394195,0.0,0.002196923,0.0,0.0,0.08045745,0.0
0.0,0.0,0.029411765,0.1,0.0,0.0,0.0,0.0,0.0,0.0,0.0,0.0,0.0,0.0,0.0,0.0,0.0,0.0,0.0,0.0,0.0,0.0,0.023192823,0.017612524,1.0,1.0,0.0,0.0,0.04,0.07,0.0,0.777979,1.0,1.0,0.08873897,0.0,0.0,0.0,0.0,0.08960366,0.0
0.0,0.0,0.029411765,0.1,0.0,0.0,0.0,0.0,0.0,0.0,0.0,0.0,0.0,0.0,0.0,0.0,0.0,0.0,0.0,0.0,0.0,0.0,0.02353824,0.021526419,1.0,1.0,0.0,0.0,0.08,0.07,0.0,0.7726059,1.0,1.0,0.08685338,0.0,0.0,0.0,0.0,0.08774772,0.0
0.0,0.0,0.029411765,0.2,0.0,0.0,0.0,0.0,0.0,0.0,0.0,0.0,0.0,0.0,0.0,0.0,0.0,0.0,0.0,0.0,0.0,0.00057309866,0.016999096,0.0332681,0.0,0.0,1.0,1.0,0.15,0.05,0.0,0.7668445,1.0,1.0,0.09068685,0.0,0.0032012016,0.0,0.0,0.07674107,0.0
0.0,0.0,0.029411765,0.2,0.0,0.0,0.0,0.0,0.0,0.0,0.0,0.0,0.0,0.0,0.0,0.0,0.0,0.0,0.0,0.0,0.0,0.0017241538,0.016955055,0.017612524,0.0,0.0,1.0,1.0,0.04,0.06,0.0,0.77013993,1.0,1.0,0.09173178,0.0,0.002278179,0.0,0.0,0.07888743,0.0
0.0,0.0,0.20588236,0.2,0.0,0.0,0.0,0.0,0.0,0.0,0.0,0.0,0.0,0.0,0.0,0.0,0.0,0.0,0.0,0.0,0.0,0.0,0.017166018,0.0039138943,0.0,0.0,1.0,1.0,0.01,0.07,0.0,0.7655709,1.0,1.0,0.090324245,0.0,0.0023251325,0.0,0.0,0.07796845,0.0
0.0,0.0,0.13235295,0.8,0.0,3.2691223e-05,0.0,0.0,0.0,0.0,0.0,0.0,0.0,0.0,0.0,0.0,0.0,0.0,0.0,0.0,0.0,0.0,0.019836321,0.0019569471,1.0,1.0,0.0,0.0,1.0,0.0,0.0,0.7458874,1.0,1.0,0.08229845,0.0,0.0019548386,0.0,0.0,0.080052614,0.0
0.13965173,0.0,0.13235295,0.0,0.0,1.1144735e-05,0.0,0.0,0.0,0.0,0.0,0.0,0.0,0.0,0.0,0.0,0.0,0.0,0.0,0.0,0.0,0.0,0.021007523,0.0019569471,0.0,0.0,0.0,0.0,1.0,0.0,0.0,0.729761,1.0,1.0,0.077134036,0.0,0.0011799484,0.0,0.0,0.076708555,0.0
0.0,0.0,0.20588236,0.1,0.0,0.0,0.0,0.0,0.0,0.0,0.0,0.0,0.0,0.0,0.0,0.0,0.0,0.0,0.0,0.0,0.0,0.0,0.023213081,0.031311154,1.0,1.0,0.0,0.0,0.09,0.09,0.0,0.7803261,1.0,1.0,0.08924977,0.0,0.0,0.0,0.0,0.08980596,0.0
0.0,0.0,0.22058824,0.5,0.0,0.0,0.0,0.0,0.0,0.0,0.0,0.0,0.0,0.0,0.0,0.0,0.0,0.0,0.0,0.0,0.0,0.0044688582,0.016752094,0.031311154,0.0,0.0,1.0,1.0,0.07,0.07,0.0,0.7748722,1.0,1.0,0.09317767,0.0,0.0021695346,0.0,0.0,0.080038965,0.0
0.0,0.0,0.2647059,0.2,0.0,0.0,0.0,0.0,0.0,0.0,0.0,0.0,0.0,0.0,0.0,0.0,0.0,0.0,0.0,0.0,0.0,0.0,0.017314278,0.0058708414,0.0,0.0,1.0,1.0,0.02,0.07,0.0,0.7610388,1.0,1.0,0.088903956,0.0,0.002912283,0.0,0.0,0.07617661,0.0
0.0,0.0,0.14705883,0.1,0.0,0.0,0.0,0.0,0.0,0.0,0.0,0.0,0.0,0.0,0.0,0.0,0.0,0.0,0.0,0.0,0.0,0.0,0.023582406,0.023483366,1.0,1.0,0.0,0.0,0.38,0.06,0.0,0.74391043,1.0,1.0,0.07899734,0.0,0.0,0.0,0.0,0.08095175,0.0
0.0,0.0,0.25,0.5,0.0,0.0,0.0,0.0,0.0,0.0,0.0,0.0,0.0,0.0,0.0,0.0,0.0,0.0,0.0,0.0,0.0,0.0,0.017098844,0.023483366,0.0,0.0,1.0,1.0,0.1,0.06,0.0,0.76479936,1.0,1.0,0.09007593,0.0,0.0030750632,0.0,0.0,0.07654831,0.0
0.0,0.0,0.029411765,0.1,0.0,0.0,0.0,0.0,0.0,0.0,0.0,0.0,0.0,0.0,0.0,0.0,0.0,0.0,0.0,0.0,0.0,0.0,0.023553088,0.019569471,1.0,1.0,0.0,0.0,0.08,0.06,0.0,0.7724459,1.0,1.0,0.086798795,0.0,0.0,0.0,0.0,0.087697536,0.0
0.0,0.0,0.029411765,0.2,0.0,0.0,0.0,0.0,0.0,0.0,0.0,0.0,0.0,0.0,0.0,0.0,0.0,0.0,0.0,0.0,0.0,0.0037186146,0.016883798,0.025440313,0.04,0.0,0.96,1.0,0.05,0.07,0.0,0.7740071,1.0,1.0,0.09286363,0.0,0.001947999,0.0,0.0,0.080150366,0.0
0.0,0.0,0.7205882,0.1,0.0,0.0,0.0,0.0,0.0,0.0,0.0,0.0,0.0,0.0,0.0,0.0,0.0,0.0,0.0,0.0,0.0,0.0,0.023559332,0.009784736,1.0,1.0,0.0,0.0,0.04,0.09,0.0,0.7726662,1.0,1.0,0.086874,0.0,0.0,0.0,0.0,0.08792862,0.0
0.0,0.0,0.60294116,0.5,0.0,0.0,0.0,0.0,0.0,0.0,0.0,0.0,0.0,0.0,0.0,0.0,0.0,0.0,0.0,0.0,0.0,0.0,0.017079607,0.011741683,0.0,0.0,1.0,1.0,0.03,0.06,0.0,0.7660148,1.0,1.0,0.09051698,0.0,0.0024010092,0.0,0.0,0.07788676,0.0
0.0,0.0,0.4852941,0.2,0.0,0.0,0.0,0.0,0.0,0.0,0.0,0.0,0.0,0.0,0.0,0.0,0.0,0.0,0.0,0.0,0.0,0.0051529408,0.016591936,0.037181996,0.0,0.0,1.0,1.0,0.07,0.06,0.0,0.7762672,1.0,1.0,0.09374287,0.0,0.001965776,0.0,0.0,0.080470204,0.0
0.013930521,0.0,0.04411765,0.3,0.0009226168,0.0,0.0,0.0,0.0,0.027242899,0.0,0.0,0.0,0.0,0.0,0.0,0.0017915368,0.008855045,0.0,0.0,0.0,0.046806127,0.00955677,0.14285715,0.03,0.03,0.97,0.97,1.0,0.0,0.0,0.8325337,1.0,1.0,0.11422714,0.0,0.009196341,0.0,0.0,0.07941908,0.0
0.0,0.0,0.13235295,0.8,0.0,3.2691223e-05,0.0,0.0,0.0,0.0,0.0,0.0,0.0,0.0,0.0,0.0,0.0,0.0,0.0,0.0,0.0,0.0,0.019848093,0.0019569471,1.0,1.0,0.0,0.0,1.0,0.0,0.0,0.74381936,1.0,1.0,0.08174472,0.0,0.001981631,0.0,0.0,0.07960299,0.0
0.0,0.0,0.029411765,0.5,0.0,0.0,0.0,0.0,0.0,0.0,0.0,0.0,0.0,0.0,0.0,0.0,0.0,0.0,0.0,0.0,0.0,0.0016020238,0.016952239,0.0332681,0.0,0.0,1.0,1.0,0.13,0.07,0.0,0.76884866,1.0,1.0,0.09128114,0.0,0.003015682,0.0,0.0,0.077468425,0.0
0.0,0.0,0.11764706,0.2,0.0,0.0,0.0,0.0,0.0,0.0,0.0,0.0,0.0,0.0,0.0,0.0,0.0,0.0,0.0,0.0,0.0,0.0022121966,0.016856387,0.017612524,0.0,0.0,1.0,1.0,0.03,0.06,0.0,0.77136135,1.0,1.0,0.09220108,0.0,0.001984477,0.0,0.0,0.07948673,0.0
1.7326518e-05,0.0,0.22058824,0.0,4.1368454e-05,0.00021769383,0.0,0.0,0.0,0.0,0.0,0.0,0.0,0.0,0.0,0.0,0.0,0.0,0.0,0.0,0.0,0.002149433,0.01100868,0.0058708414,0.0,0.0,0.25,0.0,0.75,0.5,0.0,0.7555157,1.0,1.0,0.092538975,0.0,0.009691626,0.0,0.0,0.06529781,0.0
0.0,0.0,0.029411765,0.2,0.0,0.0,0.0,0.0,0.0,0.0,0.0,0.0,0.0,0.0,0.0,0.0,0.0,0.0,0.0,0.0,0.0,0.0018842816,0.016920693,0.01369863,0.0,0.0,1.0,1.0,0.03,0.07,0.0,0.7708415,1.0,1.0,0.09199875,0.0,0.0019720346,0.0,0.0,0.07948783,0.0
0.0,1.0,0.36764705,0.0,1.6044403e-05,0.0,0.0,0.0,0.0,0.006297976,0.0,0.0,0.0,0.0,0.0,0.0,0.0,0.0,0.0,0.0,0.0,0.017868549,0.0149800405,0.80626225,0.0,0.0,0.0,0.0,1.0,0.0,0.0,0.79068995,1.0,1.0,0.09897622,0.0,0.0031477064,0.0,0.0,0.08828524,0.0
0.0,1.0,0.36764705,0.0,1.6044403e-05,0.0,0.0,0.0,0.0,0.0059907734,0.0,0.0,0.0,0.0,0.0,0.0,0.0,0.0,0.0,0.0,0.0,0.017630577,0.014955945,0.7808219,0.0,0.0,0.0,0.0,1.0,0.0,0.0,0.79010487,1.0,1.0,0.09883111,0.0,0.0032358468,0.0,0.0,0.08810133,0.0
0.0,1.0,0.36764705,0.0,1.6426413e-05,0.0,0.0,0.0,0.0,0.0,0.0,0.0,0.0,0.0,0.0,0.0,0.0,0.0,0.0,0.0,0.0,0.010924876,0.014020085,0.04109589,0.0,0.0,0.0,0.0,1.0,0.0,0.0,0.7753992,1.0,1.0,0.09568497,0.0,0.0050827563,0.0,0.0,0.081418514,0.0
0.0,0.0,0.04411765,0.0,0.0008681168,0.0061771553,0.0,0.0,0.0,0.0,0.0,0.0,0.0,0.0,0.0,0.0,0.0,0.0,0.0,0.0,0.0,0.007190734,0.01067321,0.023483366,0.0,0.0,0.0,0.0,1.0,0.0,0.25,0.763993,1.0,1.0,0.09510969,0.0,0.009835571,0.0,0.0,0.06581959,0.0
0.013947847,0.0,0.04411765,0.3,0.0009923336,0.0,0.0,0.0,0.0,0.002635926,0.0,0.0,0.0,0.0,0.0,0.0,0.0,0.0,0.0,0.0,0.0,0.019609004,0.010326609,0.06849315,0.0,0.0,1.0,1.0,1.0,0.0,0.0,0.7855005,1.0,1.0,0.10110197,0.0,0.009611145,0.0,0.0,0.07021302,0.0
0.0,0.0,0.04411765,0.2,0.0,0.0,0.0,0.0,0.0,0.0,0.0,0.0,0.0,0.0,0.0,0.0,0.0,0.0,0.0,0.0,0.0,0.0046872497,0.016688451,0.039138943,0.0,0.0,1.0,0.95,0.08,0.07,0.1,0.7750932,1.0,1.0,0.09328922,0.0,0.0022524446,0.0,0.0,0.07989028,0.0
0.0,0.0,0.0,0.1,0.0,0.0,0.0,0.0,0.0,0.0,0.0,0.0,0.0,0.0,0.0,0.0,0.0,0.0,0.0,0.0,0.0,0.0,0.022926576,0.007827789,1.0,1.0,0.0,0.0,0.17,0.08,0.0,0.7189007,1.0,1.0,0.07280799,0.0,0.0,0.0,0.0,0.07466665,0.0
0.0,0.0,0.04411765,0.0,0.0008681168,0.0061771553,0.0,0.0,0.0,0.0,0.0,0.0,0.0,0.0,0.0,0.0,0.0,0.0,0.0,0.0,0.0,0.009073257,0.010654479,0.007827789,0.0,0.0,0.0,0.0,1.0,0.0,0.0,0.7672883,1.0,1.0,0.09599263,0.0,0.009773657,0.0,0.0,0.06663838,0.0
0.12880534,0.0,0.13235295,0.0,0.0,3.2691223e-05,0.0,0.0,0.0,0.019739836,0.0,0.0,0.0,0.0,0.0,0.0,0.0,0.0,0.0,0.0,0.0,0.029058546,0.018383637,0.0019569471,0.0,0.0,0.0,0.0,1.0,0.0,0.0,0.81932855,1.0,1.0,0.10301531,0.0,0.00093235075,0.0,0.0,0.09525603,0.0
0.0,0.0,0.029411765,0.2,0.0,0.0,0.0,0.0,0.0,0.0,0.0,0.0,0.0,0.0,0.0,0.0,0.0,0.0,0.0,0.0,0.0,0.0017301738,0.016925707,0.015655577,0.0,0.0,1.0,1.0,0.03,0.06,0.0,0.77044785,1.0,1.0,0.09187668,0.0,0.0020566434,0.0,0.0,0.07930118,0.0
0.0,0.0,0.7058824,0.1,0.0,0.0,0.0,0.0,0.0,0.0,0.0,0.0,0.0,0.0,0.0,0.0,0.0,0.0,0.0,0.0,0.0,0.0,0.023636997,0.0039138943,1.0,1.0,0.0,0.0,0.02,0.1,0.0,0.77088237,1.0,1.0,0.08632838,0.0,0.0,0.0,0.0,0.08750847,0.0
0.0,0.0,0.13235295,0.8,0.0,3.2691223e-05,0.0,0.0,0.0,0.0,0.0,0.0,0.0,0.0,0.0,0.0,0.0,0.0,0.0,0.0,0.0,0.0,0.022568807,0.0019569471,1.0,1.0,0.0,0.0,1.0,0.0,0.0,0.6911018,0.989221,1.0,0.06494131,0.0,0.0037933886,0.0,0.0,0.06757414,0.0
0.0,0.0,0.029411765,0.2,0.0,0.0,0.0,0.0,0.0,0.0,0.0,0.0,0.0,0.0,0.0,0.0,0.0,0.0,0.0,0.0,0.0,0.0039435625,0.01666595,0.03522505,0.0,0.0,1.0,1.0,0.07,0.05,0.0,0.77394533,1.0,1.0,0.09303605,0.0,0.0021723509,0.0,0.0,0.07963693,0.0
0.0,0.0,0.029411765,0.2,0.0,0.0,0.0,0.0,0.0,0.0,0.0,0.0,0.0,0.0,0.0,0.0,0.0,0.0,0.0,0.0,0.0,0.0,0.017238095,0.015655577,0.0,0.0,1.0,1.0,0.08,0.08,0.0,0.76256204,1.0,1.0,0.089342825,0.0,0.0031159073,0.0,0.0,0.07615474,0.0
0.014155765,0.0,0.04411765,0.3,0.00096909463,0.0,0.0,0.0,0.0,0.0019313097,0.0,0.0,0.0,0.0,0.0,0.0,0.0,0.0,0.0,0.0,0.0,0.018838167,0.010353334,0.064579256,0.0,0.0,1.0,1.0,1.0,0.0,0.0,0.78418064,1.0,1.0,0.100729994,0.0,0.009628758,0.0,0.0,0.06989342,0.0
0.0,0.0,0.029411765,0.2,0.0,0.0,0.0,0.0,0.0,0.0,0.0,0.0,0.0,0.0,0.0,0.0,0.0,0.0,0.0,0.0,0.0,0.003772527,0.016776882,0.029354207,0.0,0.0,1.0,1.0,0.06,0.07,0.0,0.7736412,1.0,1.0,0.09283059,0.0,0.0022140443,0.0,0.0,0.079654396,0.0
0.015715152,0.0,0.04411765,0.8,0.00096909463,0.0,0.0,0.0,0.0,0.0,0.0,0.0,0.0,0.0,0.0,0.0,0.0,0.0,0.0,0.0,0.0,0.0077803433,0.010656901,0.0332681,0.06,0.06,0.88,0.88,1.0,0.0,0.0,0.7650329,1.0,1.0,0.09539648,0.0,0.009816796,0.0,0.0,0.06606805,0.0
0.0,0.0,0.073529415,0.2,0.0,0.0,0.0,0.0,0.0,0.0,0.0,0.0,0.0,0.0,0.0,0.0,0.0,0.0,0.0,0.0,0.0,0.0,0.017104708,0.009784736,0.0,0.0,1.0,1.0,0.03,0.07,0.0,0.7667049,1.0,1.0,0.09067031,0.0,0.0023846775,0.0,0.0,0.0780983,0.0
0.0,1.0,0.36764705,0.0,8.276875e-06,0.0,0.0,0.0,0.0,0.0,0.0,0.0,0.0,0.0,0.0,0.0,0.0,0.0,0.0,0.0,0.0,0.0,0.020198785,0.9960861,0.0,0.0,0.0,0.0,1.0,0.0,0.0,0.71728647,1.0,1.0,0.075002454,0.0,0.0024863333,0.0,0.0,0.07018179,0.0
0.12509747,0.0,0.13235295,0.0,0.0,3.2691223e-05,0.0,0.0,0.0,0.0,0.0,0.0,0.0,0.0,0.0,0.0,0.0,0.0,0.0,0.0,0.0,0.0,0.017803945,0.0019569471,0.0,0.0,0.0,0.0,1.0,0.0,0.0,0.7637228,1.0,1.0,0.08866685,0.0,0.0036979914,0.0,0.0,0.080443025,0.0
0.0,0.0,0.29411766,0.2,0.0,0.0,0.0,0.0,0.0,0.0,0.0,0.0,0.0,0.0,0.0,0.0,0.0,0.0,0.0,0.0,0.0,0.0031741858,0.01681529,0.025440313,0.0,0.0,1.0,1.0,0.05,0.07,0.0,0.77273023,1.0,1.0,0.09256578,0.0,0.0021474808,0.0,0.0,0.07959148,0.0
0.0,0.0,0.19117647,0.1,0.0,0.0,0.0,0.0,0.0,0.0,0.0,0.0,0.0,0.0,0.0,0.0,0.0,0.0,0.0,0.0,0.0,0.0,0.023642614,0.01369863,1.0,1.0,0.0,0.0,0.06,0.08,0.0,0.770501,1.0,1.0,0.086194806,0.0,0.0,0.0,0.0,0.0872193,0.0
1.7326518e-05,0.0,0.22058824,0.0,4.1368454e-05,0.00021769383,0.0,0.0,0.0,0.0,0.0,0.0,0.0,0.0,0.0,0.0,0.0,0.0,0.0,0.0,0.0,0.0025529563,0.0110235065,0.0039138943,0.0,0.0,0.0,0.0,1.0,0.0,0.0,0.7562746,1.0,1.0,0.09272414,0.0,0.009652212,0.0,0.0,0.065555036,0.0
0.0,0.0,0.6911765,0.2,0.0,0.0,0.0,0.0,0.0,0.0,0.0,0.0,0.0,0.0,0.0,0.0,0.0,0.0,0.0,0.0,0.0,0.0011530817,0.016943485,0.0332681,0.0,0.0,1.0,1.0,0.12,0.06,0.0,0.76807785,1.0,1.0,0.09109349,0.0,0.003017947,0.0,0.0,0.077248305,0.0
0.0,0.0,0.5,0.1,0.0,0.0,0.0,0.0,0.0,0.00013524294,0.0,0.0,0.0,0.0,0.0,0.0,0.0,0.0,0.0,0.0,0.0,0.00061154366,0.022956334,0.039138943,1.0,1.0,0.0,0.0,0.08,0.06,0.0,0.7841487,1.0,1.0,0.09057497,0.0,0.0,0.0,0.0,0.09094387,0.0
0.0,0.0,0.029411765,0.2,0.0,0.0,0.0,0.0,0.0,0.0,0.0,0.0,0.0,0.0,0.0,0.0,0.0,0.0,0.0,0.0,0.0,0.0008350611,0.016960382,0.007827789,0.0,0.0,1.0,1.0,0.01,0.06,0.0,0.7692213,1.0,1.0,0.091558896,0.0,0.001872465,0.0,0.0,0.079254955,0.0
0.0,1.0,0.36764705,0.0,1.6044403e-05,0.0,0.0,0.0,0.0,0.0,0.0,0.0,0.0,0.0,0.0,0.0,0.0,0.0,0.0,0.0,0.0,0.012095869,0.014297977,0.20156556,0.0,0.0,0.0,0.0,1.0,0.0,0.0,0.77795553,1.0,1.0,0.09611174,0.0,0.004733324,0.0,0.0,0.0829483,0.0
0.0,0.0,0.029411765,0.2,0.0,0.0,0.0,0.0,0.0,0.0,0.0,0.0,0.0,0.0,0.0,0.0,0.0,0.0,0.0,0.0,0.0,0.00045582652,0.016996786,0.007827789,0.0,0.0,1.0,1.0,0.02,0.06,0.0,0.768415,1.0,1.0,0.091293,0.0,0.0019923002,0.0,0.0,0.078923315,0.0
0.035900544,0.0,0.04411765,0.3,0.0008993779,0.0,0.0,0.0,0.0,0.009481341,0.0,0.0,0.0,0.0,0.0,0.0,0.0,0.0,0.0,0.0,0.0,0.027217776,0.010421582,0.019569471,0.1,0.1,0.9,0.9,1.0,0.0,0.0,0.79883635,1.0,1.0,0.104508586,0.0,0.009484917,0.0,0.0,0.07300848,0.0
0.0,0.0,0.04411765,0.0,0.0008681168,0.0061771553,0.0,0.0,0.0,0.0,0.0,0.0,0.0,0.0,0.0,0.0,0.0,0.0,0.0,0.0,0.0,0.0019326806,0.010893971,0.007827789,0.0,0.0,0.0,0.0,1.0,0.0,0.0,0.7549914,1.0,1.0,0.09252495,0.0,0.0098121315,0.0,0.0,0.064560354,0.0
0.0,0.0,0.029411765,0.2,0.0,0.0,0.0,0.0,0.0,0.0,0.0,0.0,0.0,0.0,0.0,0.0,0.0,0.0,0.0,0.0,0.0,3.7550926e-06,0.017068237,0.017612524,0.0,0.0,1.0,1.0,0.05,0.07,0.0,0.76666546,1.0,1.0,0.09065261,0.0,0.0026821047,0.0,0.0,0.07755539,0.0
0.0,0.0,0.029411765,0.2,0.0,0.0,0.0,0.0,0.0,0.0,0.0,0.0,0.0,0.0,0.0,0.0,0.0,0.0,0.0,0.0,0.0,0.0042363405,0.016689673,0.03522505,0.0,0.0,1.0,1.0,0.07,0.07,0.0,0.77438414,1.0,1.0,0.09311419,0.0,0.0022194237,0.0,0.0,0.07972041,0.0
0.0,0.0,0.029411765,0.2,0.0,0.0,0.0,0.0,0.0,0.0,0.0,0.0,0.0,0.0,0.0,0.0,0.0,0.0,0.0,0.0,0.0,0.0,0.017148308,0.019569471,0.0,0.0,1.0,1.0,0.08,0.07,0.0,0.7646115,1.0,1.0,0.08998305,0.0,0.0030132532,0.0,0.0,0.076685935,0.0
0.0,1.0,0.36764705,0.0,1.6426413e-05,0.0,0.0,0.0,0.0,0.0,0.0,0.0,0.0,0.0,0.0,0.0,0.0,0.0,0.0,0.0,0.0,0.0,0.021174893,0.99804306,0.0,0.0,0.0,0.0,1.0,0.0,0.0,0.7206334,1.0,1.0,0.07467406,0.0,0.0019255131,0.0,0.0,0.07436666,0.0
0.0,0.0,0.47058824,0.1,0.0,0.0,0.0,0.0,0.0,0.0,0.0,0.0,0.0,0.0,0.0,0.0,0.0,0.0,0.0,0.0,0.0,0.0,0.023634084,0.0039138943,1.0,1.0,0.0,0.0,0.02,0.1,0.0,0.77092266,1.0,1.0,0.08634297,0.0,0.0,0.0,0.0,0.08752298,0.0
0.0,0.0,0.04411765,0.1,0.0,0.0,0.0,0.0,0.0,0.056672424,0.0,0.0,0.0,0.0,0.0,0.0,0.002132982,0.024387598,0.0,0.0,0.0,0.07083216,0.016594708,0.1780822,1.0,1.0,0.0,0.0,1.0,0.0,0.0,0.89006865,1.0,1.0,0.12334385,0.0,0.0010349452,0.0,0.0,0.10716322,0.0
0.0,0.0,0.029411765,0.2,0.0,0.0,0.0,0.0,0.0,0.0,0.0,0.0,0.0,0.0,0.0,0.0,0.0,0.0,0.0,0.0,0.0,0.0016083717,0.017375745,0.031311154,0.0,0.0,1.0,1.0,0.13,0.07,0.0,0.7696048,1.0,1.0,0.09111182,0.0,0.0026908666,0.0,0.0,0.07819256,0.0
0.0,0.0,0.04411765,0.0,0.0008681168,0.0061771553,0.0,0.0,0.0,0.0,0.0,0.0,0.0,0.0,0.0,0.0,0.0,0.0,0.0,0.0,0.0,0.0014454424,0.010923035,0.0039138943,0.0,0.0,0.0,0.0,1.0,0.0,0.0,0.7541543,1.0,1.0,0.092275195,0.0,0.009815633,0.0,0.0,0.064436436,0.0
0.0,0.0,0.32352942,0.5,0.0,0.0,0.0,0.0,0.0,0.0,0.0,0.0,0.0,0.0,0.0,0.0,0.0,0.0,0.0,0.0,0.0,0.002705723,0.016860224,0.025440313,0.0,0.0,1.0,1.0,0.06,0.06,0.0,0.771734,1.0,1.0,0.092237286,0.0,0.0022954643,0.0,0.0,0.07918182,0.0
0.0,0.0,0.25,0.5,0.0,0.0,0.0,0.0,0.0,0.0,0.0,0.0,0.0,0.0,0.0,0.0,0.0,0.0,0.0,0.0,0.0,0.0,0.017137535,0.019569471,0.0,0.0,1.0,1.0,0.08,0.06,0.0,0.7648488,1.0,1.0,0.09006127,0.0,0.0029781014,0.0,0.0,0.07678345,0.0
0.0,0.0,0.5,0.1,0.0,0.0,0.0,0.0,0.0,0.0,0.0,0.0,0.0,0.0,0.0,0.0,0.0,0.0,0.0,0.0,0.0,0.0,0.02334112,0.017612524,1.0,1.0,0.0,0.0,0.04,0.07,0.0,0.77596545,1.0,1.0,0.08800956,0.0,0.0,0.0,0.0,0.088877976,0.0
0.0,0.0,0.029411765,0.1,0.0,0.0,0.0,0.0,0.0,0.0,0.0,0.0,0.0,0.0,0.0,0.0,0.0,0.0,0.0,0.0,0.0,0.0,0.023720734,0.0058708414,1.0,1.0,0.0,0.0,0.03,0.06,0.0,0.7678977,1.0,1.0,0.08544632,0.0,0.0,0.0,0.0,0.086711586,0.0
0.016044356,0.0,0.04411765,0.3,0.00058931345,0.0,0.0,0.0,0.0,0.041587442,0.0,0.0,0.0,0.0,0.0,0.0,0.0035317838,0.022038102,0.0,0.0,0.0,0.06318799,0.00899443,0.064579256,0.0,0.0,1.0,1.0,1.0,0.0,0.0,0.8605106,1.0,1.0,0.122120984,0.0,0.00938262,0.0,0.0,0.08313522,0.0
0.0,0.0,0.0,0.2,0.0,0.0,0.0,0.0,0.0,0.0,0.0,0.0,0.0,0.0,0.0,0.0,0.0,0.0,0.0,0.0,0.0,0.004169464,0.016696066,0.03522505,0.0,0.0,1.0,1.0,0.07,0.06,0.0,0.7742418,1.0,1.0,0.09306728,0.0,0.002240613,0.0,0.0,0.079661906,0.0
0.0,0.0,0.5,0.5,0.0,0.0,0.0,0.0,0.0,0.0,0.0,0.0,0.0,0.0,0.0,0.0,0.0,0.0,0.0,0.0,0.0,0.0060866475,0.016582876,0.039138943,0.0,0.0,1.0,1.0,0.07,0.06,0.0,0.7777735,1.0,1.0,0.09412976,0.0,0.0020300895,0.0,0.0,0.08070564,0.0
0.0,0.0,0.029411765,0.2,0.0,0.0,0.0,0.0,0.0,0.0,0.0,0.0,0.0,0.0,0.0,0.0,0.0,0.0,0.0,0.0,0.0,0.0026874542,0.01684305,0.021526419,0.0,0.0,1.0,1.0,0.04,0.07,0.0,0.7720562,1.0,1.0,0.092379145,0.0,0.002045691,0.0,0.0,0.07962614,0.0
0.0,0.0,0.029411765,0.1,0.0,0.0,0.0,0.0,0.0,0.0,0.0,0.0,0.0,0.0,0.0,0.0,0.0,0.0,0.0,0.0,0.0,0.0,0.023598097,0.015655577,1.0,1.0,0.0,0.0,0.06,0.06,0.0,0.7710638,1.0,1.0,0.086395346,0.0,0.0,0.0,0.0,0.08741468,0.0
1.7326518e-05,0.0,0.22058824,0.0,4.1368454e-05,0.00021769383,0.0,0.0,0.0,0.0,0.0,0.0,0.0,0.0,0.0,0.0,0.0,0.0,0.0,0.0,0.0,0.0036557615,0.011980541,0.0039138943,0.0,0.0,0.0,0.0,1.0,0.0,0.0,0.7585757,1.0,1.0,0.092319034,0.0,0.008906543,0.0,0.0,0.071127534,0.0
0.0,0.0,0.04411765,0.0,0.0008681168,0.0061771553,0.0,0.0,0.0,0.0,0.0,0.0,0.0,0.0,0.0,0.0,0.0,0.0,0.0,0.0,0.0,0.001909256,0.010895535,0.0058708414,0.0,0.0,0.0,0.0,1.0,0.0,0.0,0.754949,1.0,1.0,0.092512004,0.0,0.009816587,0.0,0.0,0.064535886,0.0
0.0,0.5,0.029411765,0.0,4.4567784e-07,0.0,0.0,1.0,0.0,0.0,0.0,0.0,0.0,0.0,0.0,0.0,0.0,0.0,0.0,0.0,0.0,0.0,0.034680404,0.13502936,0.0,0.0,0.0,0.0,1.0,0.0,0.0,0.63739556,0.9199382,1.0,0.037554637,0.0,0.008112147,0.0,0.0,0.062749505,0.0
0.013826561,0.0,0.04411765,0.3,0.00052755524,0.0,0.0,0.0,0.0,0.02824217,0.0,0.0,0.0,0.0,0.0,0.0,0.0019089729,0.009685278,0.0,0.0,0.0,0.047911137,0.009522155,0.14677104,0.03,0.03,0.97,0.97,1.0,0.0,0.0,0.83444166,1.0,1.0,0.114762954,0.0,0.009180352,0.0,0.0,0.079788655,0.0
0.0,0.0,0.029411765,0.2,0.0,0.0,0.0,0.0,0.0,0.0,0.0,0.0,0.0,0.0,0.0,0.0,0.0,0.0,0.0,0.0,0.0,0.0014401376,0.016954191,0.007827789,0.0,0.0,1.0,1.0,0.01,0.06,0.0,0.7703241,1.0,1.0,0.091856025,0.0,0.0018208772,0.0,0.0,0.07961154,0.0
0.0,0.0,0.029411765,0.1,0.0,0.0,0.0,0.0,0.0,0.0,0.0,0.0,0.0,0.0,0.0,0.0,0.0,0.0,0.0,0.0,0.0,0.0,0.023380987,0.023483366,1.0,1.0,0.0,0.0,0.07,0.09,0.0,0.776757,1.0,1.0,0.08812819,0.0,0.0,0.0,0.0,0.088845104,0.0
0.0,0.0,0.60294116,0.5,0.0,0.0,0.0,0.0,0.0,0.0,0.0,0.0,0.0,0.0,0.0,0.0,0.0,0.0,0.0,0.0,0.0,0.0,0.017161556,0.0039138943,0.0,0.0,1.0,1.0,0.01,0.07,0.0,0.7647053,1.0,1.0,0.09010535,0.0,0.002341494,0.0,0.0,0.07770941,0.0
0.12537469,0.0,0.13235295,0.0,0.0,3.2691223e-05,0.0,0.0,0.0,0.0,0.0,0.0,0.0,0.0,0.0,0.0,0.0,0.0,0.0,0.0,0.0,0.0,0.017803945,0.0019569471,0.0,0.0,0.0,0.0,1.0,0.0,0.0,0.7637228,1.0,1.0,0.08866685,0.0,0.0036979914,0.0,0.0,0.080443025,0.0
0.0,0.0,0.029411765,0.2,0.0,0.0,0.0,0.0,0.0,0.0,0.0,0.0,0.0,0.0,0.0,0.0,0.0,0.0,0.0,0.0,0.0,0.0019505024,0.016852774,0.015655577,0.0,0.0,1.0,1.0,0.03,0.06,0.0,0.77110004,1.0,1.0,0.09215825,0.0,0.0018474758,0.0,0.0,0.079666406,0.0
0.035796586,0.0,0.04411765,0.3,0.001131767,0.0,0.0,0.0,0.0,0.034142345,0.0,0.0,0.0,0.0,0.0,0.0,0.0023172721,0.015335679,0.0,0.0,0.0,0.054777533,0.009577431,0.017612524,0.0,0.0,1.0,1.0,1.0,0.0,0.0,0.84631646,1.0,1.0,0.11781628,0.0,0.009320363,0.0,0.0,0.08120513,0.0
0.14154033,0.0,0.13235295,0.0,0.0,1.1144735e-05,0.0,0.0,0.0,0.0,0.0,0.0,0.0,0.0,0.0,0.0,0.0,0.0,0.0,0.0,0.0,0.0,0.019130811,0.0019569471,0.0,0.0,0.0,0.0,1.0,0.0,0.0,0.7423662,1.0,1.0,0.082049824,0.0,0.0017825812,0.0,0.0,0.07730779,0.0
0.0,0.0,0.30882353,0.2,0.0,0.0,0.0,0.0,0.0,0.0,0.0,0.0,0.0,0.0,0.0,0.0,0.0,0.0,0.0,0.0,0.0,0.0038834214,0.016704574,0.031311154,0.0,0.0,1.0,1.0,0.06,0.06,0.0,0.7739948,1.0,1.0,0.093021445,0.0,0.002075404,0.0,0.0,0.07987207,0.0
1.7326518e-05,0.0,0.22058824,0.0,4.1368454e-05,0.00021769383,0.0,0.0,0.0,0.0,0.0,0.0,0.0,0.0,0.0,0.0,0.0,0.0,0.0,0.0,0.0,0.002546072,0.012401506,0.0058708414,0.0,0.0,0.0,0.0,1.0,0.0,0.0,0.7572565,1.0,1.0,0.091592126,0.0,0.008497864,0.0,0.0,0.07233384,0.0
0.0,0.0,0.75,0.5,0.0,0.0,0.0,0.0,0.0,0.0,0.0,0.0,0.0,0.0,0.0,0.0,0.0,0.0,0.0,0.0,0.0,0.0,0.017162502,0.017612524,0.0,0.0,1.0,1.0,0.07,0.07,0.0,0.76457834,1.0,1.0,0.08996438,0.0,0.0029921383,0.0,0.0,0.07669693,0.0
0.0,0.0,0.32352942,0.5,0.0,0.0,0.0,0.0,0.0,0.0,0.0,0.0,0.0,0.0,0.0,0.0,0.0,0.0,0.0,0.0,0.0,0.0030403137,0.016828723,0.017612524,0.0,0.0,1.0,1.0,0.03,0.06,0.0,0.7729385,1.0,1.0,0.09265462,0.0,0.0018624067,0.0,0.0,0.08003846,0.0
0.0,0.0,0.029411765,0.2,0.0,0.0,0.0,0.0,0.0,0.0,0.0,0.0,0.0,0.0,0.0,0.0,0.0,0.0,0.0,0.0,0.0,0.0,0.017094731,0.019569471,0.0,0.0,1.0,1.0,0.07,0.06,0.0,0.7657974,1.0,1.0,0.09037409,0.0,0.0028371364,0.0,0.0,0.07717362,0.0
0.0,1.0,0.36764705,0.0,8.276875e-06,0.0,0.0,0.0,0.0,0.0,0.0,0.0,0.0,0.0,0.0,0.0,0.0,0.0,0.0,0.0,0.0,0.0,0.02184406,0.99804306,0.0,0.0,0.0,0.0,1.0,0.0,0.0,0.69689214,0.9970007,1.0,0.06795577,0.0,0.0029202998,0.0,0.0,0.06646791,0.0
0.0,0.0,0.3382353,0.2,0.0,0.0,0.0,0.0,0.0,0.0,0.0,0.0,0.0,0.0,0.0,0.0,0.0,0.0,0.0,0.0,0.0,0.0,0.017099768,0.025440313,0.0,0.0,1.0,1.0,0.12,0.06,0.0,0.76546097,1.0,1.0,0.090235315,0.0,0.003115192,0.0,0.0,0.07669875,0.0
0.0,0.0,0.029411765,0.2,0.0,0.0,0.0,0.0,0.0,0.0,0.0,0.0,0.0,0.0,0.0,0.0,0.0,0.0,0.0,0.0,0.0,0.0011387169,0.016906947,0.025440313,0.0,0.0,1.0,1.0,0.06,0.06,0.0,0.7687695,1.0,1.0,0.09139281,0.0,0.0025113374,0.0,0.0,0.07815653,0.0
0.0,0.0,0.029411765,0.2,0.0,0.0,0.0,0.0,0.0,0.0,0.0,0.0,0.0,0.0,0.0,0.0,0.0,0.0,0.0,0.0,0.0,0.0015254319,0.016964346,0.019569471,0.0,0.0,1.0,1.0,0.05,0.07,0.0,0.7696513,1.0,1.0,0.09157842,0.0,0.0023768544,0.0,0.0,0.0786618,0.0
0.0,0.0,0.60294116,0.1,0.0,0.0,0.0,0.0,0.0,0.0,0.0,0.0,0.0,0.0,0.0,0.0,0.0,0.0,0.0,0.0,0.0,0.0,0.023717776,0.0039138943,1.0,1.0,0.0,0.0,0.02,0.07,0.0,0.7679794,1.0,1.0,0.08547921,0.0,0.0,0.0,0.0,0.08674842,0.0
0.0,0.0,0.5147059,0.2,0.0,0.0,0.0,0.0,0.0,0.0,0.0,0.0,0.0,0.0,0.0,0.0,0.0,0.0,0.0,0.0,0.0,0.0,0.017100379,0.02739726,0.0,0.0,1.0,1.0,0.14,0.06,0.0,0.76420176,1.0,1.0,0.08989426,0.0,0.0032160282,0.0,0.0,0.07625309,0.0
0.0,0.0,0.04411765,0.1,0.0,0.0,0.0,0.0,0.0,0.055943966,0.0,0.0,0.0,0.0,0.0,0.0,0.0020072982,0.023599952,0.0,0.0,0.0,0.06990358,0.01671154,0.18395303,1.0,1.0,0.0,0.0,1.0,0.0,0.0,0.8886535,1.0,1.0,0.12286749,0.0,0.000937894,0.0,0.0,0.107182264,0.0
0.0,1.0,0.36764705,0.0,1.6044403e-05,0.0,0.0,0.0,0.0,0.0,0.0,0.0,0.0,0.0,0.0,0.0,0.0,0.0,0.0,0.0,0.0,0.011453569,0.014216214,0.13502936,0.0,0.0,0.0,0.0,1.0,0.0,0.0,0.7766262,1.0,1.0,0.0958324,0.0,0.0048766136,0.0,0.0,0.082301825,0.0
0.0,0.0,0.029411765,0.2,0.0,0.0,0.0,0.0,0.0,0.0,0.0,0.0,0.0,0.0,0.0,0.0,0.0,0.0,0.0,0.0,0.0,0.00020730495,0.017099977,0.025440313,0.0,0.0,1.0,1.0,0.12,0.07,0.0,0.76642144,1.0,1.0,0.090485476,0.0,0.0030847192,0.0,0.0,0.07699683,0.0
0.12693407,0.0,0.13235295,0.0,0.0,3.2691223e-05,0.0,0.0,0.0,0.0,0.0,0.0,0.0,0.0,0.0,0.0,0.0,0.0,0.0,0.0,0.0,0.0,0.017980903,0.0019569471,0.0,0.0,0.0,0.0,1.0,0.0,0.0,0.73850095,1.0,1.0,0.08181786,0.0,0.0041864812,0.0,0.0,0.07532415,0.0
0.0,0.0,0.029411765,0.2,0.0,0.0,0.0,0.0,0.0,0.0,0.0,0.0,0.0,0.0,0.0,0.0,0.0,0.0,0.0,0.0,0.0,0.0,0.017119579,0.0019569471,0.0,0.0,1.0,1.0,0.0,0.06,0.0,0.76625824,1.0,1.0,0.090594225,0.0,0.002047196,0.0,0.0,0.07853827,0.0
0.12710734,0.0,0.13235295,0.0,0.0,3.2691223e-05,0.0,0.0,0.0,0.0,0.0,0.0,0.0,0.0,0.0,0.0,0.0,0.0,0.0,0.0,0.0,0.0017834008,0.017738856,0.0019569471,0.0,0.0,0.0,0.0,1.0,0.0,0.0,0.7672149,1.0,1.0,0.08961528,0.0,0.0037345588,0.0,0.0,0.08168432,0.0
0.0,0.0,0.029411765,0.2,0.0,0.0,0.0,0.0,0.0,0.0,0.0,0.0,0.0,0.0,0.0,0.0,0.0,0.0,0.0,0.0,0.0,0.0,0.01703956,0.0039138943,0.0,0.0,1.0,1.0,0.01,0.06,0.0,0.7674091,1.0,1.0,0.09099691,0.0,0.0019397885,0.0,0.0,0.07882136,0.0
0.0,0.0,0.029411765,0.1,0.0,0.0,0.0,0.0,0.0,0.0,0.0,0.0,0.0,0.0,0.0,0.0,0.0,0.0,0.0,0.0,0.0,0.002105236,0.021465898,0.025440313,0.85,0.62,0.15,0.38,0.05,0.07,0.0,0.7820512,1.0,1.0,0.09116762,0.0,0.0,0.0,0.0,0.088820994,0.0
0.0,0.0,0.25,0.5,0.0,0.0,0.0,0.0,0.0,0.0,0.0,0.0,0.0,0.0,0.0,0.0,0.0,0.0,0.0,0.0,0.0,0.0,0.017183788,0.01369863,0.0,0.0,1.0,1.0,0.05,0.06,0.0,0.76404667,1.0,1.0,0.0898247,0.0,0.0028692037,0.0,0.0,0.076790124,0.0
0.0,0.0,0.13235295,0.8,0.0,3.2691223e-05,0.0,0.0,0.0,0.0,0.0,0.0,0.0,0.0,0.0,0.0,0.0,0.0,0.0,0.0,0.0,0.0,0.019959636,0.0019569471,1.0,1.0,0.0,0.0,1.0,0.0,0.0,0.73613405,1.0,1.0,0.0796162,0.0,0.0020913929,0.0,0.0,0.07794681,0.0
0.0,0.0,0.04411765,0.1,0.0,0.0,0.0,0.0,0.0,0.056862712,0.0,0.0,0.0,0.0,0.0,0.0,0.0016918033,0.023569465,0.0,0.0,0.0,0.06908074,0.018566266,0.12524462,1.0,1.0,0.0,0.0,1.0,0.0,0.0,0.89129376,1.0,1.0,0.12198325,0.0,0.0,0.0,0.0,0.10998824,0.0
0.0,1.0,0.36764705,0.0,1.6426413e-05,0.0,0.0,0.0,0.0,0.0,0.0,0.0,0.0,0.0,0.0,0.0,0.0,0.0,0.0,0.0,0.0,0.010768533,0.013956897,0.011741683,0.0,0.0,0.0,0.0,1.0,0.0,0.0,0.7750311,1.0,1.0,0.095644675,0.0,0.005147293,0.0,0.0,0.08114311,0.0
0.0,0.0,0.6764706,0.1,0.0,0.0,0.0,0.0,0.0,0.0,0.0,0.0,0.0,0.0,0.0,0.0,0.0,0.0,0.0,0.0,0.0,0.0,0.023549609,0.023483366,1.0,1.0,0.0,0.0,0.1,0.06,0.0,0.7732643,1.0,1.0,0.08699795,0.0,0.0,0.0,0.0,0.08777723,0.0
0.0,0.0,0.14705883,0.1,0.0,0.0,0.0,0.0,0.0,0.0,0.0,0.0,0.0,0.0,0.0,0.0,0.0,0.0,0.0,0.0,0.0,0.0,0.02333033,0.007827789,1.0,1.0,0.0,0.0,0.02,0.06,0.0,0.7746116,1.0,1.0,0.08771696,0.0,0.0,0.0,0.0,0.08882794,0.0
0.12766178,0.0,0.13235295,0.0,0.0,3.2691223e-05,0.0,0.0,0.0,0.0,0.0,0.0,0.0,0.0,0.0,0.0,0.0,0.0,0.0,0.0,0.0,0.0026886165,0.017711014,0.0019569471,0.0,0.0,0.0,0.0,1.0,0.0,0.0,0.76878786,1.0,1.0,0.09006085,0.0,0.003685698,0.0,0.0,0.082126975,0.0
0.0,0.0,0.029411765,0.1,0.0,0.0,0.0,0.0,0.0,0.0,0.0,0.0,0.0,0.0,0.0,0.0,0.0,0.0,0.0,0.0,0.0,0.0,0.023368798,0.037181996,1.0,1.0,0.0,0.0,0.13,0.06,0.0,0.7765343,1.0,1.0,0.088045545,0.0,0.0,0.0,0.0,0.0885984,0.0
0.0,1.0,0.36764705,0.0,8.08587e-06,0.0,0.0,0.0,0.0,0.0,0.0,0.0,0.0,0.0,0.0,0.0,0.0,0.0,0.0,0.0,0.0,0.0,0.02139245,1.0,0.0,0.0,0.0,0.0,1.0,0.0,0.0,0.7132596,1.0,1.0,0.07274508,0.0,0.0012025237,0.0,0.0,0.06998131,0.0
0.0,0.0,0.13235295,0.8,0.0,3.2691223e-05,0.0,0.0,0.0,0.027243853,0.0,0.0,0.0,0.0,0.0,0.0,0.0,0.0,0.0,0.0,0.0,0.035277665,0.019022763,0.0019569471,1.0,1.0,0.0,0.0,1.0,0.0,0.0,0.8341483,1.0,1.0,0.10658731,0.0,0.0,0.0,0.0,0.09861377,0.0
0.0,0.0,0.029411765,0.2,0.0,0.0,0.0,0.0,0.0,0.0,0.0,0.0,0.0,0.0,0.0,0.0,0.0,0.0,0.0,0.0,0.0,0.0,0.017143823,0.023483366,0.0,0.0,1.0,1.0,0.12,0.06,0.0,0.76380324,1.0,1.0,0.08974745,0.0,0.0032230765,0.0,0.0,0.076138586,0.0
0.0,0.0,0.13235295,0.5,0.0,0.0,0.0,0.0,0.0,0.0,0.0,0.0,0.0,0.0,0.0,0.0,0.0,0.0,0.0,0.0,0.0,0.0012608767,0.016909748,0.009784736,0.0,0.0,1.0,1.0,0.02,0.06,0.0,0.7700609,1.0,1.0,0.09184345,0.0,0.0017738342,0.0,0.0,0.07957557,0.0
0.0,0.0,0.029411765,0.2,0.0,0.0,0.0,0.0,0.0,0.0,0.0,0.0,0.0,0.0,0.0,0.0,0.0,0.0,0.0,0.0,0.0,0.0,0.017016679,0.0019569471,0.0,0.0,1.0,1.0,0.0,0.06,0.0,0.76757467,1.0,1.0,0.091094814,0.0,0.001739338,0.0,0.0,0.079176605,0.0
0.0,0.0,0.04411765,0.3,0.00043765566,0.005423771,0.0,0.0,0.0,0.0,0.0,0.0,0.0,0.0,0.0,0.0,0.0,0.0,0.0,0.0,0.0,0.0,0.011399485,0.007827789,0.0,0.0,0.25,0.25,1.0,0.0,0.0,0.7436582,1.0,1.0,0.08903993,0.0,0.00978066,0.0,0.0,0.06322935,0.0
0.0,0.0,0.29411766,0.2,0.0,0.0,0.0,0.0,0.0,0.0,0.0,0.0,0.0,0.0,0.0,0.0,0.0,0.0,0.0,0.0,0.0,0.0044634044,0.01664894,0.031311154,0.0,0.0,1.0,1.0,0.06,0.06,0.0,0.775228,1.0,1.0,0.0934281,0.0,0.0018921793,0.0,0.0,0.08037931,0.0
0.0,0.0,0.42647058,0.1,0.0,0.0,0.0,0.0,0.0,0.0,0.0,0.0,0.0,0.0,0.0,0.0,0.0,0.0,0.0,0.0,0.0,0.0,0.023741491,0.0039138943,1.0,1.0,0.0,0.0,0.02,0.07,0.0,0.7676573,1.0,1.0,0.08536249,0.0,0.0,0.0,0.0,0.08663234,0.0
0.0,0.0,0.029411765,0.1,0.0,0.0,0.0,0.0,0.0,0.0,0.0,0.0,0.0,0.0,0.0,0.0,0.0,0.0,0.0,0.0,0.0,0.0,0.023352273,0.039138943,1.0,1.0,0.0,0.0,0.15,0.05,0.0,0.7781739,1.0,1.0,0.08847802,0.0,0.0,0.0,0.0,0.08888599,0.0
0.0,0.0,0.5,0.5,0.0,0.0,0.0,0.0,0.0,0.0,0.0,0.0,0.0,0.0,0.0,0.0,0.0,0.0,0.0,0.0,0.0,0.0050441623,0.01665423,0.037181996,0.0,0.0,1.0,1.0,0.08,0.06,0.0,0.7758521,1.0,1.0,0.09353944,0.0,0.0021397173,0.0,0.0,0.08020246,0.0
0.0,1.0,0.36764705,0.0,1.6426413e-05,0.0,0.0,0.0,0.0,0.0,0.0,0.0,0.0,0.0,0.0,0.0,0.0,0.0,0.0,0.0,0.0,0.011227101,0.014142215,0.09784736,0.0,0.0,0.0,0.0,1.0,0.0,0.0,0.776111,1.0,1.0,0.09576284,0.0,0.0049580038,0.0,0.0,0.081950784,0.0
0.0,0.0,0.029411765,0.2,0.0,0.0,0.0,0.0,0.0,0.0,0.0,0.0,0.0,0.0,0.0,0.0,0.0,0.0,0.0,0.0,0.0,0.0035873652,0.016761728,0.0332681,0.0,0.0,1.0,1.0,0.08,0.06,0.0,0.7730701,1.0,1.0,0.092673205,0.0,0.002388522,0.0,0.0,0.07920465,0.0
0.12658754,0.0,0.13235295,0.0,0.0,3.2691223e-05,0.0,0.0,0.0,0.014349878,0.0,0.0,0.0,0.0,0.0,0.0,0.0,0.0,0.0,0.0,0.0,0.024206549,0.0182039,0.0019569471,0.0,0.0,0.0,0.0,1.0,0.0,0.0,0.8089024,1.0,1.0,0.100292556,0.0,0.0018798858,0.0,0.0,0.092936575,0.0
0.0,0.0,0.029411765,0.2,0.0,0.0,0.0,0.0,0.0,0.0,0.0,0.0,0.0,0.0,0.0,0.0,0.0,0.0,0.0,0.0,0.0,0.0,0.017070554,0.02739726,0.0,0.0,1.0,1.0,0.12,0.07,0.0,0.7658262,1.0,1.0,0.09036342,0.0,0.003086999,0.0,0.0,0.07682422,0.0
0.0,0.0,0.073529415,0.2,0.0,0.0,0.0,0.0,0.0,0.0,0.0,0.0,0.0,0.0,0.0,0.0,0.0,0.0,0.0,0.0,0.0,0.0,0.017331377,0.0058708414,0.0,0.0,1.0,1.0,0.03,0.07,0.0,0.7606592,1.0,1.0,0.088778846,0.0,0.0029686391,0.0,0.0,0.07602051,0.0
0.0,0.5,0.029411765,0.0,4.4567784e-07,0.0,0.0,1.0,0.0,0.0,0.0,0.0,0.0,0.0,0.0,0.0,0.0,0.0,0.0,0.0,0.0,0.0,0.025091752,0.18395303,0.0,0.0,0.0,0.0,1.0,0.0,0.0,0.6791365,0.97412616,1.0,0.059030794,0.0,0.0065307617,0.0,0.0,0.064156055,0.0
0.0,1.0,0.36764705,0.0,1.6426413e-05,0.0,0.0,0.0,0.0,0.0,0.0,0.0,0.0,0.0,0.0,0.0,0.0,0.0,0.0,0.0,0.0,0.00511986,0.016790546,0.21526419,0.0,0.0,0.0,0.0,1.0,0.0,0.0,0.77523863,1.0,1.0,0.093101315,0.0,0.0017994046,0.0,0.0,0.084668934,0.0
0.0,1.0,0.36764705,0.0,1.6426413e-05,0.0,0.0,0.0,0.0,0.0,0.0,0.0,0.0,0.0,0.0,0.0,0.0,0.0,0.0,0.0,0.0,0.010966539,0.014036953,0.04892368,0.0,0.0,0.0,0.0,1.0,0.0,0.0,0.77549744,1.0,1.0,0.09569567,0.0,0.0050655156,0.0,0.0,0.08149189,0.0
0.0,0.0,0.029411765,0.2,0.0,0.0,0.0,0.0,0.0,0.0,0.0,0.0,0.0,0.0,0.0,0.0,0.0,0.0,0.0,0.0,0.0,0.0017757416,0.016892925,0.039138943,0.0,0.0,1.0,1.0,0.16,0.05,0.0,0.76897466,1.0,1.0,0.09136134,0.0,0.0031126887,0.0,0.0,0.07728073,0.0
0.0,0.0,0.029411765,0.2,0.0,0.0,0.0,0.0,0.0,0.0,0.0,0.0,0.0,0.0,0.0,0.0,0.0,0.0,0.0,0.0,0.0,0.005370021,0.016599886,0.039138943,0.0,0.0,1.0,1.0,0.08,0.06,0.0,0.7764336,1.0,1.0,0.0937544,0.0,0.0021168888,0.0,0.0,0.080251485,0.0
0.0,0.0,0.029411765,0.2,0.0,0.0,0.0,0.0,0.0,0.0,0.0,0.0,0.0,0.0,0.0,0.0,0.0,0.0,0.0,0.0,0.0,0.0016709566,0.016935885,0.03522505,0.0,0.0,1.0,1.0,0.14,0.06,0.0,0.76892924,1.0,1.0,0.09131544,0.0,0.0030298084,0.0,0.0,0.07747683,0.0
0.0,0.0,0.029411765,0.2,0.0,0.0,0.0,0.0,0.0,0.0,0.0,0.0,0.0,0.0,0.0,0.0,0.0,0.0,0.0,0.0,0.0,0.0010483265,0.01698643,0.029354207,0.0,0.0,1.0,1.0,0.11,0.06,0.0,0.7680323,1.0,1.0,0.09104761,0.0,0.002935037,0.0,0.0,0.077444494,0.0
0.0,0.0,0.5,0.1,0.0,0.0,0.0,0.0,0.0,0.0,0.0,0.0,0.0,0.0,0.0,0.0,0.0,0.0,0.0,0.0,0.0,0.0,0.023337841,0.0058708414,1.0,1.0,0.0,0.0,0.01,0.06,0.0,0.77309287,1.0,1.0,0.08732832,0.0,0.0,0.0,0.0,0.08858383,0.0
0.0,0.0,0.04411765,0.1,0.0,0.0,0.0,0.0,0.0,0.057997078,0.0,0.0,0.0,0.0,0.0,0.0,0.0021230876,0.024678439,0.0,0.0,0.0,0.07158533,0.017106801,0.2074364,1.0,1.0,0.0,0.0,1.0,0.0,0.0,0.8925867,1.0,1.0,0.12357753,0.0,0.00038166344,0.0,0.0,0.10905874,0.0
0.0,1.0,0.36764705,0.0,8.08587e-06,0.0,0.0,0.0,0.0,0.0,0.0,0.0,0.0,0.0,0.0,0.0,0.0,0.0,0.0,0.0,0.0,0.0,0.022438824,1.0,0.0,0.0,0.0,0.0,1.0,0.0,0.0,0.698756,0.99956536,1.0,0.067942314,0.0,0.0011178851,0.0,0.0,0.06658086,0.0
0.0,1.0,0.36764705,0.0,1.6426413e-05,0.0,0.0,0.0,0.0,0.008117646,0.0,0.0,0.0,0.0,0.0,0.0,0.0,0.0,0.0,0.0,0.0,0.019278347,0.015122764,0.95694715,0.0,0.0,0.0,0.0,1.0,0.0,0.0,0.79415536,1.0,1.0,0.09983569,0.0,0.002625659,0.0,0.0,0.08937451,0.0
0.0,0.0,0.029411765,0.2,0.0,0.0,0.0,0.0,0.0,0.0,0.0,0.0,0.0,0.0,0.0,0.0,0.0,0.0,0.0,0.0,0.0,0.00012990832,0.01705116,0.0058708414,0.0,0.0,1.0,1.0,0.01,0.07,0.0,0.7678335,1.0,1.0,0.09107805,0.0,0.002015084,0.0,0.0,0.07887429,0.0
0.0,0.0,0.029411765,0.2,0.0,0.0,0.0,0.0,0.0,0.0,0.0,0.0,0.0,0.0,0.0,0.0,0.0,0.0,0.0,0.0,0.0,0.0,0.017220773,0.015655577,0.0,0.0,1.0,1.0,0.07,0.06,0.0,0.7619811,1.0,1.0,0.089217804,0.0,0.0030899495,0.0,0.0,0.07601282,0.0
0.0,0.0,0.029411765,0.2,0.0,0.0,0.0,0.0,0.0,0.0,0.0,0.0,0.0,0.0,0.0,0.0,0.0,0.0,0.0,0.0,0.0,0.002708435,0.016912378,0.017612524,0.0,0.0,1.0,1.0,0.04,0.07,0.0,0.77204907,1.0,1.0,0.092294835,0.0,0.0021068007,0.0,0.0,0.07957569,0.0
0.0,1.0,0.36764705,0.0,2.3557259e-05,0.0,0.0,0.33333334,0.0,0.0,0.0,0.0,0.0,0.0,0.0,0.0,0.0,0.0,0.0,0.0,0.0,0.0,0.025487572,0.0058708414,0.0,0.0,0.0,0.0,1.0,0.0,0.67,0.67609537,0.97017443,1.0,0.057688616,0.0,0.0078030378,0.0,0.0,0.06333828,0.0
0.0,0.0,0.029411765,0.1,0.0,0.0,0.0,0.0,0.0,0.0,0.0,0.0,0.0,0.0,0.0,0.0,0.0,0.0,0.0,0.0,0.0,0.0,0.023795336,0.0019569471,1.0,1.0,0.0,0.0,0.01,0.07,0.0,0.7661128,1.0,1.0,0.084897004,0.0,0.0,0.0,0.0,0.086283565,0.0
0.0,0.0,0.029411765,0.1,0.0,0.0,0.0,0.0,0.0,0.0,0.0,0.0,0.0,0.0,0.0,0.0,0.0,0.0,0.0,0.0,0.0,0.0,0.023272194,0.01369863,1.0,1.0,0.0,0.0,0.03,0.07,0.0,0.7767321,1.0,1.0,0.08831712,0.0,0.0,0.0,0.0,0.08927414,0.0
0.0,0.0,0.029411765,0.1,0.0,0.0,0.0,0.0,0.0,0.0,0.0,0.0,0.0,0.0,0.0,0.0,0.0,0.0,0.0,0.0,0.0,0.0,0.023613222,0.0039138943,1.0,1.0,0.0,0.0,0.02,0.1,0.0,0.77421737,1.0,1.0,0.087198965,0.0,0.0,0.0,0.0,0.08823326,0.0
0.0,0.0,0.20588236,0.2,0.0,0.0,0.0,0.0,0.0,0.0,0.0,0.0,0.0,0.0,0.0,0.0,0.0,0.0,0.0,0.0,0.0,0.0,0.017176732,0.0039138943,0.0,0.0,1.0,1.0,0.01,0.07,0.0,0.76533365,1.0,1.0,0.09024603,0.0,0.0023603737,0.0,0.0,0.077870876,0.0
0.13162956,0.0,0.13235295,0.0,0.0,3.2691223e-05,0.0,0.0,0.0,0.0,0.0,0.0,0.0,0.0,0.0,0.0,0.0,0.0,0.0,0.0,0.0,0.0,0.01897768,0.031311154,0.0,0.19,0.6,0.56,0.6,0.6,0.75,0.755249,1.0,1.0,0.08540287,0.0,0.0028055161,0.0,0.0,0.08144724,0.0
0.0,0.0,0.029411765,0.2,0.0,0.0,0.0,0.0,0.0,0.0,0.0,0.0,0.0,0.0,0.0,0.0,0.0,0.0,0.0,0.0,0.0,0.0031256378,0.016838886,0.029354207,0.0,0.0,1.0,1.0,0.07,0.07,0.0,0.7722657,1.0,1.0,0.09237703,0.0,0.0024183989,0.0,0.0,0.07908863,0.0
1.7326518e-05,0.0,0.22058824,0.0,4.1368454e-05,0.00021769383,0.0,0.0,0.0,0.0,0.0,0.0,0.0,0.0,0.0,0.0,0.0,0.0,0.0,0.0,0.0,0.0,0.013046041,0.0058708414,0.0,0.0,0.0,0.0,1.0,0.0,0.0,0.75364697,1.0,1.0,0.09016352,0.0,0.00763914,0.0,0.0,0.072917044,0.0
0.0,0.0,0.029411765,0.2,0.0,0.0,0.0,0.0,0.0,0.0,0.0,0.0,0.0,0.0,0.0,0.0,0.0,0.0,0.0,0.0,0.0,0.0007067323,0.017076321,0.007827789,0.0,0.0,1.0,1.0,0.02,0.07,0.0,0.7685809,1.0,1.0,0.09121471,0.0,0.0021921545,0.0,0.0,0.07879758,0.0
0.0,0.0,0.0,0.1,0.0,0.0,0.0,0.0,0.0,0.0010446608,0.0,0.0,0.0,0.0,0.0,0.0,0.0,0.0,0.0,0.0,0.0,0.0041230917,0.023020677,0.0039138943,1.0,1.0,0.0,0.0,0.06,0.11,0.0,0.7868453,1.0,1.0,0.09085294,0.0,0.0,0.0,0.0,0.08983034,0.0
0.0,0.0,0.029411765,0.2,0.0,0.0,0.0,0.0,0.0,0.0,0.0,0.0,0.0,0.0,0.0,0.0,0.0,0.0,0.0,0.0,0.0,0.0032761395,0.01677411,0.02739726,0.01,0.0,0.99,1.0,0.05,0.06,0.0,0.77309453,1.0,1.0,0.09272938,0.0,0.002004698,0.0,0.0,0.07982209,0.0
0.0,0.0,0.1764706,0.2,0.0,0.0,0.0,0.0,0.0,0.0,0.0,0.0,0.0,0.0,0.0,0.0,0.0,0.0,0.0,0.0,0.0,0.0035702586,0.018627346,0.025440313,0.48,0.0,0.52,1.0,0.11,0.07,0.0,0.7756356,1.0,1.0,0.09164991,0.0,0.0014497042,0.0,0.0,0.08141297,0.0
0.0,0.0,0.029411765,0.2,0.0,0.0,0.0,0.0,0.0,0.0,0.0,0.0,0.0,0.0,0.0,0.0,0.0,0.0,0.0,0.0,0.0,0.0007080138,0.017004862,0.011741683,0.0,0.0,1.0,1.0,0.03,0.06,0.0,0.7686355,1.0,1.0,0.09131465,0.0,0.002123952,0.0,0.0,0.078867644,0.0
0.12495885,0.0,0.13235295,0.0,0.0,3.2691223e-05,0.0,0.0,0.0,0.0,0.0,0.0,0.0,0.0,0.0,0.0,0.0,0.0,0.0,0.0,0.0,0.0,0.017803945,0.0019569471,0.0,0.0,0.0,0.0,1.0,0.0,0.0,0.7637228,1.0,1.0,0.08866685,0.0,0.0036979914,0.0,0.0,0.080443025,0.0
0.0,0.0,0.029411765,0.1,0.0,0.0,0.0,0.0,0.0,0.0,0.0,0.0,0.0,0.0,0.0,0.0,0.0,0.0,0.0,0.0,0.0,0.0,0.022966929,0.03522505,1.0,1.0,0.0,0.0,0.06,0.06,0.0,0.78263116,1.0,1.0,0.090189986,0.0,0.0,0.0,0.0,0.0907076,0.0
0.016425539,0.0,0.04411765,0.3,0.0008529001,0.0,0.0,0.0,0.0,0.0,0.0,0.0,0.0,0.0,0.0,0.0,0.0,0.0,0.0,0.0,0.0,0.013399601,0.010477506,0.06066536,0.03,0.03,0.94,0.94,1.0,0.0,0.0,0.7747431,1.0,1.0,0.09812748,0.0,0.00971894,0.0,0.0,0.06801379,0.0
0.0,0.0,0.029411765,0.1,0.0,0.0,0.0,0.0,0.0,0.0,0.0,0.0,0.0,0.0,0.0,0.0,0.0,0.0,0.0,0.0,0.0,0.0,0.023731858,0.0019569471,1.0,1.0,0.0,0.0,0.01,0.09,0.0,0.7675772,1.0,1.0,0.08536001,0.0,0.0,0.0,0.0,0.08671588,0.0
0.0,0.0,0.029411765,0.2,0.0,0.0,0.0,0.0,0.0,0.0,0.0,0.0,0.0,0.0,0.0,0.0,0.0,0.0,0.0,0.0,0.0,0.0011664629,0.017008565,0.017612524,0.0,0.0,1.0,1.0,0.05,0.08,0.0,0.76895404,1.0,1.0,0.09134074,0.0,0.0024543703,0.0,0.0,0.0783996,0.0
0.0,0.0,0.029411765,0.1,0.0,0.0,0.0,0.0,0.0,0.0,0.0,0.0,0.0,0.0,0.0,0.0,0.0,0.0,0.0,0.0,0.0,0.0,0.023431025,0.0058708414,1.0,1.0,0.0,0.0,0.02,0.09,0.0,0.77423835,1.0,1.0,0.08747328,0.0,0.0,0.0,0.0,0.08861503,0.0
0.0,0.0,0.04411765,0.0,0.0008681168,0.0061771553,0.0,0.0,0.0,0.0,0.0,0.0,0.0,0.0,0.0,0.0,0.0,0.0,0.0,0.0,0.0,0.008699328,0.0106533915,0.007827789,0.0,0.0,0.0,0.0,1.0,0.0,0.0,0.76665986,1.0,1.0,0.09583067,0.0,0.009780124,0.0,0.0,0.066446394,0.0
0.0,0.0,0.22058824,0.1,0.0,0.0,0.0,0.0,0.0,0.0,0.0,0.0,0.0,0.0,0.0,0.0,0.0,0.0,0.0,0.0,0.0,0.0,0.023583949,0.021526419,1.0,1.0,0.0,0.0,0.09,0.06,0.0,0.77138317,1.0,1.0,0.08647793,0.0,0.0,0.0,0.0,0.08740246,0.0
0.0,1.0,0.36764705,0.0,1.6044403e-05,0.0,0.0,0.0,0.0,0.0,0.0,0.0,0.0,0.0,0.0,0.0,0.0,0.0,0.0,0.0,0.0,0.011888087,0.01427149,0.18003914,0.0,0.0,0.0,0.0,1.0,0.0,0.0,0.7775254,1.0,1.0,0.09602135,0.0,0.0047797114,0.0,0.0,0.082739115,0.0
0.0,0.0,0.029411765,0.2,0.0,0.0,0.0,0.0,0.0,0.0,0.0,0.0,0.0,0.0,0.0,0.0,0.0,0.0,0.0,0.0,0.0,0.0,0.017078929,0.0019569471,0.0,0.0,1.0,1.0,0.0,0.07,0.0,0.76715946,1.0,1.0,0.09089143,0.0,0.0019132644,0.0,0.0,0.07890892,0.0
0.0,0.0,0.029411765,0.2,0.0,0.0,0.0,0.0,0.0,0.0,0.0,0.0,0.0,0.0,0.0,0.0,0.0,0.0,0.0,0.0,0.0,0.0,0.017248765,0.015655577,0.0,0.0,1.0,1.0,0.08,0.06,0.0,0.7623249,1.0,1.0,0.089264624,0.0,0.0031511039,0.0,0.0,0.076057255,0.0
0.0,0.0,0.4117647,0.2,0.0,0.0,0.0,0.0,0.0,0.0,0.0,0.0,0.0,0.0,0.0,0.0,0.0,0.0,0.0,0.0,0.0,0.0017943382,0.016867712,0.015655577,0.0,0.0,1.0,1.0,0.03,0.06,0.0,0.77076805,1.0,1.0,0.09204879,0.0,0.0018967986,0.0,0.0,0.07952982,0.0
0.0,0.0,0.029411765,0.2,0.0,0.0,0.0,0.0,0.0,0.0,0.0,0.0,0.0,0.0,0.0,0.0,0.0,0.0,0.0,0.0,0.0,0.0026341677,0.016824499,0.031311154,0.0,0.0,1.0,1.0,0.08,0.07,0.0,0.77133846,1.0,1.0,0.092145465,0.0,0.0024699718,0.0,0.0,0.07877952,0.0
0.0,0.0,0.029411765,0.1,0.0,0.0,0.0,0.0,0.0,0.0,0.0,0.0,0.0,0.0,0.0,0.0,0.0,0.0,0.0,0.0,0.0,0.0,0.023246229,0.02739726,1.0,1.0,0.0,0.0,0.07,0.09,0.0,0.77910507,1.0,1.0,0.0889047,0.0,0.0,0.0,0.0,0.08958101,0.0
0.1255826,0.0,0.13235295,0.0,0.0,3.2691223e-05,0.0,0.0,0.0,0.0,0.0,0.0,0.0,0.0,0.0,0.0,0.0,0.0,0.0,0.0,0.0,0.0,0.017803945,0.0019569471,0.0,0.0,0.0,0.0,1.0,0.0,0.0,0.7637228,1.0,1.0,0.08866685,0.0,0.0036979914,0.0,0.0,0.080443025,0.0
0.0,0.0,0.14705883,0.1,0.0,0.0,0.0,0.0,0.0,0.0,0.0,0.0,0.0,0.0,0.0,0.0,0.0,0.0,0.0,0.0,0.0,0.0,0.023550436,0.011741683,1.0,1.0,0.0,0.0,0.04,0.09,0.0,0.7727457,1.0,1.0,0.08689942,0.0,0.0,0.0,0.0,0.08794984,0.0
0.0,0.0,0.029411765,0.2,0.0,0.0,0.0,0.0,0.0,0.0,0.0,0.0,0.0,0.0,0.0,0.0,0.0,0.0,0.0,0.0,0.0,0.0,0.017264135,0.007827789,0.0,0.0,1.0,1.0,0.03,0.06,0.0,0.7615254,1.0,1.0,0.08908769,0.0,0.0029035658,0.0,0.0,0.0761866,0.0
0.0,0.0,0.029411765,0.2,0.0,0.0,0.0,0.0,0.0,0.0,0.0,0.0,0.0,0.0,0.0,0.0,0.0,0.0,0.0,0.0,0.0,0.0037475526,0.016726822,0.037181996,0.0,0.0,1.0,1.0,0.09,0.06,0.0,0.77327883,1.0,1.0,0.092757456,0.0,0.0024096966,0.0,0.0,0.0792411,0.0
0.0,0.0,0.029411765,0.2,0.0,0.0,0.0,0.0,0.0,0.0,0.0,0.0,0.0,0.0,0.0,0.0,0.0,0.0,0.0,0.0,0.0,0.0,0.01716055,0.017612524,0.0,0.0,1.0,1.0,0.07,0.08,0.0,0.76558626,1.0,1.0,0.09023022,0.0,0.0029546767,0.0,0.0,0.077014536,0.0
0.0,1.0,0.36764705,0.0,1.6044403e-05,0.0,0.0,0.0,0.0,0.0031674206,0.0,0.0,0.0,0.0,0.0,0.0,0.0,0.0,0.0,0.0,0.0,0.015382707,0.014716446,0.5420744,0.0,0.0,0.0,0.0,1.0,0.0,0.0,0.7847583,1.0,1.0,0.097541325,0.0,0.004000306,0.0,0.0,0.08625662,0.0
0.0,0.0,0.029411765,0.2,0.0,0.0,0.0,0.0,0.0,0.0,0.0,0.0,0.0,0.0,0.0,0.0,0.0,0.0,0.0,0.0,0.0,0.0,0.017139435,0.019569471,0.0,0.0,1.0,1.0,0.08,0.06,0.0,0.7638409,1.0,1.0,0.08979546,0.0,0.0030155927,0.0,0.0,0.076465905,0.0
0.0,0.0,0.029411765,0.1,0.0,0.0,0.0,0.0,0.0,0.0,0.0,0.0,0.0,0.0,0.0,0.0,0.0,0.0,0.0,0.0,0.0,0.0,0.023180842,0.021526419,1.0,1.0,0.0,0.0,0.04,0.07,0.0,0.7780571,1.0,1.0,0.088760756,0.0,0.0,0.0,0.0,0.089616984,0.0
0.0,1.0,0.36764705,0.0,1.6426413e-05,0.0,0.0,0.0,0.0,0.0,0.0,0.0,0.0,0.0,0.0,0.0,0.0,0.0,0.0,0.0,0.0,0.0,0.02106443,0.99804306,0.0,0.0,0.0,0.0,1.0,0.0,0.0,0.70505893,1.0,1.0,0.07101589,0.0,0.0023290366,0.0,0.0,0.067054,0.0
0.0,0.0,0.029411765,0.1,0.0,0.0,0.0,0.0,0.0,0.0,0.0,0.0,0.0,0.0,0.0,0.0,0.0,0.0,0.0,0.0,0.0,0.0,0.023303866,0.025440313,1.0,1.0,0.0,0.0,0.07,0.08,0.0,0.77776265,1.0,1.0,0.0884892,0.0,0.0,0.0,0.0,0.08920011,0.0
0.14110717,0.0,0.13235295,0.0,0.0,1.1144735e-05,0.0,0.0,0.0,0.0,0.0,0.0,0.0,0.0,0.0,0.0,0.0,0.0,0.0,0.0,0.0,0.0,0.021491662,0.0019569471,0.0,0.0,0.0,0.0,1.0,0.0,0.0,0.7404202,1.0,1.0,0.079626136,0.0,0.0002413392,0.0,0.0,0.079274476,0.0
0.0,0.0,0.04411765,0.0,0.0008681168,0.0061771553,0.0,0.0,0.0,0.0,0.0,0.0,0.0,0.0,0.0,0.0,0.0,0.0,0.0,0.0,0.0,0.0008275211,0.010928668,0.017612524,0.0,0.0,0.0,0.0,1.0,0.0,0.33,0.75308347,1.0,1.0,0.09198906,0.0,0.009828031,0.0,0.0,0.064190745,0.0
0.0,1.0,0.36764705,0.0,8.08587e-06,0.0,0.0,0.0,0.0,0.005187273,0.0,0.0,0.0,0.0,0.0,0.0,0.0,0.0,0.0,0.0,0.0,0.017008066,0.014892988,0.71428573,0.0,0.0,0.0,0.0,1.0,0.0,0.0,0.7885747,1.0,1.0,0.09845164,0.0,0.0034663528,0.0,0.0,0.08762035,0.0
0.0,0.0,0.3382353,0.2,0.0,0.0,0.0,0.0,0.0,0.0,0.0,0.0,0.0,0.0,0.0,0.0,0.0,0.0,0.0,0.0,0.0,0.0,0.01730574,0.009784736,0.0,0.0,1.0,1.0,0.05,0.07,0.0,0.76128566,1.0,1.0,0.08894985,0.0,0.0030774921,0.0,0.0,0.07596633,0.0
0.015645847,0.0,0.04411765,0.3,0.0012479617,0.0,0.0,0.0,0.0,0.02976191,0.0,0.0,0.0,0.0,0.0,0.0,0.002185002,0.011649042,0.0,0.0,0.0,0.049874336,0.009373948,0.10176125,0.0,0.0,1.0,1.0,1.0,0.0,0.0,0.8376188,1.0,1.0,0.115737624,0.0,0.009387597,0.0,0.0,0.07943067,0.0
0.0,0.0,0.029411765,0.2,0.0,0.0,0.0,0.0,0.0,0.0,0.0,0.0,0.0,0.0,0.0,0.0,0.0,0.0,0.0,0.0,0.0,0.0,0.019726537,0.015655577,0.0,0.0,1.0,1.0,0.03,0.07,0.0,0.73411024,1.0,1.0,0.07958684,0.0,0.0022077411,0.0,0.0,0.07265329,0.0
0.0,0.0,0.029411765,0.1,0.0,0.0,0.0,0.0,0.0,0.0,0.0,0.0,0.0,0.0,0.0,0.0,0.0,0.0,0.0,0.0,0.0,0.0,0.023306504,0.011741683,1.0,1.0,0.0,0.0,0.03,0.06,0.0,0.77485096,1.0,1.0,0.0877971,0.0,0.0,0.0,0.0,0.088899374,0.0
0.13128303,0.0,0.13235295,0.0,0.0,3.2691223e-05,0.0,0.0,0.0,0.0,0.0,0.0,0.0,0.0,0.0,0.0,0.0,0.0,0.0,0.0,0.0,0.0,0.018834554,0.0019569471,0.0,0.0,0.0,0.0,1.0,0.0,0.0,0.75707257,1.0,1.0,0.0859975,0.0,0.0029246658,0.0,0.0,0.08168143,0.0
0.0,0.0,0.029411765,0.1,0.0,0.0,0.0,0.0,0.0,0.0,0.0,0.0,0.0,0.0,0.0,0.0,0.0,0.0,0.0,0.0,0.0,0.0,0.023651809,0.0058708414,1.0,1.0,0.0,0.0,0.02,0.1,0.0,0.7706398,1.0,1.0,0.086237125,0.0,0.0,0.0,0.0,0.08741346,0.0
0.013947847,0.0,0.04411765,0.3,0.001208169,7.4298237e-07,0.0,0.0,0.0,0.053073853,0.0,0.0,0.0,0.0,0.0,0.0029325187,0.0047479346,0.031356275,0.0,0.0,0.0,0.07580739,0.008717462,0.09001957,0.02,0.02,0.98,0.98,1.0,0.0,0.0,0.8824308,1.0,1.0,0.12815621,0.0,0.009122938,0.0,0.0,0.087738454,0.0
0.0,1.0,0.36764705,0.0,8.276875e-06,0.0,0.0,0.0,0.0,0.0027861893,0.0,0.0,0.0,0.0,0.0,0.0,0.0,0.0,0.0,0.0,0.0,0.015042722,0.014673129,0.5068493,0.0,0.0,0.0,0.0,1.0,0.0,0.0,0.78405464,1.0,1.0,0.097393475,0.0,0.0040761232,0.0,0.0,0.08591446,0.0
0.0,0.0,0.04411765,0.1,0.0,0.0,0.0,0.0,0.0,0.029923856,0.0,0.0,0.0,0.0,0.0,0.0,0.0,0.0061562955,0.0,0.0,0.0,0.045156926,0.014488727,0.031311154,1.0,1.0,0.0,0.0,1.0,0.0,0.0,0.83889544,1.0,1.0,0.111529045,0.0,0.0049142987,0.0,0.0,0.09007159,0.0
0.0,0.0,0.029411765,0.1,0.0,0.0,0.0,0.0,0.0,0.0,0.0,0.0,0.0,0.0,0.0,0.0,0.0,0.0,0.0,0.0,0.0,0.0,0.023407757,0.023483366,1.0,1.0,0.0,0.0,0.08,0.08,0.0,0.7763945,1.0,1.0,0.08799688,0.0,0.0,0.0,0.0,0.08871448,0.0
0.12707269,0.0,0.13235295,0.0,0.0,3.2691223e-05,0.0,0.0,0.0,0.016267061,0.0,0.0,0.0,0.0,0.0,0.0,0.0,0.0,0.0,0.0,0.0,0.026145041,0.018081494,0.0019569471,0.0,0.0,0.0,0.0,1.0,0.0,0.0,0.81246495,1.0,1.0,0.10137027,0.0,0.0017272979,0.0,0.0,0.09368569,0.0
0.0,0.0,0.029411765,0.1,0.0,0.0,0.0,0.0,0.0,0.0,0.0,0.0,0.0,0.0,0.0,0.0,0.0,0.0,0.0,0.0,0.0,0.0,0.02311927,0.025440313,1.0,1.0,0.0,0.0,0.05,0.06,0.0,0.7790624,1.0,1.0,0.08909508,0.0,0.0,0.0,0.0,0.089859396,0.0
0.0,0.0,0.029411765,0.2,0.0,0.0,0.0,0.0,0.0,0.0,0.0,0.0,0.0,0.0,0.0,0.0,0.0,0.0,0.0,0.0,0.0,0.0,0.01713673,0.0019569471,0.0,0.0,1.0,1.0,0.0,0.06,0.0,0.7658788,1.0,1.0,0.09046907,0.0,0.0021035522,0.0,0.0,0.078382194,0.0
0.0,1.0,0.36764705,0.0,8.276875e-06,0.0,0.0,0.0,0.0,0.0,0.0,0.0,0.0,0.0,0.0,0.0,0.0,0.0,0.0,0.0,0.0,0.0,0.02177956,0.9960861,0.0,0.0,0.0,0.0,1.0,0.0,0.0,0.69833136,0.99915415,1.0,0.06848823,0.0,0.002633363,0.0,0.0,0.065751374,0.0
0.0,0.0,0.029411765,0.1,0.0,0.0,0.0,0.0,0.0,0.0,0.0,0.0,0.0,0.0,0.0,0.0,0.0,0.0,0.0,0.0,0.0,0.0,0.023434587,0.031311154,1.0,1.0,0.0,0.0,0.11,0.06,0.0,0.7749115,1.0,1.0,0.08755826,0.0,0.0,0.0,0.0,0.08823621,0.0
0.0,0.0,0.029411765,0.1,0.0,0.0,0.0,0.0,0.0,0.0,0.0,0.0,0.0,0.0,0.0,0.0,0.0,0.0,0.0,0.0,0.0,0.0,0.023649007,0.009784736,1.0,1.0,0.0,0.0,0.04,0.07,0.0,0.76964235,1.0,1.0,0.085981034,0.0,0.0,0.0,0.0,0.08712512,0.0
0.0,0.0,0.13235295,0.5,0.0,0.0,0.0,0.0,0.0,0.0,0.0,0.0,0.0,0.0,0.0,0.0,0.0,0.0,0.0,0.0,0.0,0.002884239,0.016843118,0.025440313,0.0,0.0,1.0,1.0,0.06,0.06,0.0,0.77211356,1.0,1.0,0.09236241,0.0,0.0022390932,0.0,0.0,0.079337925,0.0
0.0,1.0,0.36764705,0.0,1.6044403e-05,0.0,0.0,0.0,0.0,0.0069833696,0.0,0.0,0.0,0.0,0.0,0.0,0.0,0.0,0.0,0.0,0.0,0.018399566,0.015033759,0.8630137,0.0,0.0,0.0,0.0,1.0,0.0,0.0,0.79199517,1.0,1.0,0.09929996,0.0,0.0029511154,0.0,0.0,0.08869547,0.0
0.0,0.0,0.04411765,0.0,0.0008681168,0.0061771553,0.0,0.0,0.0,0.0,0.0,0.0,0.0,0.0,0.0,0.0,0.0,0.0,0.0,0.0,0.0,0.0063275397,0.010805048,0.04696673,0.0,0.0,0.0,0.0,1.0,0.0,0.17,0.76258373,1.0,1.0,0.09460669,0.0,0.009770125,0.0,0.0,0.065984845,0.0
0.0,0.0,0.04411765,0.0,0.0008681168,0.0061771553,0.0,0.0,0.0,0.0,0.0,0.0,0.0,0.0,0.0,0.0,0.0,0.0,0.0,0.0,0.0,0.007190734,0.01067321,0.007827789,0.0,0.0,0.5,0.5,1.0,0.0,0.0,0.763993,1.0,1.0,0.09510969,0.0,0.009835571,0.0,0.0,0.06581959,0.0
0.0,0.0,0.4852941,0.1,0.0,0.0,0.0,0.0,0.0,0.0,0.0,0.0,0.0,0.0,0.0,0.0,0.0,0.0,0.0,0.0,0.0,0.0,0.023178414,0.01369863,1.0,1.0,0.0,0.0,0.03,0.06,0.0,0.7774023,1.0,1.0,0.088627376,0.0,0.0,0.0,0.0,0.08961102,0.0
0.0,0.0,0.029411765,0.2,0.0,0.0,0.0,0.0,0.0,0.0,0.0,0.0,0.0,0.0,0.0,0.0,0.0,0.0,0.0,0.0,0.0,0.00058582425,0.017002046,0.02739726,0.0,0.0,1.0,1.0,0.1,0.05,0.0,0.7673441,1.0,1.0,0.090863965,0.0,0.002861485,0.0,0.0,0.07744858,0.0
0.0,0.0,0.029411765,0.2,0.0,0.0,0.0,0.0,0.0,0.0,0.0,0.0,0.0,0.0,0.0,0.0,0.0,0.0,0.0,0.0,0.0,0.00053048134,0.0169935,0.03522505,0.0,0.0,1.0,1.0,0.17,0.06,0.0,0.766688,1.0,1.0,0.09064292,0.0,0.0032505095,0.0,0.0,0.07665196,0.0
0.0,0.0,0.029411765,0.2,0.0,0.0,0.0,0.0,0.0,0.0,0.0,0.0,0.0,0.0,0.0,0.0,0.0,0.0,0.0,0.0,0.0,0.0003889799,0.017002612,0.015655577,0.0,0.0,1.0,1.0,0.04,0.06,0.0,0.7677797,1.0,1.0,0.09106336,0.0,0.002340749,0.0,0.0,0.078300804,0.0
0.0,0.0,0.04411765,0.0,0.0008681168,0.0061771553,0.0,0.0,0.0,0.0,0.0,0.0,0.0,0.0,0.0,0.0,0.0,0.0,0.0,0.0,0.0,0.0055477917,0.010746308,0.011741683,0.0,0.0,0.0,0.0,1.0,0.0,0.33,0.7612333,1.0,1.0,0.09431379,0.0,0.009796575,0.0,0.0,0.06550875,0.0
0.0,0.0,0.11764706,0.2,0.0,0.0,0.0,0.0,0.0,0.0,0.0,0.0,0.0,0.0,0.0,0.0,0.0,0.0,0.0,0.0,0.0,0.0057492554,0.01656349,0.039138943,0.0,0.0,1.0,1.0,0.07,0.06,0.0,0.7772399,1.0,1.0,0.094020315,0.0,0.0019970685,0.0,0.0,0.080583125,0.0
0.0,0.0,0.029411765,0.2,0.0,0.0,0.0,0.0,0.0,0.0,0.0,0.0,0.0,0.0,0.0,0.0,0.0,0.0,0.0,0.0,0.0,0.00071296096,0.016956948,0.031311154,0.0,0.0,1.0,1.0,0.11,0.06,0.0,0.7674371,1.0,1.0,0.0909256,0.0,0.0029373467,0.0,0.0,0.07727188,0.0
0.0,0.0,0.32352942,0.5,0.0,0.0,0.0,0.0,0.0,0.0,0.0,0.0,0.0,0.0,0.0,0.0,0.0,0.0,0.0,0.0,0.0,0.0,0.01736939,0.0039138943,0.0,0.0,1.0,1.0,0.02,0.09,0.0,0.76106465,1.0,1.0,0.08883833,0.0,0.0029945672,0.0,0.0,0.07611507,0.0
0.0,0.0,0.04411765,0.1,0.0,0.0,0.0,0.0,0.0,0.016154945,0.0,0.0,0.0,0.0,0.0,0.0,0.0,0.0,0.0,0.0,0.0,0.031129748,0.013792835,0.025440313,0.77,0.77,0.23,0.23,1.0,0.0,0.0,0.81290984,1.0,1.0,0.105331235,0.0,0.0062039793,0.0,0.0,0.081168205,0.0
0.0,0.0,0.7941176,0.1,0.0,0.0,0.0,0.0,0.0,0.0,0.0,0.0,0.0,0.0,0.0,0.0,0.0,0.0,0.0,0.0,0.0,0.0,0.023528785,0.02739726,1.0,1.0,0.0,0.0,0.12,0.07,0.0,0.7734635,1.0,1.0,0.087063484,0.0,0.0,0.0,0.0,0.08783415,0.0
0.0,0.0,0.073529415,0.2,0.0,0.0,0.0,0.0,0.0,0.0,0.0,0.0,0.0,0.0,0.0,0.0,0.0,0.0,0.0,0.0,0.0,0.000949353,0.017001294,0.007827789,0.0,0.0,1.0,1.0,0.02,0.06,0.0,0.76928055,1.0,1.0,0.09151191,0.0,0.0019759238,0.0,0.0,0.07918233,0.0
0.0,0.0,0.029411765,0.2,0.0,0.0,0.0,0.0,0.0,0.0,0.0,0.0,0.0,0.0,0.0,0.0,0.0,0.0,0.0,0.0,0.0,0.0026341677,0.016824499,0.031311154,0.0,0.0,1.0,1.0,0.08,0.06,0.0,0.77133846,1.0,1.0,0.092145465,0.0,0.0024699718,0.0,0.0,0.07877952,0.0
0.0,0.0,0.029411765,0.2,0.0,0.0,0.0,0.0,0.0,0.0,0.0,0.0,0.0,0.0,0.0,0.0,0.0,0.0,0.0,0.0,0.0,0.0,0.019212052,0.0058708414,0.25,0.33,0.75,0.67,0.01,0.06,0.0,0.76828885,1.0,1.0,0.089341395,0.0,4.1529536e-05,0.0,0.0,0.08224529,0.0
0.0,0.0,0.04411765,0.1,0.0,0.0,0.0,0.0,0.0,0.055182576,0.0,0.0,0.0,0.0,0.0,0.0,0.002883993,0.026279807,0.0,0.0,0.0,0.07175094,0.014378175,0.12524462,1.0,1.0,0.0,0.0,1.0,0.0,0.0,0.8871362,1.0,1.0,0.124494486,0.0,0.0033690631,0.0,0.0,0.10114506,0.0
0.0,0.0,0.029411765,0.2,0.0,0.0,0.0,0.0,0.0,0.0,0.0,0.0,0.0,0.0,0.0,0.0,0.0,0.0,0.0,0.0,0.0,0.00048089027,0.017046258,0.007827789,0.0,0.0,1.0,1.0,0.02,0.07,0.0,0.76828444,1.0,1.0,0.09118345,0.0,0.0021239072,0.0,0.0,0.078772634,0.0
0.0,0.0,0.45588234,0.2,0.0,0.0,0.0,0.0,0.0,0.0,0.0,0.0,0.0,0.0,0.0,0.0,0.0,0.0,0.0,0.0,0.0,0.0022278428,0.016821437,0.029354207,0.0,0.0,1.0,1.0,0.07,0.06,0.0,0.7707243,1.0,1.0,0.09200174,0.0,0.002422884,0.0,0.0,0.0786486,0.0
0.0,0.0,0.029411765,0.1,0.0,0.0,0.0,0.0,0.0,0.0,0.0,0.0,0.0,0.0,0.0,0.0,0.0,0.0,0.0,0.0,0.0,0.0,0.02314794,0.0332681,1.0,1.0,0.0,0.0,0.08,0.06,0.0,0.78021586,1.0,1.0,0.08931836,0.0,0.0,0.0,0.0,0.089844614,0.0
0.0,0.0,0.029411765,0.1,0.0,0.0,0.0,0.0,0.0,0.0,0.0,0.0,0.0,0.0,0.0,0.0,0.0,0.0,0.0,0.0,0.0,0.0,0.021478914,0.015655577,0.4,1.0,0.6,0.0,0.06,0.07,0.0,0.7574457,1.0,1.0,0.08460892,0.0,0.0,0.0,0.0,0.08076537,0.0
0.0,0.0,0.029411765,0.1,0.0,0.0,0.0,0.0,0.0,0.0,0.0,0.0,0.0,0.0,0.0,0.0,0.0,0.0,0.0,0.0,0.0,0.0,0.023303509,0.011741683,1.0,1.0,0.0,0.0,0.03,0.06,0.0,0.77489126,1.0,1.0,0.08781173,0.0,0.0,0.0,0.0,0.08891389,0.0
0.0,0.0,0.3970588,0.2,0.0,0.0,0.0,0.0,0.0,0.0,0.0,0.0,0.0,0.0,0.0,0.0,0.0,0.0,0.0,0.0,0.0,0.0006903708,0.01704926,0.0058708414,0.0,0.0,1.0,1.0,0.01,0.07,0.0,0.7688414,1.0,1.0,0.09134387,0.0,0.0019775778,0.0,0.0,0.07919186,0.0
0.0,0.0,0.029411765,0.2,0.0,0.0,0.0,0.0,0.0,0.0,0.0,0.0,0.0,0.0,0.0,0.0,0.0,0.0,0.0,0.0,0.0,0.004729122,0.016632594,0.037181996,0.0,0.0,1.0,1.0,0.07,0.06,0.0,0.77536595,1.0,1.0,0.093445696,0.0,0.0020996928,0.0,0.0,0.08009949,0.0
0.0,0.0,0.04411765,0.1,0.0,0.0,0.0,0.0,0.0,0.057155013,0.0,0.0,0.0,0.0,0.0,0.0,0.0025974885,0.025948733,0.0,0.0,0.0,0.07226765,0.015719794,0.17221135,1.0,1.0,0.0,0.0,1.0,0.0,0.0,0.89093304,1.0,1.0,0.12434446,0.0,0.0018465519,0.0,0.0,0.10531375,0.0
0.0,0.0,0.6911765,0.2,0.0,0.0,0.0,0.0,0.0,0.0,0.0,0.0,0.0,0.0,0.0,0.0,0.0,0.0,0.0,0.0,0.0,0.0,0.017317906,0.007827789,0.0,0.0,1.0,1.0,0.04,0.08,0.0,0.76129997,1.0,1.0,0.08894681,0.0,0.0030492693,0.0,0.0,0.075996906,0.0
0.0,0.0,0.029411765,0.2,0.0,0.0,0.0,0.0,0.0,0.0,0.0,0.0,0.0,0.0,0.0,0.0,0.0,0.0,0.0,0.0,0.0,0.0031838715,0.016809627,0.039138943,0.0,0.0,1.0,1.0,0.12,0.06,0.0,0.77178514,1.0,1.0,0.09222155,0.0,0.0028074384,0.0,0.0,0.07833961,0.0
0.0,0.0,0.029411765,0.1,0.0,0.0,0.0,0.0,0.0,0.0,0.0,0.0,0.0,0.0,0.0,0.0,0.0,0.0,0.0,0.0,0.0,0.0,0.023486309,0.0332681,1.0,1.0,0.0,0.0,0.15,0.07,0.0,0.7756249,1.0,1.0,0.08765524,0.0,0.0,0.0,0.0,0.08819005,0.0
0.0,1.0,0.36764705,0.0,1.6426413e-05,0.0,0.0,0.0,0.0,0.0067233443,0.0,0.0,0.0,0.0,0.0,0.0,0.0,0.0,0.0,0.0,0.0,0.018198103,0.015013374,0.8414873,0.0,0.0,0.0,0.0,1.0,0.0,0.0,0.7915,1.0,1.0,0.099177115,0.0,0.0030256957,0.0,0.0,0.08853987,0.0
0.015628519,0.0,0.04411765,0.3,0.00094585575,0.0,0.0,0.0,0.0,0.014223993,0.0,0.0,0.0,0.0,0.0,0.0,0.00041247904,0.0,0.0,0.0,0.0,0.032397598,0.009874746,0.14481409,0.01,0.01,0.97,0.97,1.0,0.0,0.0,0.8075625,1.0,1.0,0.10735323,0.0,0.00940688,0.0,0.0,0.074516624,0.0
0.0,0.0,0.029411765,0.1,0.0,0.0,0.0,0.0,0.0,3.9488077e-05,0.0,0.0,0.0,0.0,0.0,0.0,0.0,0.0,0.0,0.0,0.0,0.0005373657,0.02296824,0.039138943,1.0,1.0,0.0,0.0,0.08,0.07,0.0,0.78398764,1.0,1.0,0.090516604,0.0,0.0,0.0,0.0,0.09088582,0.0
0.0,0.0,0.38235295,0.2,0.0,0.0,0.0,0.0,0.0,0.0,0.0,0.0,0.0,0.0,0.0,0.0,0.0,0.0,0.0,0.0,0.0,0.0024643838,0.016864426,0.021526419,0.0,0.0,1.0,1.0,0.05,0.07,0.0,0.7715819,1.0,1.0,0.09222274,0.0,0.0021161735,0.0,0.0,0.07943109,0.0
0.0,0.0,0.029411765,0.1,0.0,0.0,0.0,0.0,0.0,0.0,0.0,0.0,0.0,0.0,0.0,0.0,0.0,0.0,0.0,0.0,0.0,0.0,0.023251653,0.02739726,1.0,1.0,0.0,0.0,0.07,0.06,0.0,0.7778274,1.0,1.0,0.088576816,0.0,0.0,0.0,0.0,0.08931148,0.0
0.12948108,0.0,0.13235295,0.0,0.0,3.2691223e-05,0.0,0.0,0.0,0.0,0.0,0.0,0.0,0.0,0.0,0.0,0.0,0.0,0.0,0.0,0.0,0.0,0.018023945,0.0019569471,0.0,0.0,0.0,0.0,1.0,0.0,0.0,0.76395106,1.0,1.0,0.08851155,0.0,0.0034454316,0.0,0.0,0.0820823,0.0
0.0,0.0,0.029411765,0.2,0.0,0.0,0.0,0.0,0.0,0.0,0.0,0.0,0.0,0.0,0.0,0.0,0.0,0.0,0.0,0.0,0.0,0.00053423643,0.017064169,0.0058708414,0.0,0.0,1.0,1.0,0.01,0.06,0.0,0.7685094,1.0,1.0,0.09123441,0.0,0.0020269156,0.0,0.0,0.07905534,0.0
0.0,0.0,0.029411765,0.2,0.0,0.0,0.0,0.0,0.0,0.0,0.0,0.0,0.0,0.0,0.0,0.0,0.0,0.0,0.0,0.0,0.0,0.0031425357,0.01673299,0.037181996,0.0,0.0,1.0,1.0,0.09,0.06,0.0,0.77217615,1.0,1.0,0.09246033,0.0,0.002461359,0.0,0.0,0.07888448,0.0
0.0,0.0,0.029411765,0.2,0.0,0.0,0.0,0.0,0.0,0.0,0.0,0.0,0.0,0.0,0.0,0.0,0.0,0.0,0.0,0.0,0.0,0.003772676,0.016776204,0.037181996,0.0,0.0,1.0,1.0,0.1,0.07,0.0,0.7731484,1.0,1.0,0.09264792,0.0,0.002541408,0.0,0.0,0.079090446,0.0
0.0,0.0,0.029411765,0.2,0.0,0.0,0.0,0.0,0.0,0.0,0.0,0.0,0.0,0.0,0.0,0.0,0.0,0.0,0.0,0.0,0.0,0.0010812283,0.016997792,0.01369863,0.0,0.0,1.0,1.0,0.03,0.07,0.0,0.7691339,1.0,1.0,0.09143566,0.0,0.002225712,0.0,0.0,0.07878548,0.0
0.0,0.0,0.04411765,0.0,0.0008681168,0.0061771553,0.0,0.0,0.0,0.0,0.0,0.0,0.0,0.0,0.0,0.0,0.0,0.0,0.0,0.0,0.0,0.0034077168,0.010810904,0.009784736,0.25,0.2,0.0,0.0,1.0,0.0,0.4,0.75754476,1.0,1.0,0.09328092,0.0,0.009814963,0.0,0.0,0.064843,0.0
0.0,0.0,0.04411765,0.2,0.0,0.0,0.0,0.0,0.0,0.005375564,0.0,0.0,0.0,0.0,0.0,0.0,0.0,0.0,0.0,0.0,0.0,0.013381004,0.017701559,0.0019569471,0.0,0.0,1.0,1.0,1.0,0.0,0.0,0.7912452,1.0,1.0,0.09628665,0.0,0.0015091747,0.0,0.0,0.08835557,0.0
0.0,0.0,0.7352941,0.5,0.0,0.0,0.0,0.0,0.0,0.0,0.0,0.0,0.0,0.0,0.0,0.0,0.0,0.0,0.0,0.0,0.0,0.0,0.01723098,0.021526419,0.0,0.0,1.0,1.0,0.09,0.07,0.0,0.7638167,1.0,1.0,0.089677416,0.0,0.0029545724,0.0,0.0,0.077006966,0.0
0.0,0.0,0.029411765,0.1,0.0,0.0,0.0,0.0,0.0,0.0,0.0,0.0,0.0,0.0,0.0,0.0,0.0,0.0,0.0,0.0,0.0,0.0,0.02338247,0.007827789,1.0,1.0,0.0,0.0,0.02,0.07,0.0,0.77450526,1.0,1.0,0.08761101,0.0,0.0,0.0,0.0,0.088694274,0.0
0.0,0.0,0.029411765,0.2,0.0,0.0,0.0,0.0,0.0,0.0,0.0,0.0,0.0,0.0,0.0,0.0,0.0,0.0,0.0,0.0,0.0,0.0033729672,0.016805999,0.023483366,0.0,0.0,1.0,1.0,0.05,0.07,0.0,0.77321875,1.0,1.0,0.09271913,0.0,0.0020487905,0.0,0.0,0.079817146,0.0
0.0,0.0,0.45588234,0.2,0.0,0.0,0.0,0.0,0.0,0.0,0.0,0.0,0.0,0.0,0.0,0.0,0.0,0.0,0.0,0.0,0.0,0.0024224818,0.016920336,0.021526419,0.0,0.0,1.0,1.0,0.05,0.07,0.0,0.771309,1.0,1.0,0.09206622,0.0,0.0022689402,0.0,0.0,0.079221904,0.0
0.0,0.0,0.6617647,0.5,0.0,0.0,0.0,0.0,0.0,0.0,0.0,0.0,0.0,0.0,0.0,0.0,0.0,0.0,0.0,0.0,0.0,0.0,0.017171122,0.0019569471,0.0,0.0,1.0,1.0,0.0,0.08,0.0,0.76608026,1.0,1.0,0.090469055,0.0,0.0021858811,0.0,0.0,0.0783681,0.0
0.0,0.0,0.029411765,0.2,0.0,0.0,0.0,0.0,0.0,0.0,0.0,0.0,0.0,0.0,0.0,0.0,0.0,0.0,0.0,0.0,0.0,0.0,0.017377399,0.0058708414,0.0,0.0,1.0,1.0,0.03,0.08,0.0,0.76033795,1.0,1.0,0.08864216,0.0,0.0030139238,0.0,0.0,0.07589686,0.0
0.0,0.0,0.04411765,0.1,0.0,0.0,0.0,0.0,0.0,0.058196723,0.0,0.0,0.0,0.0,0.0,0.0,0.0021333918,0.024728209,0.0,0.0,0.0,0.07168847,0.017183721,0.21330725,1.0,1.0,0.0,0.0,1.0,0.0,0.0,0.8929664,1.0,1.0,0.12361493,0.0,0.00027537346,0.0,0.0,0.10933989,0.0
0.0,0.0,0.029411765,0.2,0.0,0.0,0.0,0.0,0.0,0.0,0.0,0.0,0.0,0.0,0.0,0.0,0.0,0.0,0.0,0.0,0.0,0.0009047091,0.017005503,0.007827789,0.0,0.0,1.0,1.0,0.02,0.07,0.0,0.76918566,1.0,1.0,0.091480665,0.0,0.0019899756,0.0,0.0,0.079143316,0.0
0.0,1.0,0.36764705,0.0,1.6044403e-05,0.0,0.0,0.0,0.0,0.0075268447,0.0,0.0,0.0,0.0,0.0,0.0,0.0,0.0,0.0,0.0,0.0,0.018820643,0.015076369,0.9080235,0.0,0.0,0.0,0.0,1.0,0.0,0.0,0.79303026,1.0,1.0,0.09955666,0.0,0.0027951747,0.0,0.0,0.08902079,0.0
0.0,0.0,0.029411765,0.2,0.0,0.0,0.0,0.0,0.0,0.0,0.0,0.0,0.0,0.0,0.0,0.0,0.0,0.0,0.0,0.0,0.0,0.0,0.017115198,0.0058708414,0.0,0.0,1.0,1.0,0.01,0.06,0.0,0.76545,1.0,1.0,0.09035861,0.0,0.0022569448,0.0,0.0,0.07799101,0.0
0.0,0.0,0.029411765,0.2,0.0,0.0,0.0,0.0,0.0,0.0,0.0,0.0,0.0,0.0,0.0,0.0,0.0,0.0,0.0,0.0,0.0,0.0,0.017275773,0.009784736,0.0,0.0,1.0,1.0,0.04,0.06,0.0,0.7619498,1.0,1.0,0.08916884,0.0,0.0029788762,0.0,0.0,0.0762395,0.0
0.03598718,0.0,0.04411765,0.8,0.001155006,0.0,0.0,0.0,0.0,0.0,0.0,0.0,0.0,0.0,0.0,0.0,0.0,0.0,0.0,0.0,0.0,0.016400307,0.010663725,0.02739726,0.07,0.07,0.93,0.93,1.0,0.0,0.0,0.7800336,1.0,1.0,0.09932589,0.0,0.009658277,0.0,0.0,0.06936762,0.0
0.0,0.0,0.029411765,0.2,0.0,0.0,0.0,0.0,0.0,0.0,0.0,0.0,0.0,0.0,0.0,0.0,0.0,0.0,0.0,0.0,0.0,0.0,0.01735685,0.0058708414,0.0,0.0,1.0,1.0,0.03,0.07,0.0,0.7591295,1.0,1.0,0.08834096,0.0,0.0030836612,0.0,0.0,0.07548839,0.0
0.0,0.0,0.029411765,0.2,0.0,0.0,0.0,0.0,0.0,0.0,0.0,0.0,0.0,0.0,0.0,0.0,0.0,0.0,0.0,0.0,0.0,0.0,0.017157964,0.01369863,0.0,0.0,1.0,1.0,0.05,0.06,0.0,0.76365554,1.0,1.0,0.08976216,0.0,0.0028151125,0.0,0.0,0.0767262,0.0
0.0,1.0,0.36764705,0.0,1.6044403e-05,0.0,0.0,0.0,0.0,0.008519411,0.0,0.0,0.0,0.0,0.0,0.0,0.0,0.0,0.0,0.0,0.0,0.019589603,0.015154198,0.99021524,0.0,0.0,0.0,0.0,1.0,0.0,0.0,0.79492056,1.0,1.0,0.10002544,0.0,0.0025104433,0.0,0.0,0.08961499,0.0
0.0,0.0,0.45588234,0.2,0.0,0.0,0.0,0.0,0.0,0.0,0.0,0.0,0.0,0.0,0.0,0.0,0.0,0.0,0.0,0.0,0.0,0.0025069416,0.016870119,0.019569471,0.0,0.0,1.0,1.0,0.04,0.06,0.0,0.7717384,1.0,1.0,0.09226664,0.0,0.002066791,0.0,0.0,0.079520136,0.0
0.0,0.0,0.029411765,0.2,0.0,0.0,0.0,0.0,0.0,0.0,0.0,0.0,0.0,0.0,0.0,0.0,0.0,0.0,0.0,0.0,0.0,0.004642606,0.016692743,0.037181996,0.0,0.0,1.0,1.0,0.08,0.06,0.0,0.7749983,1.0,1.0,0.09325793,0.0,0.002266571,0.0,0.0,0.0798513,0.0
0.0,0.0,0.029411765,0.2,0.0,0.0,0.0,0.0,0.0,0.0,0.0,0.0,0.0,0.0,0.0,0.0,0.0,0.0,0.0,0.0,0.0,0.0005302131,0.017083526,0.009784736,0.0,0.0,1.0,1.0,0.02,0.07,0.0,0.7681397,1.0,1.0,0.09107693,0.0,0.002283752,0.0,0.0,0.07859141,0.0
0.0,0.0,0.6764706,0.1,0.0,0.0,0.0,0.0,0.0,0.0,0.0,0.0,0.0,0.0,0.0,0.0,0.0,0.0,0.0,0.0,0.0,0.0,0.02353488,0.0039138943,1.0,1.0,0.0,0.0,0.01,0.11,0.0,0.7728704,1.0,1.0,0.08698099,0.0,0.0,0.0,0.0,0.08812946,0.0
0.0,0.0,0.029411765,0.1,0.0,0.0,0.0,0.0,0.0,0.0,0.0,0.0,0.0,0.0,0.0,0.0,0.0,0.0,0.0,0.0,0.0,0.0,0.023144282,0.029354207,1.0,1.0,0.0,0.0,0.06,0.06,0.0,0.78009677,1.0,1.0,0.089304976,0.0,0.0,0.0,0.0,0.089921474,0.0
0.0,0.0,0.13235295,0.1,0.0,0.0,0.0,0.0,0.0,0.026438892,0.0,0.0,0.0,0.0,0.0,0.0,0.0,0.0,0.0,0.0,0.0,0.033828855,0.020169668,0.2739726,1.0,1.0,0.0,0.0,1.0,0.0,0.0,0.83317256,1.0,1.0,0.105362736,0.0,0.0,0.0,0.0,0.09986147,0.0
0.0,0.0,0.29411766,0.2,0.0,0.0,0.0,0.0,0.0,0.0,0.0,0.0,0.0,0.0,0.0,0.0,0.0,0.0,0.0,0.0,0.0,0.0,0.017099664,0.0039138943,0.0,0.0,1.0,1.0,0.01,0.07,0.0,0.7670413,1.0,1.0,0.0908091,0.0,0.0021066666,0.0,0.0,0.07857314,0.0
0.0,0.0,0.029411765,0.1,0.0,0.0,0.0,0.0,0.0,0.0,0.0,0.0,0.0,0.0,0.0,0.0,0.0,0.0,0.0,0.0,0.0,0.0,0.023172684,0.02739726,1.0,1.0,0.0,0.0,0.06,0.06,0.0,0.7782961,1.0,1.0,0.08881416,0.0,0.0,0.0,0.0,0.08957574,0.0
0.0,0.0,0.029411765,0.1,0.0,0.0,0.0,0.0,0.0,0.0,0.0,0.0,0.0,0.0,0.0,0.0,0.0,0.0,0.0,0.0,0.0,0.0,0.023372129,0.025440313,1.0,1.0,0.0,0.0,0.08,0.08,0.0,0.7768364,1.0,1.0,0.08815362,0.0,0.0,0.0,0.0,0.08886632,0.0
0.0,0.0,0.7941176,0.2,0.0,0.0,0.0,0.0,0.0,0.0,0.0,0.0,0.0,0.0,0.0,0.0,0.0,0.0,0.0,0.0,0.0,0.0,0.017374203,0.0058708414,0.0,0.0,1.0,1.0,0.03,0.06,0.0,0.75971055,1.0,1.0,0.08846604,0.0,0.0031096041,0.0,0.0,0.07563031,0.0
0.0,0.0,0.029411765,0.2,0.0,0.0,0.0,0.0,0.0,0.0,0.0,0.0,0.0,0.0,0.0,0.0,0.0,0.0,0.0,0.0,0.0,0.0016362369,0.01689206,0.021526419,0.0,0.0,1.0,1.0,0.05,0.06,0.0,0.77000475,1.0,1.0,0.091769226,0.0,0.002238229,0.0,0.0,0.07887936,0.0
0.0,0.0,0.2647059,0.2,0.0,0.0,0.0,0.0,0.0,0.0,0.0,0.0,0.0,0.0,0.0,0.0,0.0,0.0,0.0,0.0,0.0,0.0039928854,0.016703822,0.029354207,0.0,0.0,1.0,1.0,0.06,0.06,0.0,0.77429354,1.0,1.0,0.09311224,0.0,0.0020048618,0.0,0.0,0.08001965,0.0
0.0,0.0,0.4117647,0.1,0.0,0.0,0.0,0.0,0.0,4.74751e-05,0.0,0.0,0.0,0.0,0.0,0.0,0.0,0.0,0.0,0.0,0.0,0.00066792965,0.023005597,0.039138943,1.0,1.0,0.0,0.0,0.08,0.07,0.0,0.7840828,1.0,1.0,0.09048357,0.0,0.0,0.0,0.0,0.09082472,0.0
0.0,0.0,0.029411765,0.2,0.0,0.0,0.0,0.0,0.0,0.0,0.0,0.0,0.0,0.0,0.0,0.0,0.0,0.0,0.0,0.0,0.0,0.0035061538,0.016731642,0.025440313,0.0,0.0,1.0,1.0,0.05,0.06,0.0,0.77361965,1.0,1.0,0.09292557,0.0,0.0019031018,0.0,0.0,0.08005431,0.0
0.13268648,0.0,0.13235295,0.0,0.0,3.2691223e-05,0.0,0.0,0.0,0.0,0.0,0.0,0.0,0.0,0.0,0.0,0.0,0.0,0.0,0.0,0.0,0.0,0.019470282,0.0019569471,0.0,0.0,0.0,0.0,1.0,0.0,0.0,0.7544501,1.0,1.0,0.0848363,0.0,0.0021675974,0.0,0.0,0.08179605,0.0
0.0,0.0,0.029411765,0.2,0.0,0.0,0.0,0.0,0.0,0.0,0.0,0.0,0.0,0.0,0.0,0.0,0.0,0.0,0.0,0.0,0.0,0.0002937913,0.017039873,0.025440313,0.0,0.0,1.0,1.0,0.09,0.07,0.0,0.7667891,1.0,1.0,0.09067326,0.0,0.0029178113,0.0,0.0,0.07724506,0.0
0.0,0.0,0.029411765,0.2,0.0,0.0,0.0,0.0,0.0,0.0,0.0,0.0,0.0,0.0,0.0,0.0,0.0,0.0,0.0,0.0,0.0,0.0036832988,0.016785406,0.029354207,0.0,0.0,1.0,1.0,0.06,0.07,0.0,0.77345157,1.0,1.0,0.09276802,0.0,0.0022422224,0.0,0.0,0.0795764,0.0
0.0,0.0,0.029411765,0.2,0.0,0.0,0.0,0.0,0.0,0.0,0.0,0.0,0.0,0.0,0.0,0.0,0.0,0.0,0.0,0.0,0.0,0.004011184,0.01672104,0.0332681,0.0,0.0,1.0,1.0,0.07,0.07,0.0,0.7739713,1.0,1.0,0.092970364,0.0,0.002254635,0.0,0.0,0.07957533,0.0
0.0,0.0,0.029411765,0.1,0.0,0.0,0.0,0.0,0.0,0.0,0.0,0.0,0.0,0.0,0.0,0.0,0.0,0.0,0.0,0.0,0.0,0.0,0.02354201,0.0058708414,1.0,1.0,0.0,0.0,0.02,0.1,0.0,0.7721298,1.0,1.0,0.086776935,0.0,0.0,0.0,0.0,0.08795053,0.0
0.0,0.0,0.29411766,0.1,0.0,0.0,0.0,0.0,0.0,0.0,0.0,0.0,0.0,0.0,0.0,0.0,0.0,0.0,0.0,0.0,0.0,0.0,0.023302622,0.025440313,1.0,1.0,0.0,0.0,0.07,0.09,0.0,0.7783812,1.0,1.0,0.08864581,0.0,0.0,0.0,0.0,0.08932766,0.0
0.0,0.0,0.0882353,0.1,0.0,0.0,0.0,0.0,0.0,0.0,0.0,0.0,0.0,0.0,0.0,0.0,0.0,0.0,0.0,0.0,0.0,0.0,0.023389883,0.023483366,1.0,1.0,0.0,0.0,0.08,0.08,0.0,0.776636,1.0,1.0,0.08808439,0.0,0.0,0.0,0.0,0.08880156,0.0
0.0,0.0,0.3970588,0.2,0.0,0.0,0.0,0.0,0.0,0.0,0.0,0.0,0.0,0.0,0.0,0.0,0.0,0.0,0.0,0.0,0.0,0.001467377,0.016903616,0.03522505,0.0,0.0,1.0,1.0,0.12,0.05,0.0,0.7686802,1.0,1.0,0.09129984,0.0,0.0029545128,0.0,0.0,0.077471405,0.0
0.0,0.0,0.25,0.5,0.0,0.0,0.0,0.0,0.0,0.0,0.0,0.0,0.0,0.0,0.0,0.0,0.0,0.0,0.0,0.0,0.0,0.0,0.017391227,0.0019569471,0.0,0.0,1.0,1.0,0.01,0.07,0.0,0.75927377,1.0,1.0,0.08835762,0.0,0.002972588,0.0,0.0,0.07576251,0.0
0.0,0.0,0.029411765,0.1,0.0,0.0,0.0,0.0,0.0,0.0,0.0,0.0,0.0,0.0,0.0,0.0,0.0,0.0,0.0,0.0,0.0,0.0,0.023733847,0.0039138943,1.0,1.0,0.0,0.0,0.02,0.06,0.0,0.76715934,1.0,1.0,0.08524964,0.0,0.0,0.0,0.0,0.0865483,0.0
0.03564065,0.0,0.04411765,0.3,0.001155006,0.0,0.0,0.0,0.0,0.018101156,0.0,0.0,0.0,0.0,0.0,0.0,0.0004240498,0.0014620721,0.0,0.0,0.0,0.036848992,0.010120131,0.019569471,0.0,0.0,1.0,1.0,1.0,0.0,0.0,0.8154079,1.0,1.0,0.10915818,0.0,0.009426042,0.0,0.0,0.075919926,0.0
0.0,0.0,0.04411765,0.3,0.0008681168,0.0061771553,0.0,0.0,0.0,0.0,0.0,0.0,0.0,0.0,0.0,0.0,0.0,0.0,0.0,0.0,0.0,0.008225679,0.010643281,0.0058708414,0.0,0.0,0.33,0.33,1.0,0.0,0.0,0.76577353,1.0,1.0,0.09560668,0.0,0.009833157,0.0,0.0,0.06611583,0.0
0.015559213,0.0,0.04411765,0.3,0.0011164867,0.0,0.0,0.0,0.0,0.04798767,0.0,0.0,0.0,0.0,0.0,0.0014938414,0.00412108,0.02719596,0.0,0.0,0.0,0.07020149,0.008934207,0.056751467,0.17,0.17,0.83,0.83,1.0,0.0,0.0,0.8727859,1.0,1.0,0.12540784,0.0,0.009212792,0.0,0.0,0.08580193,0.0
0.0,0.0,0.029411765,0.1,0.0,0.0,0.0,0.0,0.0,0.0,0.0,0.0,0.0,0.0,0.0,0.0,0.0,0.0,0.0,0.0,0.0,0.0,0.02335146,0.0058708414,1.0,1.0,0.0,0.0,0.01,0.07,0.0,0.7735101,1.0,1.0,0.08741199,0.0,0.0,0.0,0.0,0.08863881,0.0
0.0,0.0,0.4852941,0.2,0.0,0.0,0.0,0.0,0.0,0.0,0.0,0.0,0.0,0.0,0.0,0.0,0.0,0.0,0.0,0.0,0.0,0.00045239925,0.017788492,0.017612524,0.0,0.0,1.0,1.0,0.06,0.06,0.0,0.7686087,1.0,1.0,0.0905283,0.0,0.0022151917,0.0,0.0,0.07867849,0.0
0.0,1.0,0.36764705,0.0,8.08587e-06,0.0,0.0,0.0,0.0,0.0017482638,0.0,0.0,0.0,0.0,0.0,0.0,0.0,0.0,0.0,0.0,0.0,0.014117122,0.01455529,0.41095892,0.0,0.0,0.0,0.0,1.0,0.0,0.0,0.78213894,1.0,1.0,0.09699089,0.0,0.004282564,0.0,0.0,0.08498269,0.0
0.0,0.0,0.029411765,0.5,0.0,0.0,0.0,0.0,0.0,0.0,0.0,0.0,0.0,0.0,0.0,0.0,0.0,0.0,0.0,0.0,0.0,0.0009990335,0.016948462,0.03522505,0.0,0.0,1.0,1.0,0.14,0.06,0.0,0.7676842,1.0,1.0,0.0909714,0.0,0.0031025857,0.0,0.0,0.07706168,0.0
0.0,0.0,0.7205882,0.2,0.0,0.0,0.0,0.0,0.0,0.0,0.0,0.0,0.0,0.0,0.0,0.0,0.0,0.0,0.0,0.0,0.0,0.0020686984,0.016874313,0.011741683,0.0,0.0,1.0,1.0,0.02,0.06,0.0,0.77152896,1.0,1.0,0.09226879,0.0,0.0016940832,0.0,0.0,0.08005765,0.0
0.0,0.0,0.04411765,0.1,0.0,0.0,0.0,0.0,0.0,0.0,0.0,0.0,0.0,0.0,0.0,0.0,0.0,0.0,0.0,0.0,0.0,0.0,0.014803432,0.1037182,0.04,0.04,0.96,0.96,1.0,0.0,0.0,0.7559328,1.0,1.0,0.08944703,0.0,0.006228164,0.0,0.0,0.07029736,0.0
0.0,0.0,0.29411766,0.2,0.0,0.0,0.0,0.0,0.0,0.0,0.0,0.0,0.0,0.0,0.0,0.0,0.0,0.0,0.0,0.0,0.0,0.0008980334,0.016972713,0.019569471,0.0,0.0,1.0,1.0,0.05,0.06,0.0,0.76850116,1.0,1.0,0.09126564,0.0,0.0024354458,0.0,0.0,0.078285664,0.0
0.0,0.0,0.029411765,0.2,0.0,0.0,0.0,0.0,0.0,0.0,0.0,0.0,0.0,0.0,0.0,0.0,0.0,0.0,0.0,0.0,0.0,0.0025684834,0.016760029,0.02739726,0.0,0.0,1.0,1.0,0.05,0.05,0.0,0.7717438,1.0,1.0,0.09238125,0.0,0.002095595,0.0,0.0,0.07935506,0.0
0.0,0.0,0.04411765,0.1,0.0,0.0,0.0,0.0,0.0,0.022325575,0.0,0.0,0.0,0.0,0.0,0.0,0.0,0.0011879802,0.0,0.0,0.0,0.037496597,0.014099598,0.017612524,1.0,1.0,0.0,0.0,1.0,0.0,0.0,0.8245598,1.0,1.0,0.10810047,0.0,0.005690038,0.0,0.0,0.0851593,0.0
0.0,0.0,0.13235295,0.5,0.0,0.0,0.0,0.0,0.0,0.013566226,0.0,0.0,0.0,0.0,0.0,0.0,0.0,0.0,0.0,0.0,0.0,0.023371935,0.01662878,0.023483366,0.0,0.0,1.0,1.0,0.2,0.07,0.0,0.8069527,1.0,1.0,0.10149493,0.0,0.0020311028,0.0,0.0,0.08923119,0.0
0.0,0.0,0.029411765,0.2,0.0,0.0,0.0,0.0,0.0,0.0,0.0,0.0,0.0,0.0,0.0,0.0,0.0,0.0,0.0,0.0,0.0,0.00037136674,0.017046973,0.009784736,0.0,0.0,1.0,1.0,0.02,0.07,0.0,0.7679857,1.0,1.0,0.09109264,0.0,0.0021944046,0.0,0.0,0.07862502,0.0
0.14235467,0.0,0.13235295,0.0,0.0,1.1144735e-05,0.0,0.0,0.0,0.0,0.0,0.0,0.0,0.0,0.0,0.0,0.0,0.0,0.0,0.0,0.0,0.0,0.03692942,0.0019569471,0.0,0.0,0.0,0.0,1.0,0.0,0.0,0.62738204,0.9074475,1.0,0.032192767,0.0,0.009672359,0.0,0.0,0.060441926,0.0
0.0,0.0,0.6911765,0.2,0.0,0.0,0.0,0.0,0.0,0.0,0.0,0.0,0.0,0.0,0.0,0.0,0.0,0.0,0.0,0.0,0.0,0.0027823448,0.016848132,0.039138943,0.0,0.0,1.0,1.0,0.14,0.06,0.0,0.77093124,1.0,1.0,0.09194004,0.0,0.0029343069,0.0,0.0,0.077988416,0.0
0.0,0.0,0.029411765,0.1,0.0,0.0,0.0,0.0,0.0,0.0,0.0,0.0,0.0,0.0,0.0,0.0,0.0,0.0,0.0,0.0,0.0,0.0,0.02203329,0.02739726,0.59,1.0,0.41,0.0,0.05,0.07,0.0,0.773173,1.0,1.0,0.08846413,0.0,0.0,0.0,0.0,0.08676329,0.0
0.0,0.0,0.029411765,0.2,0.0,0.0,0.0,0.0,0.0,0.022008687,0.0,0.0,0.0,0.0,0.0,0.0,0.00014032423,0.0,0.0,0.0,0.0,0.03126812,0.0165817,0.015655577,0.0,0.0,1.0,1.0,0.13,0.06,0.0,0.8225821,1.0,1.0,0.10572889,0.0,0.0009198338,0.0,0.0,0.09389475,0.0
0.015507234,0.0,0.04411765,0.3,0.00095604267,0.0,0.0,0.0,0.0,0.0469625,0.0,0.0,0.0,0.0,0.0,0.0012095273,0.0039996803,0.026356816,0.0,0.0,0.0,0.06907299,0.008970395,0.050880626,0.19,0.19,0.81,0.81,1.0,0.0,0.0,0.8708354,1.0,1.0,0.1248591,0.0,0.009233221,0.0,0.0,0.08540791,0.0
0.0,0.0,0.029411765,0.2,0.0,0.0,0.0,0.0,0.0,0.0,0.0,0.0,0.0,0.0,0.0,0.0,0.0,0.0,0.0,0.0,0.0,0.0048969984,0.016789712,0.029354207,0.03,0.0,0.97,1.0,0.05,0.06,0.0,0.77615154,1.0,1.0,0.09353515,0.0,0.0018313527,0.0,0.0,0.080720514,0.0
0.0,0.0,0.029411765,0.1,0.0,0.0,0.0,0.0,0.0,0.0,0.0,0.0,0.0,0.0,0.0,0.0,0.0,0.0,0.0,0.0,0.0,0.0,0.023267925,0.011741683,1.0,1.0,0.0,0.0,0.02,0.06,0.0,0.77537453,1.0,1.0,0.08798673,0.0,0.0,0.0,0.0,0.08908805,0.0
0.0,0.0,0.029411765,0.5,0.0,0.0,0.0,0.0,0.0,0.0,0.0,0.0,0.0,0.0,0.0,0.0,0.0,0.0,0.0,0.0,0.0,0.0038834214,0.016704574,0.031311154,0.0,0.0,1.0,1.0,0.06,0.06,0.0,0.7739948,1.0,1.0,0.093021445,0.0,0.002075404,0.0,0.0,0.07987207,0.0
0.0,0.0,0.029411765,0.1,0.0,0.0,0.0,0.0,0.0,0.0,0.0,0.0,0.0,0.0,0.0,0.0,0.0,0.0,0.0,0.0,0.0,0.0,0.02321522,0.01369863,1.0,1.0,0.0,0.0,0.03,0.06,0.0,0.7763002,1.0,1.0,0.08829566,0.0,0.0,0.0,0.0,0.089309305,0.0
0.0,0.0,0.13235295,0.8,0.0,3.2691223e-05,0.0,0.0,0.0,0.017817825,0.0,0.0,0.0,0.0,0.0,0.0,0.0,0.0,0.0,0.0,0.0,0.02458328,0.019018985,0.0019569471,1.0,1.0,0.0,0.0,1.0,0.0,0.0,0.81586075,1.0,1.0,0.10180894,0.0,0.0,0.0,0.0,0.09485486,0.0
0.0,1.0,0.36764705,0.0,1.6426413e-05,0.0,0.0,0.0,0.0,0.000934422,0.0,0.0,0.0,0.0,0.0,0.0,0.0,0.0,0.0,0.0,0.0,0.013435125,0.014390476,0.2994129,0.0,0.0,0.0,0.0,1.0,0.0,0.0,0.7806277,1.0,1.0,0.09674012,0.0,0.0044920146,0.0,0.0,0.08408177,0.0
0.0,0.0,0.04411765,0.0,0.0008681168,0.0061771553,0.0,0.0,0.0,0.0,0.0,0.0,0.0,0.0,0.0,0.0,0.0,0.0,0.0,0.0,0.0,0.0045106113,0.010943659,0.02739726,0.0,0.0,0.0,0.0,1.0,0.0,0.14,0.75949574,1.0,1.0,0.093657695,0.0,0.009760335,0.0,0.0,0.06560248,0.0
0.0,0.0,0.029411765,0.1,0.0,0.0,0.0,0.0,0.0,0.0,0.0,0.0,0.0,0.0,0.0,0.0,0.0,0.0,0.0,0.0,0.0,0.0,0.023556553,0.015655577,1.0,1.0,0.0,0.0,0.06,0.06,0.0,0.77162755,1.0,1.0,0.086599596,0.0,0.0,0.0,0.0,0.087617844,0.0
0.0,0.0,0.13235295,0.8,0.0,3.2691223e-05,0.0,0.0,0.0,0.0,0.0,0.0,0.0,0.0,0.0,0.0,0.0,0.0,0.0,0.0,0.0,0.0,0.019858241,0.0019569471,1.0,1.0,0.0,0.0,1.0,0.0,0.0,0.7314774,1.0,1.0,0.078359894,0.0,0.0027310252,0.0,0.0,0.07669401,0.0
5.1979554e-05,0.0,0.04411765,0.0,0.0008681168,0.0061771553,0.0,0.0,0.0,0.0,0.0,0.0,0.0,0.0,0.0,0.0,0.0,0.0,0.0,0.0,0.0,0.0,0.011139624,0.0039138943,0.0,0.0,0.0,0.0,1.0,0.0,0.0,0.75063825,1.0,1.0,0.091137,0.0,0.009785622,0.0,0.0,0.06411636,0.0
0.0,0.0,0.04411765,0.1,0.0,0.0,0.0,0.0,0.0,0.054040432,0.0,0.0,0.0,0.0,0.0,0.0,0.002771385,0.02541107,0.0,0.0,0.0,0.070593566,0.014322206,0.12328767,1.0,1.0,0.0,0.0,1.0,0.0,0.0,0.8849293,1.0,1.0,0.12395585,0.0,0.0034826994,0.0,0.0,0.100551754,0.0
0.03591787,0.0,0.04411765,0.3,0.001178245,0.0,0.0,0.0,0.0,0.023745745,0.0,0.0,0.0,0.0,0.0,0.0,0.0011175126,0.0064098537,0.0,0.0,0.0,0.043159306,0.009922169,0.019569471,0.0,0.0,1.0,1.0,1.0,0.0,0.0,0.8263056,1.0,1.0,0.1122198,0.0,0.009392455,0.0,0.0,0.077701956,0.0
0.0,0.0,0.029411765,0.2,0.0,0.0,0.0,0.0,0.0,0.0,0.0,0.0,0.0,0.0,0.0,0.0,0.0,0.0,0.0,0.0,0.0,0.0027570724,0.016888238,0.021526419,0.0,0.0,1.0,1.0,0.05,0.07,0.0,0.7720206,1.0,1.0,0.092300825,0.0,0.0021632016,0.0,0.0,0.07951453,0.0
0.0,0.0,0.04411765,0.1,0.0,0.0,0.0,0.0,0.0,0.045408636,0.0,0.0,0.0,0.0,0.0,0.0,0.0020355508,0.019592047,0.0,0.0,0.0,0.062232852,0.01371149,0.091976516,0.87,0.87,0.11,0.11,1.0,0.0,0.0,0.8684895,1.0,1.0,0.12011435,0.0,0.004661575,0.0,0.0,0.09501207,0.0
0.0,0.0,0.04411765,0.1,0.0,0.0,0.0,0.0,0.0,0.028658926,0.0,0.0,0.0,0.0,0.0,0.0,0.0,0.0053319633,0.0,0.0,0.0,0.043933034,0.01440125,0.025440313,1.0,1.0,0.0,0.0,1.0,0.0,0.0,0.8365015,1.0,1.0,0.11097065,0.0,0.0050860643,0.0,0.0,0.08922565,0.0
0.0,1.0,0.36764705,0.0,1.6044403e-05,0.0,0.0,0.0,0.0,0.008590311,0.0,0.0,0.0,0.0,0.0,0.0,0.0,0.0,0.0,0.0,0.0,0.019644529,0.015159763,0.9960861,0.0,0.0,0.0,0.0,1.0,0.0,0.0,0.7950555,1.0,1.0,0.100058906,0.0,0.0024901181,0.0,0.0,0.089657396,0.0
0.0,0.0,0.029411765,0.2,0.0,0.0,0.0,0.0,0.0,0.0,0.0,0.0,0.0,0.0,0.0,0.0,0.0,0.0,0.0,0.0,0.0,0.003270179,0.016838953,0.021526419,0.0,0.0,1.0,1.0,0.04,0.07,0.0,0.7731116,1.0,1.0,0.09266066,0.0,0.0020011514,0.0,0.0,0.07996324,0.0
0.0,0.0,0.029411765,0.2,0.0,0.0,0.0,0.0,0.0,0.0,0.0,0.0,0.0,0.0,0.0,0.0,0.0,0.0,0.0,0.0,0.0,0.0,0.017168686,0.0058708414,0.0,0.0,1.0,1.0,0.02,0.06,0.0,0.7642642,1.0,1.0,0.089967616,0.0,0.0024330765,0.0,0.0,0.077503175,0.0
0.0,0.0,0.29411766,0.2,0.0,0.0,0.0,0.0,0.0,0.0,0.0,0.0,0.0,0.0,0.0,0.0,0.0,0.0,0.0,0.0,0.0,0.00043553114,0.016988955,0.009784736,0.0,0.0,1.0,1.0,0.02,0.06,0.0,0.7683059,1.0,1.0,0.09126478,0.0,0.0020345896,0.0,0.0,0.0788537,0.0
0.0,0.0,0.13235295,0.8,0.0,3.2691223e-05,0.0,0.0,0.0,0.0218862,0.0,0.0,0.0,0.0,0.0,0.0,0.0,0.0,0.0,0.0,0.0,0.029263556,0.019007862,0.0019569471,1.0,1.0,0.0,0.0,1.0,0.0,0.0,0.8237628,1.0,1.0,0.10387836,0.0,0.0,0.0,0.0,0.096438736,0.0
0.0,0.0,0.47058824,0.2,0.0,0.0,0.0,0.0,0.0,0.0,0.0,0.0,0.0,0.0,0.0,0.0,0.0,0.0,0.0,0.0,0.0,0.0033770204,0.016786054,0.02739726,0.0,0.0,1.0,1.0,0.06,0.06,0.0,0.77309537,1.0,1.0,0.09269392,0.0,0.0021193326,0.0,0.0,0.07971704,0.0
0.0,0.0,0.029411765,0.2,0.0,0.0,0.0,0.0,0.0,0.0,0.0,0.0,0.0,0.0,0.0,0.0,0.0,0.0,0.0,0.0,0.0,0.0018639863,0.016912907,0.015655577,0.0,0.0,1.0,1.0,0.03,0.07,0.0,0.7707324,1.0,1.0,0.091970526,0.0,0.0020142943,0.0,0.0,0.0794183,0.0
0.0,1.0,0.36764705,0.0,1.6044403e-05,0.0,0.0,0.0,0.0,0.0003925562,0.0,0.0,0.0,0.0,0.0,0.0,0.0,0.0,0.0,0.0,0.0,0.012908101,0.0144014135,0.2857143,0.0,0.0,0.0,0.0,1.0,0.0,0.0,0.77963674,1.0,1.0,0.096465014,0.0,0.0045522153,0.0,0.0,0.083765835,0.0
0.0,0.0,0.029411765,0.1,0.0,0.0,0.0,0.0,0.0,0.0,0.0,0.0,0.0,0.0,0.0,0.0,0.0,0.0,0.0,0.0,0.0,0.0,0.023752064,0.0039138943,1.0,1.0,0.0,0.0,0.06,0.21,0.0,0.77414036,1.0,1.0,0.08696856,0.0,0.0,0.0,0.0,0.087919295,0.0
0.0,1.0,0.36764705,0.0,1.6044403e-05,0.0,0.0,0.0,0.0,0.0,0.0,0.0,0.0,0.0,0.0,0.0,0.0,0.0,0.0,0.0,0.0,0.011383504,0.014205344,0.12720157,0.0,0.0,0.0,0.0,1.0,0.0,0.0,0.7764791,1.0,1.0,0.095803104,0.0,0.0048935562,0.0,0.0,0.0822261,0.0
0.0,0.0,0.029411765,0.2,0.0,0.0,0.0,0.0,0.0,0.0,0.0,0.0,0.0,0.0,0.0,0.0,0.0,0.0,0.0,0.0,0.0,0.0,0.01720108,0.009784736,0.0,0.0,1.0,1.0,0.03,0.07,0.0,0.76457036,1.0,1.0,0.08996647,0.0,0.0027017444,0.0,0.0,0.07722038,0.0
0.0,0.0,0.7058824,0.2,0.0,0.0,0.0,0.0,0.0,0.0,0.0,0.0,0.0,0.0,0.0,0.0,0.0,0.0,0.0,0.0,0.0,0.0020810962,0.016920798,0.017612524,0.0,0.0,1.0,1.0,0.04,0.07,0.0,0.7708988,1.0,1.0,0.09198206,0.0,0.002165392,0.0,0.0,0.07919955,0.0
0.0,0.0,0.04411765,0.0,0.0008681168,0.0061771553,0.0,0.0,0.0,0.0,0.0,0.0,0.0,0.0,0.0,0.0,0.0,0.0,0.0,0.0,0.0,0.005074084,0.010736182,0.04109589,0.0,0.0,0.0,0.0,1.0,0.0,0.14,0.760347,1.0,1.0,0.094089784,0.0,0.009849474,0.0,0.0,0.065178216,0.0
0.0,0.0,0.04411765,0.2,0.0,0.0,0.0,0.0,0.0,0.0,0.0,0.0,0.0,0.0,0.0,0.0,0.0,0.0,0.0,0.0,0.0,0.0009060204,0.016934037,0.011741683,0.0,0.0,1.0,1.0,0.02,0.06,0.0,0.76924026,1.0,1.0,0.09158061,0.0,0.0019218326,0.0,0.0,0.07921335,0.0
0.12908256,0.0,0.13235295,0.0,0.0,3.2691223e-05,0.0,0.0,0.0,0.020361632,0.0,0.0,0.0,0.0,0.0,0.0,0.0,0.0,0.0,0.0,0.0,0.029596776,0.018408306,0.0019569471,0.0,0.0,0.0,0.0,1.0,0.0,0.0,0.82054317,1.0,1.0,0.10333539,0.0,0.0008033514,0.0,0.0,0.09549564,0.0
0.0,0.0,0.5294118,0.2,0.0,0.0,0.0,0.0,0.0,0.0,0.0,0.0,0.0,0.0,0.0,0.0,0.0,0.0,0.0,0.0,0.0,0.0036447048,0.016760401,0.02739726,0.0,0.0,1.0,1.0,0.05,0.07,0.0,0.7736646,1.0,1.0,0.09288164,0.0,0.0020347387,0.0,0.0,0.07995117,0.0
0.0,0.0,0.7205882,0.1,0.0,0.0,0.0,0.0,0.0,0.0,0.0,0.0,0.0,0.0,0.0,0.0,0.0,0.0,0.0,0.0,0.0,0.0,0.023402378,0.0019569471,1.0,1.0,0.0,0.0,0.0,0.06,0.0,0.7720474,1.0,1.0,0.08697941,0.0,0.0,0.0,0.0,0.08832687,0.0
0.1328944,0.0,0.13235295,0.0,0.0,3.2691223e-05,0.0,0.0,0.0,0.0,0.0,0.0,0.0,0.0,0.0,0.0,0.0,0.0,0.0,0.0,0.0,0.0,0.019541122,0.0019569471,0.0,0.0,0.0,0.0,1.0,0.0,0.0,0.7550802,1.0,1.0,0.08495154,0.0,0.0020686835,0.0,0.0,0.0819571,0.0
0.13053799,0.0,0.13235295,0.0,0.0,3.2691223e-05,0.0,0.0,0.0,0.024913639,0.0,0.0,0.0,0.0,0.0,0.0,0.0,0.0,0.0,0.0,0.0,0.03369084,0.018698692,0.0019569471,0.0,0.0,0.0,0.0,1.0,0.0,0.0,0.8294748,1.0,1.0,0.10553419,0.0,0.0,0.0,0.0,0.09751558,0.0
0.0,0.0,0.029411765,0.2,0.0,0.0,0.0,0.0,0.0,0.0,0.0,0.0,0.0,0.0,0.0,0.0,0.0,0.0,0.0,0.0,0.0,0.0,0.017294057,0.0039138943,0.0,0.0,1.0,1.0,0.01,0.06,0.0,0.76080394,1.0,1.0,0.088885374,0.0,0.0028088242,0.0,0.0,0.07620168,0.0
0.035969853,0.0,0.04411765,0.8,0.001155006,0.0,0.0,0.0,0.0,0.0030896068,0.0,0.0,0.0,0.0,0.0,0.0,0.0,0.0,0.0,0.0,0.0,0.020145059,0.01060041,0.021526419,0.18,0.18,0.82,0.82,1.0,0.0,0.0,0.7865758,1.0,1.0,0.10110935,0.0,0.00958468,0.0,0.0,0.07067001,0.0
0.0,0.0,0.04411765,0.1,0.0,0.0,0.0,0.0,0.0,0.057823718,0.0,0.0,0.0,0.0,0.0,0.0,0.002026014,0.02426228,0.0,0.0,0.0,0.07050091,0.017932445,0.18395303,1.0,1.0,0.0,0.0,1.0,0.0,0.0,0.89265037,1.0,1.0,0.12290568,0.0,0.0,0.0,0.0,0.11000824,0.0
0.0,1.0,0.36764705,0.0,1.6426413e-05,0.0,0.0,0.0,0.0,0.0,0.0,0.0,0.0,0.0,0.0,0.0,0.0,0.0,0.0,0.0,0.0,0.0,0.031079859,0.99804306,0.0,0.0,0.0,0.0,1.0,0.0,0.0,0.65802944,0.9466204,1.0,0.04774452,0.0,0.0034278184,0.0,0.0,0.06551334,0.0
0.0,0.0,0.3529412,0.2,0.0,0.0,0.0,0.0,0.0,0.0,0.0,0.0,0.0,0.0,0.0,0.0,0.0,0.0,0.0,0.0,0.0,0.0,0.017065458,0.029354207,0.0,0.0,1.0,1.0,0.14,0.07,0.0,0.76531684,1.0,1.0,0.090218656,0.0,0.0032262206,0.0,0.0,0.07642457,0.0
0.0,0.0,0.029411765,0.2,0.0,0.0,0.0,0.0,0.0,0.0,0.0,0.0,0.0,0.0,0.0,0.0,0.0,0.0,0.0,0.0,0.0,0.0015004575,0.016914941,0.019569471,0.0,0.0,1.0,1.0,0.04,0.06,0.0,0.76978195,1.0,1.0,0.09168797,0.0,0.0022452325,0.0,0.0,0.07881236,0.0
0.0,0.0,0.029411765,0.2,0.0,0.0,0.0,0.0,0.0,0.0,0.0,0.0,0.0,0.0,0.0,0.0,0.0,0.0,0.0,0.0,0.0,0.0,0.017133236,0.019569471,0.0,0.0,1.0,1.0,0.08,0.06,0.0,0.7649436,1.0,1.0,0.09009258,0.0,0.00296399,0.0,0.0,0.07682249,0.0
0.0,0.0,0.029411765,0.2,0.0,0.0,0.0,0.0,0.0,0.0,0.0,0.0,0.0,0.0,0.0,0.0,0.0,0.0,0.0,0.0,0.0,0.0015062988,0.016886227,0.009784736,0.0,0.0,1.0,1.0,0.02,0.06,0.0,0.7705828,1.0,1.0,0.09201553,0.0,0.0016963035,0.0,0.0,0.079790175,0.0
0.0,0.0,0.029411765,0.2,0.0,0.0,0.0,0.0,0.0,0.0,0.0,0.0,0.0,0.0,0.0,0.0,0.0,0.0,0.0,0.0,0.0,0.0,0.017379873,0.0039138943,0.0,0.0,1.0,1.0,0.02,0.07,0.0,0.7598671,1.0,1.0,0.088509925,0.0,0.0030602515,0.0,0.0,0.07571939,0.0
0.14050074,0.0,0.13235295,0.0,0.0,1.1144735e-05,0.0,0.0,0.0,0.0,0.0,0.0,0.0,0.0,0.0,0.0,0.0,0.0,0.0,0.0,0.0,0.0,0.01858282,0.0019569471,0.0,0.0,0.0,0.0,1.0,0.0,0.0,0.7606287,1.0,1.0,0.08752882,0.0,0.0008138269,0.0,0.0,0.08210781,0.0
0.0,0.0,0.5735294,0.2,0.0,0.0,0.0,0.0,0.0,0.0,0.0,0.0,0.0,0.0,0.0,0.0,0.0,0.0,0.0,0.0,0.0,0.0,0.017278656,0.011741683,0.0,0.0,1.0,1.0,0.06,0.07,0.0,0.7616035,1.0,1.0,0.08906237,0.0,0.0030563772,0.0,0.0,0.076072395,0.0
0.0,0.0,0.42647058,0.1,0.0,0.0,0.0,0.0,0.0,0.0,0.0,0.0,0.0,0.0,0.0,0.0,0.0,0.0,0.0,0.0,0.0,0.0,0.023525864,0.023483366,1.0,1.0,0.0,0.0,0.09,0.06,0.0,0.7735865,1.0,1.0,0.08711467,0.0,0.0,0.0,0.0,0.08789337,0.0
0.0,0.0,0.029411765,0.2,0.0,0.0,0.0,0.0,0.0,0.0,0.0,0.0,0.0,0.0,0.0,0.0,0.0,0.0,0.0,0.0,0.0,0.0,0.019096054,0.037181996,0.0,0.0,1.0,1.0,0.08,0.06,0.0,0.7494856,1.0,1.0,0.08422532,0.0,0.0021244586,0.0,0.0,0.075876266,0.0
0.0,1.0,0.36764705,0.0,8.276875e-06,0.0,0.0,0.0,0.0,0.0,0.0,0.0,0.0,0.0,0.0,0.0,0.0,0.0,0.0,0.0,0.0,0.0,0.01898697,1.0,0.0,0.0,0.0,0.0,1.0,0.0,0.0,0.73607504,1.0,1.0,0.08105644,0.0,0.0024644136,0.0,0.0,0.0748575,0.0
0.0,0.0,0.029411765,0.2,0.0,0.0,0.0,0.0,0.0,0.0,0.0,0.0,0.0,0.0,0.0,0.0,0.0,0.0,0.0,0.0,0.0,0.00040110946,0.017138526,0.0039138943,0.0,0.0,1.0,1.0,0.01,0.08,0.0,0.7681085,1.0,1.0,0.09102797,0.0,0.002172634,0.0,0.0,0.07881817,0.0
0.0,0.0,0.04411765,0.0,0.0008681168,0.0061771553,0.0,0.0,0.0,0.0,0.0,0.0,0.0,0.0,0.0,0.0,0.0,0.0,0.0,0.0,0.0,0.0092840195,0.01061175,0.04109589,0.0,0.0,0.0,0.0,1.0,0.0,0.14,0.7675966,1.0,1.0,0.096116655,0.0,0.009826168,0.0,0.0,0.06643647,0.0
0.0,1.0,0.36764705,0.0,1.6426413e-05,0.0,0.0,0.0,0.0,0.0022354126,0.0,0.0,0.0,0.0,0.0,0.0,0.0,0.0,0.0,0.0,0.0,0.01455161,0.014610611,0.45596868,0.0,0.0,0.0,0.0,1.0,0.0,0.0,0.78303814,1.0,1.0,0.09717982,0.0,0.0041856617,0.0,0.0,0.08542004,0.0
0.0,0.0,0.75,0.5,0.0,0.0,0.0,0.0,0.0,0.0,0.0,0.0,0.0,0.0,0.0,0.0,0.0,0.0,0.0,0.0,0.0,0.0,0.017167404,0.015655577,0.0,0.0,1.0,1.0,0.06,0.07,0.0,0.7641274,1.0,1.0,0.089859046,0.0,0.0028833598,0.0,0.0,0.07679859,0.0
0.0,0.0,0.5588235,0.1,0.0,0.0,0.0,0.0,0.0,0.0,0.0,0.0,0.0,0.0,0.0,0.0,0.0,0.0,0.0,0.0,0.0,0.0,0.023742087,0.007827789,1.0,1.0,0.0,0.0,0.11,0.16,0.0,0.7738422,1.0,1.0,0.08689829,0.0,0.0,0.0,0.0,0.08778745,0.0
0.0,0.0,0.60294116,0.5,0.0,0.0,0.0,0.0,0.0,0.0,0.0,0.0,0.0,0.0,0.0,0.0,0.0,0.0,0.0,0.0,0.0,0.00221619,0.016837038,0.01369863,0.0,0.0,1.0,1.0,0.02,0.06,0.0,0.771731,1.0,1.0,0.09235858,0.0,0.0017275959,0.0,0.0,0.07995063,0.0
0.0,0.0,0.029411765,0.2,0.0,0.0,0.0,0.0,0.0,0.0,0.0,0.0,0.0,0.0,0.0,0.0,0.0,0.0,0.0,0.0,0.0,0.0038665235,0.01681047,0.023483366,0.0,0.0,1.0,1.0,0.05,0.06,0.0,0.7740843,1.0,1.0,0.09293809,0.0,0.0020324439,0.0,0.0,0.08007622,0.0
0.0,0.0,0.04411765,0.3,0.000795917,0.0021695085,0.0,0.0,0.0,0.0,0.0,0.0,0.0,0.0,0.0,0.0,0.0,0.0,0.0,0.0,0.0,0.007662177,0.010737166,0.019569471,0.0,0.0,0.33,0.1,1.0,0.0,0.2,0.7649015,1.0,1.0,0.09528413,0.0,0.009790182,0.0,0.0,0.066155314,0.0
0.0,0.0,0.04411765,0.1,0.0,0.0,0.0,0.0,0.0,0.018700778,0.0,0.0,0.0,0.0,0.0,0.0,0.0,0.0,0.0,0.0,0.0,0.033759475,0.013935521,0.017612524,1.0,1.0,0.0,0.0,1.0,0.0,0.0,0.8177353,1.0,1.0,0.10646283,0.0,0.0059924126,0.0,0.0,0.08281201,0.0
0.0,0.0,0.029411765,0.1,0.0,0.0,0.0,0.0,0.0,0.0,0.0,0.0,0.0,0.0,0.0,0.0,0.0,0.0,0.0,0.0,0.0,0.0,0.023230635,0.015655577,1.0,1.0,0.0,0.0,0.03,0.08,0.0,0.7772546,1.0,1.0,0.088503055,0.0,0.0,0.0,0.0,0.08945492,0.0
0.0,0.0,0.04411765,0.1,0.0,0.0,0.0,0.0,0.0,0.056879163,0.0,0.0,0.0,0.0,0.0,0.0,0.0021264032,0.0244281,0.0,0.0,0.0,0.070946485,0.016681202,0.18199609,1.0,1.0,0.0,0.0,1.0,0.0,0.0,0.89046454,1.0,1.0,0.12337492,0.0,0.00092956424,0.0,0.0,0.10746941,0.0
0.0,0.0,0.6617647,0.5,0.0,0.0,0.0,0.0,0.0,0.0,0.0,0.0,0.0,0.0,0.0,0.0,0.0,0.0,0.0,0.0,0.0,0.0033053458,0.01675091,0.025440313,0.0,0.0,1.0,1.0,0.05,0.06,0.0,0.77319276,1.0,1.0,0.09278483,0.0,0.0019664913,0.0,0.0,0.07987878,0.0
0.0,0.0,0.04411765,0.0,0.0008681168,0.0061771553,0.0,0.0,0.0,0.0,0.0,0.0,0.0,0.0,0.0,0.0,0.0,0.0,0.0,0.0,0.0,0.0,0.011356607,0.007827789,0.0,0.0,0.0,0.0,1.0,0.0,0.0,0.74512434,1.0,1.0,0.0894709,0.0,0.009759486,0.0,0.0,0.06352481,0.0
0.0,0.0,0.4117647,0.1,0.0,0.0,0.0,0.0,0.0,0.0,0.0,0.0,0.0,0.0,0.0,0.0,0.0,0.0,0.0,0.0,0.0,0.0,0.02324912,0.019569471,1.0,1.0,0.0,0.0,0.04,0.07,0.0,0.7771723,1.0,1.0,0.088443495,0.0,0.0,0.0,0.0,0.08930552,0.0
0.0,0.0,0.23529412,0.2,0.0,0.0,0.0,0.0,0.0,0.0,0.0,0.0,0.0,0.0,0.0,0.0,0.0,0.0,0.0,0.0,0.0,0.0032607317,0.016755156,0.025440313,0.0,0.0,1.0,1.0,0.05,0.06,0.0,0.7730979,1.0,1.0,0.09275355,0.0,0.0019806027,0.0,0.0,0.079839736,0.0
0.0,0.0,0.04411765,0.0,0.0008681168,0.0061771553,0.0,0.0,0.0,0.0,0.0,0.0,0.0,0.0,0.0,0.0,0.0,0.0,0.0,0.0,0.0,0.008098513,0.010718621,0.031311154,0.0,0.0,0.0,0.0,1.0,0.0,0.12,0.76565814,1.0,1.0,0.09550414,0.0,0.009759054,0.0,0.0,0.06640014,0.0
0.12890929,0.0,0.13235295,0.0,0.0,3.2691223e-05,0.0,0.0,0.0,0.0,0.0,0.0,0.0,0.0,0.0,0.0,0.0,0.0,0.0,0.0,0.0,0.0014019907,0.017901927,0.0019569471,0.0,0.0,0.0,0.0,1.0,0.0,0.0,0.7668295,1.0,1.0,0.089377694,0.0,0.0035031736,0.0,0.0,0.082401395,0.0
0.0,0.0,0.073529415,0.2,0.0,0.0,0.0,0.0,0.0,0.0,0.0,0.0,0.0,0.0,0.0,0.0,0.0,0.0,0.0,0.0,0.0,0.0016835034,0.016939968,0.01369863,0.0,0.0,1.0,1.0,0.03,0.07,0.0,0.7704146,1.0,1.0,0.09185798,0.0,0.002035424,0.0,0.0,0.079312205,0.0
0.0,0.0,0.0882353,0.2,0.0,0.0,0.0,0.0,0.0,0.0,0.0,0.0,0.0,0.0,0.0,0.0,0.0,0.0,0.0,0.0,0.0,0.0011328459,0.016935661,0.03522505,0.0,0.0,1.0,1.0,0.14,0.05,0.0,0.7679688,1.0,1.0,0.09106522,0.0,0.0030602366,0.0,0.0,0.07717875,0.0
0.0,0.0,0.029411765,0.2,0.0,0.0,0.0,0.0,0.0,0.0,0.0,0.0,0.0,0.0,0.0,0.0,0.0,0.0,0.0,0.0,0.0,0.0015680492,0.016970046,0.017612524,0.0,0.0,1.0,1.0,0.04,0.08,0.0,0.76980793,1.0,1.0,0.0916223,0.0,0.0023275018,0.0,0.0,0.07875088,0.0
0.0,1.0,0.36764705,0.0,1.6426413e-05,0.0,0.0,0.0,0.0,0.0,0.0,0.0,0.0,0.0,0.0,0.0,0.0,0.0,0.0,0.0,0.0,0.010893583,0.014007479,0.03522505,0.0,0.0,0.0,0.0,1.0,0.0,0.0,0.77532566,1.0,1.0,0.09567686,0.0,0.0050956607,0.0,0.0,0.08136338,0.0
0.0,0.0,0.029411765,0.2,0.0,0.0,0.0,0.0,0.0,0.0,0.0,0.0,0.0,0.0,0.0,0.0,0.0,0.0,0.0,0.0,0.0,0.0006633401,0.017009139,0.011741683,0.0,0.0,1.0,1.0,0.03,0.07,0.0,0.7685406,1.0,1.0,0.09128337,0.0,0.0021380484,0.0,0.0,0.07882857,0.0
0.0,1.0,0.36764705,0.0,8.08587e-06,0.0,0.0,0.0,0.0,0.0038402677,0.0,0.0,0.0,0.0,0.0,0.0,0.0,0.0,0.0,0.0,0.0,0.015964448,0.014787346,0.60273975,0.0,0.0,0.0,0.0,1.0,0.0,0.0,0.7860093,1.0,1.0,0.09781545,0.0,0.00385274,0.0,0.0,0.086814016,0.0
0.0,1.0,0.36764705,0.0,1.6426413e-05,0.0,0.0,0.0,0.0,0.0,0.0,0.0,0.0,0.0,0.0,0.0,0.0,0.0,0.0,0.0,0.0,0.0,0.019400641,0.99804306,0.0,0.0,0.0,0.0,1.0,0.0,0.0,0.7342528,1.0,1.0,0.08011966,0.0,0.0023164302,0.0,0.0,0.07521269,0.0
0.0,0.0,0.029411765,0.2,0.0,0.0,0.0,0.0,0.0,0.0,0.0,0.0,0.0,0.0,0.0,0.0,0.0,0.0,0.0,0.0,0.0,0.0038199127,0.018718205,0.007827789,0.6,0.0,0.4,1.0,0.02,0.06,0.0,0.7773534,1.0,1.0,0.092141114,0.0,0.00061540306,0.0,0.0,0.0830574,0.0
0.0,0.0,0.25,0.1,0.0,0.0,0.0,0.0,0.0,0.0,0.0,0.0,0.0,0.0,0.0,0.0,0.0,0.0,0.0,0.0,0.0,0.0,0.023511514,0.021526419,1.0,1.0,0.0,0.0,0.08,0.06,0.0,0.7729683,1.0,1.0,0.08698472,0.0,0.0,0.0,0.0,0.08787835,0.0
1.7326518e-05,0.0,0.22058824,0.0,4.1368454e-05,0.00021769383,0.0,0.0,0.0,0.0,0.0,0.0,0.0,0.0,0.0,0.0,0.0,0.0,0.0,0.0,0.0,0.0,0.013088845,0.0039138943,0.0,0.0,0.0,0.0,1.0,0.0,0.0,0.75356615,1.0,1.0,0.09010684,0.0,0.0076014847,0.0,0.0,0.072954,0.0
0.0,0.0,0.029411765,0.1,0.0,0.0,0.0,0.0,0.0,0.0,0.0,0.0,0.0,0.0,0.0,0.0,0.0,0.0,0.0,0.0,0.0,0.0,0.023666777,0.007827789,1.0,1.0,0.0,0.0,0.03,0.06,0.0,0.7694422,1.0,1.0,0.08591183,0.0,0.0,0.0,0.0,0.08706033,0.0
0.0,0.0,0.4852941,0.2,0.0,0.0,0.0,0.0,0.0,0.0,0.0,0.0,0.0,0.0,0.0,0.0,0.0,0.0,0.0,0.0,0.0,0.0010212362,0.016946405,0.03522505,0.0,0.0,1.0,1.0,0.14,0.06,0.0,0.76773155,1.0,1.0,0.09098702,0.0,0.003095463,0.0,0.0,0.0770812,0.0
0.0,0.0,0.44117647,0.2,0.0,0.0,0.0,0.0,0.0,0.0,0.0,0.0,0.0,0.0,0.0,0.0,0.0,0.0,0.0,0.0,0.0,0.0015432835,0.017390542,0.031311154,0.0,0.0,1.0,1.0,0.12,0.06,0.0,0.7697098,1.0,1.0,0.091151334,0.0,0.0025581568,0.0,0.0,0.07834956,0.0
0.0,0.0,0.42647058,0.1,0.0,0.0,0.0,0.0,0.0,0.0,0.0,0.0,0.0,0.0,0.0,0.0,0.0,0.0,0.0,0.0,0.0,0.0,0.022808284,0.023483366,0.79,1.0,0.21,0.0,0.1,0.06,0.0,0.7673613,1.0,1.0,0.08606774,0.0,0.0,0.0,0.0,0.08511397,0.0
0.0,0.0,0.04411765,0.0,0.0008681168,0.0061771553,0.0,0.0,0.0,0.0,0.0,0.0,0.0,0.0,0.0,0.0,0.0,0.0,0.0,0.0,0.0,0.0014688671,0.010921426,0.0058708414,0.0,0.0,0.33,0.33,1.0,0.0,0.0,0.75419676,1.0,1.0,0.09228813,0.0,0.009811118,0.0,0.0,0.0644609,0.0
0.0,0.0,0.029411765,0.2,0.0,0.0,0.0,0.0,0.0,0.0,0.0,0.0,0.0,0.0,0.0,0.0,0.0,0.0,0.0,0.0,0.0,0.0,0.017295219,0.009784736,0.0,0.0,1.0,1.0,0.05,0.08,0.0,0.76248336,1.0,1.0,0.08927827,0.0,0.0030118674,0.0,0.0,0.076361954,0.0
0.0,0.0,0.04411765,0.1,0.0,0.0,0.0,0.0,0.0,0.021442443,0.0,0.0,0.0,0.0,0.0,0.0,0.0,0.00062179565,0.0,0.0,0.0,0.036588848,0.014054067,0.017612524,1.0,1.0,0.0,0.0,1.0,0.0,0.0,0.8228947,1.0,1.0,0.10770608,0.0,0.0057666004,0.0,0.0,0.08457878,0.0
0.0,0.0,0.7647059,0.2,0.0,0.0,0.0,0.0,0.0,0.0,0.0,0.0,0.0,0.0,0.0,0.0,0.0,0.0,0.0,0.0,0.0,0.005392343,0.016597703,0.039138943,0.0,0.0,1.0,1.0,0.08,0.06,0.0,0.77648103,1.0,1.0,0.09377008,0.0,0.0021098405,0.0,0.0,0.080271006,0.0
0.0,0.0,0.029411765,0.1,0.0,0.0,0.0,0.0,0.0,0.0,0.0,0.0,0.0,0.0,0.0,0.0,0.0,0.0,0.0,0.0,0.0,0.0,0.022609957,0.017612524,0.86,1.0,0.14,0.0,0.07,0.06,0.0,0.76621616,1.0,1.0,0.085961424,0.0,0.0,0.0,0.0,0.084676206,0.0
0.0,0.0,0.029411765,0.2,0.0,0.0,0.0,0.0,0.0,0.031433463,0.0,0.0,0.0,0.0,0.0,0.0,0.0010917932,0.0031925142,0.0,0.0,0.0,0.041444212,0.016234457,0.023483366,0.0,0.0,1.0,1.0,0.92,0.15,0.0,0.8402827,1.0,1.0,0.11066403,0.0,0.0007017106,0.0,0.0,0.09803054,0.0
0.0,0.0,0.5735294,0.2,0.0,0.0,0.0,0.0,0.0,0.0,0.0,0.0,0.0,0.0,0.0,0.0,0.0,0.0,0.0,0.0,0.0,0.0021326542,0.016858682,0.039138943,0.0,0.0,1.0,1.0,0.14,0.06,0.0,0.76973367,1.0,1.0,0.09161162,0.0,0.0029999465,0.0,0.0,0.07759282,0.0
0.0,0.0,0.23529412,0.2,0.0,0.0,0.0,0.0,0.0,0.0,0.0,0.0,0.0,0.0,0.0,0.0,0.0,0.0,0.0,0.0,0.0,0.005537629,0.016658694,0.037181996,0.0,0.0,1.0,1.0,0.08,0.06,0.0,0.77671766,1.0,1.0,0.09375837,0.0,0.002123341,0.0,0.0,0.08046153,0.0
0.0,0.0,0.029411765,0.2,0.0,0.0,0.0,0.0,0.0,0.0,0.0,0.0,0.0,0.0,0.0,0.0,0.0,0.0,0.0,0.0,0.0,0.0,0.017233923,0.015655577,0.0,0.0,1.0,1.0,0.08,0.07,0.0,0.7636174,1.0,1.0,0.08962431,0.0,0.0030714124,0.0,0.0,0.07649189,0.0
0.0,0.0,0.029411765,0.2,0.0,0.0,0.0,0.0,0.0,0.0,0.0,0.0,0.0,0.0,0.0,0.0,0.0,0.0,0.0,0.0,0.0,0.0,0.017312035,0.0019569471,0.0,0.0,1.0,1.0,0.01,0.06,0.0,0.7610289,1.0,1.0,0.08893632,0.0,0.0027118474,0.0,0.0,0.07648438,0.0
1.7326518e-05,0.0,0.22058824,0.0,4.1368454e-05,0.00021769383,0.0,0.0,0.0,0.0,0.0,0.0,0.0,0.0,0.0,0.0,0.0,0.0,0.0,0.0,0.0,0.0,0.013568215,0.0039138943,0.0,0.0,0.33,0.0,0.67,0.67,0.0,0.75257003,1.0,1.0,0.08949501,0.0,0.007031366,0.0,0.0,0.07299587,0.0
0.0,0.0,0.5147059,0.1,0.0,0.0,0.0,0.0,0.0,0.0,0.0,0.0,0.0,0.0,0.0,0.0,0.0,0.0,0.0,0.0,0.0,0.0,0.023616314,0.011741683,1.0,1.0,0.0,0.0,0.04,0.06,0.0,0.77004397,1.0,1.0,0.08612319,0.0,0.0,0.0,0.0,0.08726233,0.0
0.0,0.0,0.7058824,0.1,0.0,0.0,0.0,0.0,0.0,0.0,0.0,0.0,0.0,0.0,0.0,0.0,0.0,0.0,0.0,0.0,0.0,0.0,0.023359105,0.0019569471,1.0,1.0,0.0,0.0,0.0,0.06,0.0,0.77203286,1.0,1.0,0.08704161,0.0,0.0,0.0,0.0,0.08841708,0.0
0.0,0.0,0.1764706,0.1,0.0,0.0,0.0,0.0,0.0,0.0,0.0,0.0,0.0,0.0,0.0,0.0,0.0,0.0,0.0,0.0,0.0,0.0,0.023232281,0.011741683,1.0,1.0,0.0,0.0,0.02,0.07,0.0,0.7758578,1.0,1.0,0.08816185,0.0,0.0,0.0,0.0,0.08926219,0.0
0.0,0.0,0.029411765,0.1,0.0,0.0,0.0,0.0,0.0,0.0,0.0,0.0,0.0,0.0,0.0,0.0,0.0,0.0,0.0,0.0,0.0,0.0,0.023358643,0.03522505,1.0,1.0,0.0,0.0,0.12,0.06,0.0,0.77731526,1.0,1.0,0.088264234,0.0,0.0,0.0,0.0,0.08879176,0.0
0.12783505,0.0,0.13235295,0.0,0.0,3.2691223e-05,0.0,0.0,0.0,0.018502325,0.0,0.0,0.0,0.0,0.0,0.0,0.0,0.0,0.0,0.0,0.0,0.028185248,0.018173516,0.0019569471,0.0,0.0,0.0,0.0,1.0,0.0,0.0,0.81682193,1.0,1.0,0.10248878,0.0,0.001352787,0.0,0.0,0.09461811,0.0
0.03577926,0.0,0.04411765,0.3,0.0008993779,0.0,0.0,0.0,0.0,0.019022673,0.0,0.0,0.0,0.0,0.0,0.0,0.00052955,0.0022653937,0.0,0.0,0.0,0.03788379,0.010090314,0.017612524,0.0,0.0,1.0,1.0,1.0,0.0,0.0,0.81718826,1.0,1.0,0.109655164,0.0,0.009423539,0.0,0.0,0.07621607,0.0
0.0,0.0,0.029411765,0.2,0.0,0.0,0.0,0.0,0.0,0.0,0.0,0.0,0.0,0.0,0.0,0.0,0.0,0.0,0.0,0.0,0.0,0.0,0.017421179,0.0019569471,0.0,0.0,1.0,1.0,0.01,0.07,0.0,0.75860965,1.0,1.0,0.08813865,0.0,0.0030712485,0.0,0.0,0.0754894,0.0
0.0,0.0,0.029411765,0.2,0.0,0.0,0.0,0.0,0.0,0.0,0.0,0.0,0.0,0.0,0.0,0.0,0.0,0.0,0.0,0.0,0.0,0.0038414598,0.01676105,0.023483366,0.0,0.0,1.0,1.0,0.04,0.06,0.0,0.77421486,1.0,1.0,0.09304764,0.0,0.0019007921,0.0,0.0,0.08022693,0.0
0.0,0.0,0.029411765,0.2,0.0,0.0,0.0,0.0,0.0,0.0,0.0,0.0,0.0,0.0,0.0,0.0,0.0,0.0,0.0,0.0,0.0,0.0037522614,0.016769014,0.031311154,0.0,0.0,1.0,1.0,0.07,0.07,0.0,0.77353215,1.0,1.0,0.09280234,0.0,0.0022563785,0.0,0.0,0.0795849,0.0
0.0,0.0,0.029411765,0.2,0.0,0.0,0.0,0.0,0.0,0.0,0.0,0.0,0.0,0.0,0.0,0.0,0.0,0.0,0.0,0.0,0.0,0.0,0.017894492,0.009784736,0.0,0.0,1.0,1.0,0.05,0.07,0.0,0.7650105,1.0,1.0,0.08943882,0.0,0.0024655014,0.0,0.0,0.07770008,0.0
1.7326518e-05,0.0,0.22058824,0.0,4.1368454e-05,0.00021769383,0.0,0.0,0.0,0.0,0.0,0.0,0.0,0.0,0.0,0.0,0.0,0.0,0.0,0.0,0.0,0.0,0.013909943,0.0058708414,0.0,0.0,0.0,0.0,1.0,0.0,0.0,0.74938464,1.0,1.0,0.08840185,0.0,0.006752506,0.0,0.0,0.072088,0.0
0.0,0.0,0.029411765,0.2,0.0,0.0,0.0,0.0,0.0,0.0,0.0,0.0,0.0,0.0,0.0,0.0,0.0,0.0,0.0,0.0,0.0,0.0,0.017165363,0.019569471,0.0,0.0,1.0,1.0,0.09,0.06,0.0,0.76423216,1.0,1.0,0.08985791,0.0,0.003069684,0.0,0.0,0.07652983,0.0
0.0,0.0,0.029411765,0.2,0.0,0.0,0.0,0.0,0.0,0.00090253353,0.0,0.0,0.0,0.0,0.0,0.0,0.0,0.0,0.0,0.0,0.0,0.004173726,0.02135069,0.037181996,0.83,0.58,0.17,0.42,0.09,0.07,0.0,0.7849705,1.0,1.0,0.09198623,0.0,0.0,0.0,0.0,0.08929759,0.0
0.013774582,0.0,0.04411765,0.3,0.0009923336,7.4298237e-07,0.0,0.0,0.0,0.0376032,0.0,0.0,0.0,0.0,0.0,0.0,0.0029491112,0.01825273,0.0,0.0,0.0,0.058593303,0.009240076,0.0665362,0.0,0.0,1.0,1.0,1.0,0.0,0.0,0.8527522,1.0,1.0,0.11984166,0.0,0.00928843,0.0,0.0,0.082314074,0.0
0.0,0.0,0.04411765,0.1,0.0,0.0,0.0,0.0,0.0,0.058454067,0.0,0.0,0.0,0.0,0.0,0.0,0.0022718236,0.024794787,0.0,0.0,0.0,0.07151356,0.017444536,0.23483366,1.0,1.0,0.0,0.0,1.0,0.0,0.0,0.8935294,1.0,1.0,0.12357103,0.0,0.0,0.0,0.0,0.109868765,0.0
0.0,0.0,0.029411765,0.2,0.0,0.0,0.0,0.0,0.0,0.0,0.0,0.0,0.0,0.0,0.0,0.0,0.0,0.0,0.0,0.0,0.0,0.0021772683,0.016854383,0.039138943,0.0,0.0,1.0,1.0,0.14,0.06,0.0,0.76982844,1.0,1.0,0.09164288,0.0,0.0029858798,0.0,0.0,0.07763186,0.0
0.1329637,0.0,0.13235295,0.0,0.0,3.2691223e-05,0.0,0.0,0.0,0.0,0.0,0.0,0.0,0.0,0.0,0.0,0.0,0.0,0.0,0.0,0.0,0.0,0.019556016,0.0019569471,0.0,0.0,0.0,0.0,1.0,0.0,0.0,0.75492024,1.0,1.0,0.08489687,0.0,0.002064675,0.0,0.0,0.081906885,0.0
0.0,0.0,0.13235295,0.8,0.0,3.2691223e-05,0.0,0.0,0.0,0.0,0.0,0.0,0.0,0.0,0.0,0.0,0.0,0.0,0.0,0.0,0.0,0.0,0.02371765,0.0019569471,1.0,1.0,0.0,0.0,1.0,0.0,0.0,0.6859479,0.98260325,1.0,0.062297218,0.0,0.0042983145,0.0,0.0,0.06699872,0.0
0.0,0.0,0.029411765,0.2,0.0,0.0,0.0,0.0,0.0,0.0,0.0,0.0,0.0,0.0,0.0,0.0,0.0,0.0,0.0,0.0,0.0,0.0040087104,0.017176226,0.023483366,0.15,0.0,0.85,1.0,0.04,0.06,0.0,0.7752316,1.0,1.0,0.092956595,0.0,0.001598373,0.0,0.0,0.0808765,0.0
0.0,0.0,0.75,0.5,0.0,0.0,0.0,0.0,0.0,0.0,0.0,0.0,0.0,0.0,0.0,0.0,0.0,0.0,0.0,0.0,0.0,0.0020055473,0.016903713,0.03522505,0.0,0.0,1.0,1.0,0.12,0.06,0.0,0.7696407,1.0,1.0,0.091550075,0.0,0.0029241294,0.0,0.0,0.07776946,0.0
0.0,0.0,0.7205882,0.1,0.0,0.0,0.0,0.0,0.0,0.0,0.0,0.0,0.0,0.0,0.0,0.0,0.0,0.0,0.0,0.0,0.0,0.0,0.023387142,0.0039138943,1.0,1.0,0.0,0.0,0.01,0.07,0.0,0.7730682,1.0,1.0,0.08725519,0.0,0.0,0.0,0.0,0.08848703,0.0
0.0,0.0,0.029411765,0.2,0.0,0.0,0.0,0.0,0.0,0.0,0.0,0.0,0.0,0.0,0.0,0.0,0.0,0.0,0.0,0.0,0.0,0.0005072355,0.0170241,0.011741683,0.0,0.0,1.0,1.0,0.03,0.06,0.0,0.7682086,1.0,1.0,0.09117388,0.0,0.0021874309,0.0,0.0,0.07869196,0.0
0.0,0.0,0.04411765,0.1,0.0,0.0,0.0,0.0,0.0,0.057635844,0.0,0.0,0.0,0.0,0.0,0.0,0.0019280091,0.024201244,0.0,0.0,0.0,0.070579946,0.017780147,0.16829745,1.0,1.0,0.0,0.0,1.0,0.0,0.0,0.89225626,1.0,1.0,0.122911535,0.0,0.0,0.0,0.0,0.10967064,0.0
0.0,0.0,0.0,0.2,0.0,0.0,0.0,0.0,0.0,0.0,0.0,0.0,0.0,0.0,0.0,0.0,0.0,0.0,0.0,0.0,0.0,0.0010386705,0.016992114,0.015655577,0.0,0.0,1.0,1.0,0.04,0.07,0.0,0.7689774,1.0,1.0,0.09139178,0.0,0.0022750646,0.0,0.0,0.07869646,0.0
0.0,0.0,0.029411765,0.1,0.0,0.0,0.0,0.0,0.0,0.0,0.0,0.0,0.0,0.0,0.0,0.0,0.0,0.0,0.0,0.0,0.0,0.0,0.023306973,0.0058708414,1.0,1.0,0.0,0.0,0.01,0.07,0.0,0.77411425,1.0,1.0,0.087630846,0.0,0.0,0.0,0.0,0.08885649,0.0
0.0,0.0,0.7352941,0.5,0.0,0.0,0.0,0.0,0.0,0.0,0.0,0.0,0.0,0.0,0.0,0.0,0.0,0.0,0.0,0.0,0.0,0.00015226007,0.017049,0.0058708414,0.0,0.0,1.0,1.0,0.01,0.06,0.0,0.7678809,1.0,1.0,0.09109371,0.0,0.0020080656,0.0,0.0,0.07889375,0.0
0.0,0.0,0.04411765,0.1,0.0,0.0,0.0,0.0,0.0,0.057706416,0.0,0.0,0.0,0.0,0.0,0.0,0.0019642636,0.024226636,0.0,0.0,0.0,0.0705598,0.017829902,0.1741683,1.0,1.0,0.0,0.0,1.0,0.0,0.0,0.892401,1.0,1.0,0.122914456,0.0,0.0,0.0,0.0,0.109788,0.0
0.0,0.0,0.029411765,0.5,0.0,0.0,0.0,0.0,0.0,0.0,0.0,0.0,0.0,0.0,0.0,0.0,0.0,0.0,0.0,0.0,0.0,0.0058858097,0.016602129,0.039138943,0.0,0.0,1.0,1.0,0.08,0.07,0.0,0.7773466,1.0,1.0,0.09398901,0.0,0.002093494,0.0,0.0,0.08053005,0.0
0.0,0.0,0.073529415,0.2,0.0,0.0,0.0,0.0,0.0,0.0,0.0,0.0,0.0,0.0,0.0,0.0,0.0,0.0,0.0,0.0,0.0,0.0020432174,0.016957305,0.01369863,0.0,0.0,1.0,1.0,0.03,0.07,0.0,0.7709956,1.0,1.0,0.09198304,0.0,0.0020614415,0.0,0.0,0.07945421,0.0
0.0,0.0,0.029411765,0.1,0.0,0.0,0.0,0.0,0.0,0.0,0.0,0.0,0.0,0.0,0.0,0.0,0.0,0.0,0.0,0.0,0.0,0.0,0.023364142,0.01369863,1.0,1.0,0.0,0.0,0.04,0.09,0.0,0.7754837,1.0,1.0,0.08786488,0.0,0.0,0.0,0.0,0.08882418,0.0
0.0,0.0,0.5,0.5,0.0,0.0,0.0,0.0,0.0,0.0,0.0,0.0,0.0,0.0,0.0,0.0,0.0,0.0,0.0,0.0,0.0,0.0046203136,0.016694896,0.037181996,0.0,0.0,1.0,1.0,0.08,0.06,0.0,0.77495086,1.0,1.0,0.09324228,0.0,0.0022736043,0.0,0.0,0.07983181,0.0
0.0,0.0,0.029411765,0.2,0.0,0.0,0.0,0.0,0.0,0.0,0.0,0.0,0.0,0.0,0.0,0.0,0.0,0.0,0.0,0.0,0.0,0.0,0.01720298,0.017612524,0.0,0.0,1.0,1.0,0.09,0.06,0.0,0.76271665,1.0,1.0,0.08941703,0.0,0.003156498,0.0,0.0,0.0760282,0.0
0.0,1.0,0.36764705,0.0,1.6426413e-05,0.0,0.0,0.0,0.0,0.0,0.0,0.0,0.0,0.0,0.0,0.0,0.0,0.0,0.0,0.0,0.0,0.0032280982,0.017618962,0.23287672,0.0,0.0,0.0,0.0,1.0,0.0,0.0,0.77592623,1.0,1.0,0.09259158,0.0,0.00048609078,0.0,0.0,0.08528122,0.0
0.0,0.0,0.029411765,0.2,0.0,0.0,0.0,0.0,0.0,0.0,0.0,0.0,0.0,0.0,0.0,0.0,0.0,0.0,0.0,0.0,0.0,0.0,0.017161697,0.0039138943,0.0,0.0,1.0,1.0,0.01,0.08,0.0,0.76566577,1.0,1.0,0.09035551,0.0,0.002311051,0.0,0.0,0.07800743,0.0
1.7326518e-05,0.0,0.22058824,0.0,4.1368454e-05,0.00019391839,0.0,0.0,0.0,0.0,0.0,0.0,0.0,0.0,0.0,0.0,0.0,0.0,0.0,0.0,0.0,0.0022321641,0.010992289,0.0058708414,0.0,0.0,0.0,0.0,1.0,0.0,0.0,0.7556373,1.0,1.0,0.092586,0.0,0.009699941,0.0,0.0,0.06529853,0.0
0.0,0.0,0.45588234,0.2,0.0,0.0,0.0,0.0,0.0,0.0,0.0,0.0,0.0,0.0,0.0,0.0,0.0,0.0,0.0,0.0,0.0,0.0013501644,0.01690118,0.009784736,0.0,0.0,1.0,1.0,0.02,0.06,0.0,0.7702507,1.0,1.0,0.09190609,0.0,0.0017456412,0.0,0.0,0.07965359,0.0
0.0,0.0,0.029411765,0.2,0.0,0.0,0.0,0.0,0.0,0.0,0.0,0.0,0.0,0.0,0.0,0.0,0.0,0.0,0.0,0.0,0.0,0.0013761818,0.016922079,0.0332681,0.0,0.0,1.0,1.0,0.12,0.06,0.0,0.7685522,1.0,1.0,0.09124992,0.0,0.0029474795,0.0,0.0,0.07744342,0.0
0.0,0.0,0.029411765,0.2,0.0,0.0,0.0,0.0,0.0,0.0,0.0,0.0,0.0,0.0,0.0,0.0,0.0,0.0,0.0,0.0,0.0,0.00048592687,0.016997717,0.03522505,0.0,0.0,1.0,1.0,0.17,0.07,0.0,0.7665931,1.0,1.0,0.09061163,0.0,0.0032646507,0.0,0.0,0.07661295,0.0
0.0,0.0,0.14705883,0.1,0.0,0.0,0.0,0.0,0.0,0.0,0.0,0.0,0.0,0.0,0.0,0.0,0.0,0.0,0.0,0.0,0.0,0.0,0.023218192,0.01369863,1.0,1.0,0.0,0.0,0.03,0.06,0.0,0.77626,1.0,1.0,0.08828109,0.0,0.0,0.0,0.0,0.08929479,0.0
0.0,0.0,0.04411765,0.1,0.0,0.0,0.0,0.0,0.0,0.03606811,0.0,0.0,0.0,0.0,0.0,0.0,0.001218833,0.0132218,0.0,0.0,0.0,0.052921712,0.013318837,0.06849315,0.57,0.57,0.4,0.4,1.0,0.0,0.0,0.85084796,1.0,1.0,0.11577692,0.0,0.005689174,0.0,0.0,0.089307964,0.0
0.13247856,0.0,0.13235295,0.0,0.0,3.2691223e-05,0.0,0.0,0.0,0.0,0.0,0.0,0.0,0.0,0.0,0.0,0.0,0.0,0.0,0.0,0.0,0.0,0.01940965,0.0019569471,0.0,0.0,0.0,0.0,1.0,0.0,0.0,0.75249493,1.0,1.0,0.08435645,0.0,0.0023064315,0.0,0.0,0.08136588,0.0
0.0,0.0,0.04411765,0.1,0.0,0.0,0.0,0.0,0.0,0.0,0.0,0.0,0.0,0.0,0.0,0.0,0.0,0.0,0.0,0.0,0.0,0.0,0.023209259,0.01369863,1.0,1.0,0.0,0.0,0.03,0.06,0.0,0.7763808,1.0,1.0,0.08832484,0.0,0.0,0.0,0.0,0.08933833,0.0
0.0,0.0,0.7941176,0.2,0.0,0.0,0.0,0.0,0.0,0.0,0.0,0.0,0.0,0.0,0.0,0.0,0.0,0.0,0.0,0.0,0.0,0.0,0.0174191,0.0019569471,0.0,0.0,1.0,1.0,0.01,0.07,0.0,0.7586571,1.0,1.0,0.08815428,0.0,0.0030641854,0.0,0.0,0.07550889,0.0
0.12513211,0.0,0.13235295,0.0,0.0,3.2691223e-05,0.0,0.0,0.0,0.014178127,0.0,0.0,0.0,0.0,0.0,0.0,0.0,0.0,0.0,0.0,0.0,0.024051309,0.018101223,0.0019569471,0.0,0.0,0.0,0.0,1.0,0.0,0.0,0.8084731,1.0,1.0,0.10027071,0.0,0.001927197,0.0,0.0,0.09284234,0.0
0.0,0.0,0.7058824,0.1,0.0,0.0,0.0,0.0,0.0,0.0,0.0,0.0,0.0,0.0,0.0,0.0,0.0,0.0,0.0,0.0,0.0,0.0,0.023625486,0.021526419,1.0,1.0,0.0,0.0,0.1,0.05,0.0,0.7708193,1.0,1.0,0.08627374,0.0,0.0,0.0,0.0,0.08719924,0.0
0.0,0.0,0.029411765,0.2,0.0,0.0,0.0,0.0,0.0,0.0,0.0,0.0,0.0,0.0,0.0,0.0,0.0,0.0,0.0,0.0,0.0,0.0027835667,0.016777262,0.03522505,0.0,0.0,1.0,1.0,0.09,0.06,0.0,0.7714788,1.0,1.0,0.09222271,0.0,0.0025388151,0.0,0.0,0.07862243,0.0
0.13012215,0.0,0.13235295,0.0,0.0,3.2691223e-05,0.0,0.0,0.0,0.0,0.0,0.0,0.0,0.0,0.0,0.0,0.0,0.0,0.0,0.0,0.0,0.0,0.018765613,0.0019569471,0.0,0.0,0.0,0.0,1.0,0.0,0.0,0.742188,1.0,1.0,0.08211949,0.0,0.0033117086,0.0,0.0,0.07826534,0.0
0.0,0.0,0.04411765,0.1,0.0,0.0,0.0,0.0,0.0,0.05571112,0.0,0.0,0.0,0.0,0.0,0.0,0.0014639869,0.022688895,0.0,0.0,0.0,0.06821111,0.018344916,0.10763209,1.0,1.0,0.0,0.0,1.0,0.0,0.0,0.8889885,1.0,1.0,0.12153504,0.0,0.0,0.0,0.0,0.10922712,0.0
0.0,0.0,0.029411765,0.2,0.0,0.0,0.0,0.0,0.0,0.0,0.0,0.0,0.0,0.0,0.0,0.0,0.0,0.0,0.0,0.0,0.0,0.0,0.017181098,0.021526419,0.0,0.0,1.0,1.0,0.11,0.07,0.0,0.7636012,1.0,1.0,0.0896576,0.0,0.0031895041,0.0,0.0,0.076245636,0.0
1.7326518e-05,0.0,0.22058824,0.0,4.1368454e-05,0.00019391839,0.0,0.0,0.0,0.0,0.0,0.0,0.0,0.0,0.0,0.0,0.0,0.0,0.0,0.0,0.0,0.0022087693,0.010993868,0.0039138943,0.0,0.0,0.0,0.0,1.0,0.0,0.0,0.75559473,1.0,1.0,0.09257307,0.0,0.009704426,0.0,0.0,0.06527406,0.0
0.0,0.0,0.029411765,0.2,0.0,0.0,0.0,0.0,0.0,0.0,0.0,0.0,0.0,0.0,0.0,0.0,0.0,0.0,0.0,0.0,0.0,0.0033014417,0.016769662,0.037181996,0.0,0.0,1.0,1.0,0.1,0.06,0.0,0.77233016,1.0,1.0,0.092444636,0.0,0.0025506616,0.0,0.0,0.078850925,0.0
0.015628519,0.0,0.04411765,0.3,0.0008529001,0.0,0.0,0.0,0.0,0.02159679,0.0,0.0,0.0,0.0,0.0,0.0,0.0012560561,0.004464239,0.0,0.0,0.0,0.04067701,0.0096353665,0.12915851,0.0,0.0,1.0,1.0,1.0,0.0,0.0,0.82180655,1.0,1.0,0.11132931,0.0,0.00938724,0.0,0.0,0.076886535,0.0
0.0,0.0,0.44117647,0.2,0.0,0.0,0.0,0.0,0.0,0.0,0.0,0.0,0.0,0.0,0.0,0.0,0.0,0.0,0.0,0.0,0.0,0.0,0.017199531,0.015655577,0.0,0.0,1.0,1.0,0.07,0.06,0.0,0.7634158,1.0,1.0,0.0896244,0.0,0.0029890388,0.0,0.0,0.07650593,0.0
0.0,1.0,0.36764705,0.0,1.6426413e-05,0.0,0.0,0.0,0.0,0.0009979904,0.0,0.0,0.0,0.0,0.0,0.0,0.0,0.0,0.0,0.0,0.0,0.013491839,0.014397673,0.30528376,0.0,0.0,0.0,0.0,1.0,0.0,0.0,0.780745,1.0,1.0,0.096764766,0.0,0.0044793934,0.0,0.0,0.08413881,0.0
0.0,0.0,0.029411765,0.2,0.0,0.0,0.0,0.0,0.0,0.0,0.0,0.0,0.0,0.0,0.0,0.0,0.0,0.0,0.0,0.0,0.0,0.0,0.017276533,0.011741683,0.0,0.0,1.0,1.0,0.06,0.07,0.0,0.76165104,1.0,1.0,0.08907797,0.0,0.0030492693,0.0,0.0,0.076091945,0.0
0.1314563,0.0,0.13235295,0.0,0.0,3.2691223e-05,0.0,0.0,0.0,0.027458578,0.0,0.0,0.0,0.0,0.0,0.0,0.0,0.0,0.0,0.0,0.0,0.03594753,0.018865593,0.0019569471,0.0,0.0,0.0,0.0,1.0,0.0,0.0,0.8344741,1.0,1.0,0.10676467,0.0,0.0,0.0,0.0,0.09863156,0.0
0.0,0.0,0.3970588,0.2,0.0,0.0,0.0,0.0,0.0,0.0,0.0,0.0,0.0,0.0,0.0,0.0,0.0,0.0,0.0,0.0,0.0,0.0011325479,0.017025724,0.009784736,0.0,0.0,1.0,1.0,0.02,0.07,0.0,0.7694205,1.0,1.0,0.09149923,0.0,0.0020935088,0.0,0.0,0.07911828,0.0
0.0,0.0,0.029411765,0.2,0.0,0.0,0.0,0.0,0.0,0.0,0.0,0.0,0.0,0.0,0.0,0.0,0.0,0.0,0.0,0.0,0.0,0.0005944669,0.01702553,0.009784736,0.0,0.0,1.0,1.0,0.02,0.07,0.0,0.76846004,1.0,1.0,0.09124907,0.0,0.002123937,0.0,0.0,0.07882017,0.0
0.03569263,0.0,0.04411765,0.3,0.001155006,0.0,0.0,0.0,0.0,0.027292937,0.0,0.0,0.0,0.0,0.0,0.0,0.0015191883,0.009380609,0.0,0.0,0.0,0.047105163,0.00980106,0.023483366,0.0,0.0,1.0,1.0,1.0,0.0,0.0,0.8330947,1.0,1.0,0.11412164,0.0,0.009353921,0.0,0.0,0.078983724,0.0
0.0,1.0,0.36764705,0.0,1.6426413e-05,0.0,0.0,0.0,0.0,0.0,0.0,0.0,0.0,0.0,0.0,0.0,0.0,0.0,0.0,0.0,0.0,0.0,0.026658483,1.0,0.0,0.0,0.0,0.0,1.0,0.0,0.0,0.6773313,0.9719823,1.0,0.05765175,0.0,0.0034930557,0.0,0.0,0.06469254,0.0
0.0156805,0.0,0.04411765,0.3,6.277691e-05,0.0,0.0,0.0,0.0,0.0051009953,0.0,0.0,0.0,0.0,0.0,0.0,0.0,0.0,0.0,0.0,0.0,0.022334307,0.010194175,0.099804305,0.02,0.02,0.96,0.96,1.0,0.0,0.0,0.79017746,1.0,1.0,0.10246598,0.0,0.0095731765,0.0,0.0,0.07106814,0.0
0.0,0.0,0.029411765,0.1,0.0,0.0,0.0,0.0,0.0,0.0,0.0,0.0,0.0,0.0,0.0,0.0,0.0,0.0,0.0,0.0,0.0,0.0,0.023133144,0.0332681,1.0,1.0,0.0,0.0,0.07,0.05,0.0,0.7804173,1.0,1.0,0.08939131,0.0,0.0,0.0,0.0,0.08991721,0.0
0.12745386,0.0,0.13235295,0.0,0.0,3.2691223e-05,0.0,0.0,0.0,0.0,0.0,0.0,0.0,0.0,0.0,0.0,0.0,0.0,0.0,0.0,0.0,0.002215147,0.017758355,0.0019569471,0.0,0.0,0.0,0.0,1.0,0.0,0.0,0.7680248,1.0,1.0,0.08981421,0.0,0.0036797076,0.0,0.0,0.08199078,0.0
0.0,0.0,0.029411765,0.1,0.0,0.0,0.0,0.0,0.0,0.0,0.0,0.0,0.0,0.0,0.0,0.0,0.0,0.0,0.0,0.0,0.0,0.0,0.023487218,0.02739726,1.0,1.0,0.0,0.0,0.11,0.06,0.0,0.77402735,1.0,1.0,0.08726775,0.0,0.0,0.0,0.0,0.08803731,0.0
0.0,0.0,0.029411765,0.1,0.0,0.0,0.0,0.0,0.0,0.0,0.0,0.0,0.0,0.0,0.0,0.0,0.0,0.0,0.0,0.0,0.0,0.0,0.023217797,0.031311154,1.0,1.0,0.0,0.0,0.09,0.09,0.0,0.78086424,1.0,1.0,0.08937722,0.0,0.0,0.0,0.0,0.0899044,0.0
0.0,0.0,0.60294116,0.1,0.0,0.0,0.0,0.0,0.0,0.0,0.0,0.0,0.0,0.0,0.0,0.0,0.0,0.0,0.0,0.0,0.0,0.0,0.023138478,0.037181996,1.0,1.0,0.0,0.0,0.1,0.09,0.0,0.78206956,1.0,1.0,0.08978074,0.0,0.0,0.0,0.0,0.09021163,0.0
0.0,0.0,0.029411765,0.2,0.0,0.0,0.0,0.0,0.0,0.0,0.0,0.0,0.0,0.0,0.0,0.0,0.0,0.0,0.0,0.0,0.0,0.0,0.017382503,0.0019569471,0.0,0.0,1.0,1.0,0.01,0.06,0.0,0.7585031,1.0,1.0,0.08817,0.0,0.0029748231,0.0,0.0,0.07554248,0.0
0.0,0.0,0.30882353,0.1,0.0,0.0,0.0,0.0,0.0,0.0,0.0,0.0,0.0,0.0,0.0,0.0,0.0,0.0,0.0,0.0,0.0,0.0,0.023335248,0.02739726,1.0,1.0,0.0,0.0,0.09,0.09,0.0,0.7778969,1.0,1.0,0.088467024,0.0,0.0,0.0,0.0,0.08914563,0.0
0.0,0.0,0.029411765,0.2,0.0,0.0,0.0,0.0,0.0,0.0,0.0,0.0,0.0,0.0,0.0,0.0,0.0,0.0,0.0,0.0,0.0,0.0009493828,0.01700066,0.015655577,0.0,0.0,1.0,1.0,0.04,0.08,0.0,0.7687876,1.0,1.0,0.09132921,0.0,0.0023032576,0.0,0.0,0.07861838,0.0
0.015801786,0.0,0.04411765,0.3,0.0009226168,0.0,0.0,0.0,0.0,0.0,0.0,0.0,0.0,0.0,0.0,0.0,0.0,0.0,0.0,0.0,0.0,0.014504731,0.010442875,0.064579256,0.03,0.03,0.94,0.94,1.0,0.0,0.0,0.77665114,1.0,1.0,0.09866326,0.0,0.009702966,0.0,0.0,0.068383366,0.0
0.0,0.0,0.13235295,0.1,0.0,0.0,0.0,0.0,0.0,0.0,0.0,0.0,0.0,0.0,0.0,0.0,0.0,0.0,0.0,0.0,0.0,0.0,0.023667142,0.0019569471,1.0,1.0,0.0,0.0,0.01,0.09,0.0,0.76966023,1.0,1.0,0.08597957,0.0,0.0,0.0,0.0,0.08727571,0.0
0.0156805,0.0,0.04411765,0.3,0.00096909463,0.0,0.0,0.0,0.0,0.005075127,0.0,0.0,0.0,0.0,0.0,0.0,0.0,0.0,0.0,0.0,0.0,0.022310942,0.0101957545,0.09784736,0.02,0.02,0.96,0.96,1.0,0.0,0.0,0.7901349,1.0,1.0,0.102453016,0.0,0.009577662,0.0,0.0,0.0710437,0.0
0.0,1.0,0.36764705,0.0,2.3557259e-05,0.0,0.0,0.33333334,0.0,0.0,0.0,0.0,0.0,0.0,0.0,0.0,0.0,0.0,0.0,0.0,0.0,0.0,0.025186762,0.0058708414,0.0,0.0,0.0,0.0,1.0,0.0,0.67,0.6775516,0.9721194,1.0,0.058390982,0.0,0.007731676,0.0,0.0,0.06325826,0.0
0.0,1.0,0.36764705,0.0,1.6044403e-05,0.0,0.0,0.0,0.0,0.005329013,0.0,0.0,0.0,0.0,0.0,0.0,0.0,0.0,0.0,0.0,0.0,0.017117888,0.014904134,0.72602737,0.0,0.0,0.0,0.0,1.0,0.0,0.0,0.7888446,1.0,1.0,0.0985186,0.0,0.003425628,0.0,0.0,0.087705225,0.0
0.0,0.0,0.029411765,0.2,0.0,0.0,0.0,0.0,0.0,0.0,0.0,0.0,0.0,0.0,0.0,0.0,0.0,0.0,0.0,0.0,0.0,0.0005121231,0.016976297,0.031311154,0.0,0.0,1.0,1.0,0.12,0.06,0.0,0.7670102,1.0,1.0,0.090784736,0.0,0.003000766,0.0,0.0,0.07709634,0.0
0.0,1.0,0.36764705,0.0,8.08587e-06,0.0,0.0,0.0,0.0,0.0,0.0,0.0,0.0,0.0,0.0,0.0,0.0,0.0,0.0,0.0,0.0,0.011070758,0.014079042,0.06849315,0.0,0.0,0.0,0.0,1.0,0.0,0.0,0.7757429,1.0,1.0,0.09572255,0.0,0.0050225407,0.0,0.0,0.08167547,0.0
0.0,0.0,0.029411765,0.2,0.0,0.0,0.0,0.0,0.0,0.0,0.0,0.0,0.0,0.0,0.0,0.0,0.0,0.0,0.0,0.0,0.0,0.0,0.020689853,0.0019569471,0.0,0.0,1.0,1.0,0.01,0.07,0.0,0.71361303,1.0,1.0,0.07324933,0.0,0.0024831146,0.0,0.0,0.06818825,0.0
1.7326518e-05,0.0,0.22058824,0.0,4.1368454e-05,0.00019391839,0.0,0.0,0.0,0.0,0.0,0.0,0.0,0.0,0.0,0.0,0.0,0.0,0.0,0.0,0.0,0.0029166043,0.010959707,0.0058708414,0.0,0.0,0.0,0.0,1.0,0.0,0.0,0.7568319,1.0,1.0,0.09293402,0.0,0.009699509,0.0,0.0,0.065427214,0.0
0.0,0.0,0.029411765,0.2,0.0,0.0,0.0,0.0,0.0,0.0,0.0,0.0,0.0,0.0,0.0,0.0,0.0,0.0,0.0,0.0,0.0,0.003234446,0.016776614,0.029354207,0.0,0.0,1.0,1.0,0.06,0.06,0.0,0.77268076,1.0,1.0,0.092580445,0.0,0.0022445023,0.0,0.0,0.07935637,0.0
0.0,0.0,0.029411765,0.2,0.0,0.0,0.0,0.0,0.0,0.0,0.0,0.0,0.0,0.0,0.0,0.0,0.0,0.0,0.0,0.0,0.0,0.0018417835,0.016915053,0.015655577,0.0,0.0,1.0,1.0,0.03,0.06,0.0,0.7706851,1.0,1.0,0.09195488,0.0,0.002021432,0.0,0.0,0.07939875,0.0
0.0,0.0,0.04411765,0.1,0.0,0.0,0.0,0.0,0.0,0.01965034,0.0,0.0,0.0,0.0,0.0,0.0,0.0,0.0,0.0,0.0,0.0,0.034749985,0.013964675,0.015655577,1.0,1.0,0.0,0.0,1.0,0.0,0.0,0.819522,1.0,1.0,0.10690429,0.0,0.0059241652,0.0,0.0,0.083393246,0.0
0.14188686,0.0,0.13235295,0.0,0.0,1.1144735e-05,0.0,0.0,0.0,0.0,0.0,0.0,0.0,0.0,0.0,0.0,0.0,0.0,0.0,0.0,0.0,0.0,0.019096464,0.0019569471,0.0,0.0,0.0,0.0,1.0,0.0,0.0,0.74370563,1.0,1.0,0.082456075,0.0,0.0016655773,0.0,0.0,0.077581614,0.0
0.0,1.0,0.36764705,0.0,1.6426413e-05,0.0,0.0,0.0,0.0,0.005730808,0.0,0.0,0.0,0.0,0.0,0.0,0.0,0.0,0.0,0.0,0.0,0.017429233,0.014935508,0.7592955,0.0,0.0,0.0,0.0,1.0,0.0,0.0,0.7896098,1.0,1.0,0.09870841,0.0,0.0033104569,0.0,0.0,0.0879457,0.0
0.0,0.0,0.8382353,0.5,0.0,0.0,0.0,0.0,0.0,0.0,0.0,0.0,0.0,0.0,0.0,0.0,0.0,0.0,0.0,0.0,0.0,0.0,0.01705984,0.02739726,0.0,0.0,1.0,1.0,0.12,0.07,0.0,0.76606345,1.0,1.0,0.09044168,0.0,0.0030517578,0.0,0.0,0.07692182,0.0
0.0,0.0,0.029411765,0.1,0.0,0.0,0.0,0.0,0.0,0.0,0.0,0.0,0.0,0.0,0.0,0.0,0.0,0.0,0.0,0.0,0.0,0.0,0.023435108,0.0019569471,1.0,1.0,0.0,0.0,0.0,0.07,0.0,0.7716044,1.0,1.0,0.08681888,0.0,0.0,0.0,0.0,0.08816722,0.0
0.0,0.0,0.029411765,0.2,0.0,0.0,0.0,0.0,0.0,0.0,0.0,0.0,0.0,0.0,0.0,0.0,0.0,0.0,0.0,0.0,0.0,0.0,0.017171971,0.019569471,0.0,0.0,1.0,1.0,0.09,0.07,0.0,0.7650503,1.0,1.0,0.090061195,0.0,0.0030603856,0.0,0.0,0.07676944,0.0
0.0,0.0,0.029411765,0.2,0.0,0.0,0.0,0.0,0.0,0.0,0.0,0.0,0.0,0.0,0.0,0.0,0.0,0.0,0.0,0.0,0.0,0.0,0.020822152,0.015655577,0.0,0.0,1.0,1.0,0.04,0.06,0.0,0.7334579,1.0,1.0,0.07831844,0.0,0.0025109798,0.0,0.0,0.071107686,0.0
0.035935197,0.0,0.04411765,0.3,0.001155006,0.0,0.0,0.0,0.0,0.024745017,0.0,0.0,0.0,0.0,0.0,0.0,0.0012349561,0.007240057,0.0,0.0,0.0,0.044264466,0.009887546,0.023483366,0.0,0.0,1.0,1.0,1.0,0.0,0.0,0.8282137,1.0,1.0,0.11275562,0.0,0.009376511,0.0,0.0,0.078071564,0.0
0.0,0.0,0.029411765,0.2,0.0,0.0,0.0,0.0,0.0,0.0,0.0,0.0,0.0,0.0,0.0,0.0,0.0,0.0,0.0,0.0,0.0,0.00035399199,0.017001212,0.029354207,0.0,0.0,1.0,1.0,0.11,0.05,0.0,0.76673985,1.0,1.0,0.09068789,0.0,0.0030148178,0.0,0.0,0.0770098,0.0
0.0,0.0,0.029411765,0.2,0.0,0.0,0.0,0.0,0.0,0.0,0.0,0.0,0.0,0.0,0.0,0.0,0.0,0.0,0.0,0.0,0.0,0.00078460574,0.016992778,0.025440313,0.0,0.0,1.0,1.0,0.08,0.06,0.0,0.76783276,1.0,1.0,0.09101734,0.0,0.0027628094,0.0,0.0,0.07767424,0.0
0.0,0.0,0.4852941,0.2,0.0,0.0,0.0,0.0,0.0,0.0,0.0,0.0,0.0,0.0,0.0,0.0,0.0,0.0,0.0,0.0,0.0,0.0043295324,0.016661838,0.031311154,0.0,0.0,1.0,1.0,0.06,0.06,0.0,0.7749435,1.0,1.0,0.09333422,0.0,0.001934424,0.0,0.0,0.08026227,0.0
0.0,1.0,0.36764705,0.0,1.6426413e-05,0.0,0.0,0.0,0.0,0.0,0.0,0.0,0.0,0.0,0.0,0.0,0.0,0.0,0.0,0.0,0.0,0.0070813596,0.016126275,0.18590999,0.0,0.0,0.0,0.0,1.0,0.0,0.0,0.77553916,1.0,1.0,0.09373515,0.0,0.002796948,0.0,0.0,0.084477246,0.0
0.0,0.0,0.029411765,0.1,0.0,0.0,0.0,0.0,0.0,0.0,0.0,0.0,0.0,0.0,0.0,0.0,0.0,0.0,0.0,0.0,0.0,0.0,0.01990123,0.023483366,0.09,0.75,0.91,0.25,0.04,0.06,0.0,0.7678343,1.0,1.0,0.08882672,0.0,0.0,0.0,0.0,0.08277565,0.0
0.0,0.0,0.19117647,0.2,0.0,0.0,0.0,0.0,0.0,0.0,0.0,0.0,0.0,0.0,0.0,0.0,0.0,0.0,0.0,0.0,0.0,0.0051975846,0.016587667,0.037181996,0.0,0.0,1.0,1.0,0.07,0.06,0.0,0.77636206,1.0,1.0,0.09377416,0.0,0.0019516945,0.0,0.0,0.080509156,0.0
0.013532011,0.0,0.04411765,0.3,0.0012712006,0.0,0.0,0.0,0.0,0.0,0.0,0.0,0.0,0.0,0.0,0.0,0.0,0.0,0.0,0.0,0.0,0.0,0.011840947,0.0019569471,0.0,0.0,1.0,1.0,1.0,0.0,0.0,0.7439312,1.0,1.0,0.08870392,0.0,0.00977765,0.0,0.0,0.062535375,0.0
0.0,1.0,0.36764705,0.0,8.276875e-06,0.0,0.0,0.0,0.0,0.0058016777,0.0,0.0,0.0,0.0,0.0,0.0,0.0,0.0,0.0,0.0,0.0,0.017484069,0.014941156,0.76516634,0.0,0.0,0.0,0.0,1.0,0.0,0.0,0.78974485,1.0,1.0,0.09874184,0.0,0.0032900572,0.0,0.0,0.08798814,0.0
0.0,0.0,0.04411765,0.0,0.0008681168,0.0061771553,0.0,0.0,0.0,0.0,0.0,0.0,0.0,0.0,0.0,0.0,0.0,0.0,0.0,0.0,0.0,0.0076409876,0.0106849,0.021526419,0.0,0.0,0.0,0.0,1.0,0.0,0.18,0.7648368,1.0,1.0,0.09532074,0.0,0.009787127,0.0,0.0,0.06612569,0.0
0.0,0.0,0.029411765,0.2,0.0,0.0,0.0,0.0,0.0,0.0,0.0,0.0,0.0,0.0,0.0,0.0,0.0,0.0,0.0,0.0,0.0,0.0,0.017151818,0.017612524,0.0,0.0,1.0,1.0,0.07,0.07,0.0,0.76481557,1.0,1.0,0.09004258,0.0,0.0029569268,0.0,0.0,0.076794475,0.0
0.0,0.0,0.029411765,0.2,0.0,0.0,0.0,0.0,0.0,0.0,0.0,0.0,0.0,0.0,0.0,0.0,0.0,0.0,0.0,0.0,0.0,0.00040131807,0.017048523,0.029354207,0.0,0.0,1.0,1.0,0.14,0.08,0.0,0.76665664,1.0,1.0,0.090593986,0.0,0.0031394064,0.0,0.0,0.07687867,0.0
0.0,0.0,0.29411766,0.2,0.0,0.0,0.0,0.0,0.0,0.0,0.0,0.0,0.0,0.0,0.0,0.0,0.0,0.0,0.0,0.0,0.0,0.0057652593,0.01669719,0.037181996,0.01,0.0,0.99,1.0,0.08,0.07,0.0,0.77726126,1.0,1.0,0.09387603,0.0,0.002037719,0.0,0.0,0.08070192,0.0
0.0,0.0,0.029411765,0.2,0.0,0.0,0.0,0.0,0.0,0.0,0.0,0.0,0.0,0.0,0.0,0.0,0.0,0.0,0.0,0.0,0.0,0.0009736419,0.016989157,0.009784736,0.0,0.0,1.0,1.0,0.02,0.06,0.0,0.76926637,1.0,1.0,0.09151494,0.0,0.0020041615,0.0,0.0,0.07915178,0.0
0.0,0.0,0.029411765,0.1,0.0,0.0,0.0,0.0,0.0,0.0,0.0,0.0,0.0,0.0,0.0,0.0,0.0,0.0,0.0,0.0,0.0,0.0,0.02311334,0.025440313,1.0,1.0,0.0,0.0,0.05,0.06,0.0,0.779143,1.0,1.0,0.089124255,0.0,0.0,0.0,0.0,0.08988842,0.0
0.0,0.0,0.04411765,0.1,0.0,0.0,0.0,0.0,0.0,0.058314055,0.0,0.0,0.0,0.0,0.0,0.0,0.0021951646,0.024763942,0.0,0.0,0.0,0.07162973,0.017286219,0.22309197,1.0,1.0,0.0,0.0,1.0,0.0,0.0,0.8932158,1.0,1.0,0.12360614,0.0,0.0001142025,0.0,0.0,0.10956013,0.0
0.0,0.0,0.04411765,0.2,0.0,0.0,0.0,0.0,0.0,0.0,0.0,0.0,0.0,0.0,0.0,0.0,0.0,0.0,0.0,0.0,0.0,0.0,0.02241791,0.011741683,0.85,0.83,0.15,0.17,0.03,0.06,0.0,0.7750815,1.0,1.0,0.088565834,0.0,0.0,0.0,0.0,0.08796126,0.0
0.0,0.0,0.5441176,0.5,0.0,0.0,0.0,0.0,0.0,0.0,0.0,0.0,0.0,0.0,0.0,0.0,0.0,0.0,0.0,0.0,0.0,0.00028333068,0.016984582,0.0058708414,0.0,0.0,1.0,1.0,0.01,0.06,0.0,0.76834357,1.0,1.0,0.09131274,0.0,0.0018270761,0.0,0.0,0.079180986,0.0
0.0,1.0,0.36764705,0.0,1.6044403e-05,0.0,0.0,0.0,0.0,0.0,0.0,0.0,0.0,0.0,0.0,0.0,0.0,0.0,0.0,0.0,0.0,0.010820568,0.01397796,0.021526419,0.0,0.0,0.0,0.0,1.0,0.0,0.0,0.77515376,1.0,1.0,0.09565806,0.0,0.005125776,0.0,0.0,0.08123487,0.0
0.0,0.0,0.13235295,0.5,0.0,0.0,0.0,0.0,0.0,0.003656298,0.0,0.0,0.0,0.0,0.0,0.0,0.0,0.0,0.0,0.0,0.0,0.014675975,0.016142726,0.011741683,0.0,0.0,1.0,1.0,0.19,0.13,0.0,0.789356,1.0,1.0,0.097250186,0.0,0.003941864,0.0,0.0,0.08037141,0.0
0.0,0.0,0.029411765,0.2,0.0,0.0,0.0,0.0,0.0,0.0,0.0,0.0,0.0,0.0,0.0,0.0,0.0,0.0,0.0,0.0,0.0,0.0035651624,0.016763851,0.0332681,0.0,0.0,1.0,1.0,0.08,0.06,0.0,0.7730228,1.0,1.0,0.09265759,0.0,0.002395615,0.0,0.0,0.07918522,0.0
0.0,1.0,0.36764705,0.0,1.6044403e-05,0.0,0.0,0.0,0.0,0.004501939,0.0,0.0,0.0,0.0,0.0,0.0,0.0,0.0,0.0,0.0,0.0,0.016477108,0.014839247,0.65753424,0.0,0.0,0.0,0.0,1.0,0.0,0.0,0.7872695,1.0,1.0,0.09812798,0.0,0.003662929,0.0,0.0,0.08721012,0.0
0.0,1.0,0.36764705,0.0,1.6044403e-05,0.0,0.0,0.0,0.0,0.0,0.0,0.0,0.0,0.0,0.0,0.0,0.0,0.0,0.0,0.0,0.0,0.012152523,0.014305174,0.2074364,0.0,0.0,0.0,0.0,1.0,0.0,0.0,0.77807283,1.0,1.0,0.09613638,0.0,0.0047207326,0.0,0.0,0.08300528,0.0
0.0,0.0,0.029411765,0.1,0.0,0.0,0.0,0.0,0.0,0.0,0.0,0.0,0.0,0.0,0.0,0.0,0.0,0.0,0.0,0.0,0.0,0.0,0.022690132,0.009784736,0.8,1.0,0.2,0.0,0.02,0.06,0.0,0.7721336,1.0,1.0,0.08764205,0.0,0.0,0.0,0.0,0.08747038,0.0
0.0,0.0,0.13235295,0.1,0.0,0.0,0.0,0.0,0.0,0.0611493,0.0,0.0,0.0,0.0,0.0,0.0,0.0027922988,0.026629865,0.0,0.0,0.0,0.07181692,0.019527376,0.25244617,1.0,1.0,0.0,0.0,1.0,0.0,0.0,0.8997959,1.0,1.0,0.1235654,0.0,0.0,0.0,0.0,0.11325815,0.0
0.0,0.0,0.029411765,0.1,0.0,0.0,0.0,0.0,0.0,0.0,0.0,0.0,0.0,0.0,0.0,0.0,0.0,0.0,0.0,0.0,0.0,0.0,0.02308245,0.023483366,1.0,1.0,0.0,0.0,0.04,0.06,0.0,0.7802057,1.0,1.0,0.08944505,0.0,0.0,0.0,0.0,0.09018344,0.0
0.0,0.0,0.4852941,0.2,0.0,0.0,0.0,0.0,0.0,0.0,0.0,0.0,0.0,0.0,0.0,0.0,0.0,0.0,0.0,0.0,0.0,0.00068089366,0.016965397,0.009784736,0.0,0.0,1.0,1.0,0.02,0.06,0.0,0.7688277,1.0,1.0,0.091436796,0.0,0.001957059,0.0,0.0,0.0790683,0.0
0.0,1.0,0.36764705,0.0,1.6426413e-05,0.0,0.0,0.0,0.0,0.00318861,0.0,0.0,0.0,0.0,0.0,0.0,0.0,0.0,0.0,0.0,0.0,0.015401632,0.014718793,0.5440313,0.0,0.0,0.0,0.0,1.0,0.0,0.0,0.78479743,1.0,1.0,0.09754958,0.0,0.003996089,0.0,0.0,0.08627564,0.0
0.0,0.0,0.029411765,0.5,0.0,0.0,0.0,0.0,0.0,0.0,0.0,0.0,0.0,0.0,0.0,0.0,0.0,0.0,0.0,0.0,0.0,0.0007312596,0.016974226,0.03522505,0.0,0.0,1.0,1.0,0.16,0.05,0.0,0.7671149,1.0,1.0,0.09078368,0.0,0.003187105,0.0,0.0,0.076827526,0.0
0.0,0.0,0.029411765,0.2,0.0,0.0,0.0,0.0,0.0,0.0,0.0,0.0,0.0,0.0,0.0,0.0,0.0,0.0,0.0,0.0,0.0,0.0,0.017314196,0.0019569471,0.0,0.0,1.0,1.0,0.01,0.06,0.0,0.7609813,1.0,1.0,0.088920705,0.0,0.0027188957,0.0,0.0,0.07646486,0.0
0.0,0.0,0.029411765,0.2,0.0,0.0,0.0,0.0,0.0,0.0,0.0,0.0,0.0,0.0,0.0,0.0,0.0,0.0,0.0,0.0,0.0,0.0038591325,0.016716138,0.037181996,0.0,0.0,1.0,1.0,0.08,0.07,0.0,0.7735162,1.0,1.0,0.09283567,0.0,0.0023744851,0.0,0.0,0.07933867,0.0
0.0,0.0,0.029411765,0.2,0.0,0.0,0.0,0.0,0.0,0.0,0.0,0.0,0.0,0.0,0.0,0.0,0.0,0.0,0.0,0.0,0.0,0.0,0.017158888,0.015655577,0.0,0.0,1.0,1.0,0.06,0.06,0.0,0.76431704,1.0,1.0,0.08992156,0.0,0.0028551668,0.0,0.0,0.07687661,0.0
0.0,0.0,0.029411765,0.2,0.0,0.0,0.0,0.0,0.0,0.0,0.0,0.0,0.0,0.0,0.0,0.0,0.0,0.0,0.0,0.0,0.0,0.0040799975,0.016758598,0.025440313,0.01,0.0,0.99,1.0,0.05,0.06,0.0,0.77468586,1.0,1.0,0.093179874,0.0,0.001854524,0.0,0.0,0.08040428,0.0
0.0,0.0,0.13235295,0.1,0.0,0.0,0.0,0.0,0.0,0.047955483,0.0,0.0,0.0,0.0,0.0,0.0,0.0014008731,0.015605986,0.0,0.0,0.0,0.05747068,0.019531637,0.25440314,1.0,1.0,0.0,0.0,1.0,0.0,0.0,0.87423503,1.0,1.0,0.116789095,0.0,0.0,0.0,0.0,0.10813779,0.0
0.0,0.0,0.029411765,0.2,0.0,0.0,0.0,0.0,0.0,0.0,0.0,0.0,0.0,0.0,0.0,0.0,0.0,0.0,0.0,0.0,0.0,0.0,0.017156757,0.019569471,0.0,0.0,1.0,1.0,0.09,0.06,0.0,0.7644218,1.0,1.0,0.0899205,0.0,0.0030415207,0.0,0.0,0.07660791,0.0
0.0,0.0,0.7352941,0.1,0.0,0.0,0.0,0.0,0.0,0.0,0.0,0.0,0.0,0.0,0.0,0.0,0.0,0.0,0.0,0.0,0.0,0.0,0.023305103,0.031311154,1.0,1.0,0.0,0.0,0.1,0.08,0.0,0.77907765,1.0,1.0,0.0887975,0.0,0.0,0.0,0.0,0.089355975,0.0
0.0,0.0,0.20588236,0.1,0.0,0.0,0.0,0.0,0.0,0.0,0.0,0.0,0.0,0.0,0.0,0.0,0.0,0.0,0.0,0.0,0.0,0.0,0.023305811,0.0039138943,1.0,1.0,0.0,0.0,0.01,0.07,0.0,0.7747743,1.0,1.0,0.08780574,0.0,0.0,0.0,0.0,0.089006454,0.0
0.0,0.0,0.13235295,0.1,0.0,0.0,0.0,0.0,0.0,0.056439906,0.0,0.0,0.0,0.0,0.0,0.0,0.002467446,0.022473544,0.0,0.0,0.0,0.06661829,0.019338861,0.2935421,1.0,1.0,0.0,0.0,1.0,0.0,0.0,0.8904005,1.0,1.0,0.12126302,0.0,0.0,0.0,0.0,0.11158258,0.0
0.14069133,0.0,0.13235295,0.0,0.0,1.1144735e-05,0.0,0.0,0.0,0.0,0.0,0.0,0.0,0.0,0.0,0.0,0.0,0.0,0.0,0.0,0.0,0.0,0.03432311,0.0019569471,0.0,0.0,0.0,0.0,1.0,0.0,0.0,0.6383454,0.9216333,1.0,0.03782443,0.0,0.00931856,0.0,0.0,0.06105727,0.0
0.0,1.0,0.36764705,0.0,1.6426413e-05,0.0,0.0,0.0,0.0,0.0,0.0,0.0,0.0,0.0,0.0,0.0,0.0,0.0,0.0,0.0,0.0,0.011258453,0.014154844,0.1037182,0.0,0.0,0.0,0.0,1.0,0.0,0.0,0.7761848,1.0,1.0,0.09577089,0.0,0.004945159,0.0,0.0,0.08200592,0.0
0.0,0.0,0.25,0.1,0.0,0.0,0.0,0.0,0.0,0.0,0.0,0.0,0.0,0.0,0.0,0.0,0.0,0.0,0.0,0.0,0.0,0.0,0.023660928,0.009784736,1.0,1.0,0.0,0.0,0.04,0.07,0.0,0.7694813,1.0,1.0,0.08592268,0.0,0.0,0.0,0.0,0.08706704,0.0
0.0,0.0,0.04411765,0.1,0.0,0.0,0.0,0.0,0.0,0.031781554,0.0,0.0,0.0,0.0,0.0,0.0,0.0013755038,0.010979265,0.0,0.0,0.0,0.048704892,0.012804821,0.09589041,0.08,0.08,0.92,0.92,1.0,0.0,0.0,0.84277,1.0,1.0,0.114149086,0.0,0.0062455684,0.0,0.0,0.08569363,0.0
0.0,0.0,0.029411765,0.2,0.0,0.0,0.0,0.0,0.0,0.0,0.0,0.0,0.0,0.0,0.0,0.0,0.0,0.0,0.0,0.0,0.0,0.0014307499,0.016869128,0.02739726,0.0,0.0,1.0,1.0,0.07,0.06,0.0,0.76932454,1.0,1.0,0.09158354,0.0,0.0024550408,0.0,0.0,0.07836005,0.0
0.0,0.0,0.13235295,0.8,0.0,3.2691223e-05,0.0,0.0,0.0,0.0,0.0,0.0,0.0,0.0,0.0,0.0,0.0,0.0,0.0,0.0,0.0,0.0,0.01985979,0.0019569471,1.0,1.0,0.0,0.0,1.0,0.0,0.0,0.7417513,1.0,1.0,0.08119107,0.0,0.0020084083,0.0,0.0,0.07915339,0.0
0.0,0.0,0.04411765,0.0,0.0008681168,0.0061771553,0.0,0.0,0.0,0.0,0.0,0.0,0.0,0.0,0.0,0.0,0.0,0.0,0.0,0.0,0.0,0.0,0.011410892,0.011741683,0.0,0.0,0.0,0.0,1.0,0.0,0.0,0.74263406,1.0,1.0,0.08876293,0.0,0.009751946,0.0,0.0,0.06317794,0.0
0.0,0.0,0.029411765,0.5,0.0,0.0,0.0,0.0,0.0,0.0,0.0,0.0,0.0,0.0,0.0,0.0,0.0,0.0,0.0,0.0,0.0,0.0,0.01728703,0.011741683,0.0,0.0,1.0,1.0,0.06,0.06,0.0,0.76045334,1.0,1.0,0.08874961,0.0,0.0031150132,0.0,0.0,0.07569623,0.0
0.0,0.0,0.029411765,0.1,0.0,0.0,0.0,0.0,0.0,0.0,0.0,0.0,0.0,0.0,0.0,0.0,0.0,0.0,0.0,0.0,0.0,0.0,0.02353859,0.011741683,1.0,1.0,0.0,0.0,0.04,0.1,0.0,0.7729068,1.0,1.0,0.086957775,0.0,0.0,0.0,0.0,0.08800787,0.0
0.0,0.0,0.7941176,0.2,0.0,0.0,0.0,0.0,0.0,0.0,0.0,0.0,0.0,0.0,0.0,0.0,0.0,0.0,0.0,0.0,0.0,0.0,0.01725085,0.011741683,0.0,0.0,1.0,1.0,0.05,0.07,0.0,0.76222014,1.0,1.0,0.0892657,0.0,0.0029648095,0.0,0.0,0.07632601,0.0
0.0,0.0,0.38235295,0.2,0.0,0.0,0.0,0.0,0.0,0.0,0.0,0.0,0.0,0.0,0.0,0.0,0.0,0.0,0.0,0.0,0.0,0.0006661415,0.01706069,0.011741683,0.0,0.0,1.0,1.0,0.03,0.07,0.0,0.76836264,1.0,1.0,0.091158174,0.0,0.0022767633,0.0,0.0,0.07865846,0.0
0.0,0.0,0.5294118,0.1,0.0,0.0,0.0,0.0,0.0,0.0,0.0,0.0,0.0,0.0,0.0,0.0,0.0,0.0,0.0,0.0,0.0,0.0,0.023661189,0.0019569471,1.0,1.0,0.0,0.0,0.01,0.09,0.0,0.7697407,1.0,1.0,0.08600878,0.0,0.0,0.0,0.0,0.08730483,0.0
0.0,0.0,0.04411765,0.0,0.0008681168,0.0061771553,0.0,0.0,0.0,0.0,0.0,0.0,0.0,0.0,0.0,0.0,0.0,0.0,0.0,0.0,0.0,0.008051693,0.01072181,0.009784736,0.0,0.0,0.0,0.0,1.0,0.0,0.4,0.76557314,1.0,1.0,0.095478244,0.0,0.009768054,0.0,0.0,0.066351265,0.0
1.7326518e-05,0.0,0.22058824,0.0,4.1368454e-05,0.00021769383,0.0,0.0,0.0,0.0,0.0,0.0,0.0,0.0,0.0,0.0,0.0,0.0,0.0,0.0,0.0,0.0022556186,0.010990739,0.0058708414,0.0,0.0,0.0,0.0,0.75,0.5,0.0,0.75567985,1.0,1.0,0.09259898,0.0,0.009695426,0.0,0.0,0.065322936,0.0
1.7326518e-05,0.0,0.22058824,0.0,4.1368454e-05,0.00021769383,0.0,0.0,0.0,0.0,0.0,0.0,0.0,0.0,0.0,0.0,0.0,0.0,0.0,0.0,0.0,0.0025926232,0.011032522,0.0039138943,0.0,0.0,0.0,0.0,1.0,0.0,0.0,0.756315,1.0,1.0,0.09272226,0.0,0.009644017,0.0,0.0,0.065697074,0.0
0.0,0.0,0.25,0.1,0.0,0.0,0.0,0.0,0.0,0.0,0.0,0.0,0.0,0.0,0.0,0.0,0.0,0.0,0.0,0.0,0.0,0.0,0.023636684,0.01369863,1.0,1.0,0.0,0.0,0.06,0.07,0.0,0.7705816,1.0,1.0,0.086224,0.0,0.0,0.0,0.0,0.087248355,0.0
0.0,0.0,0.13235295,0.1,0.0,0.0,0.0,0.0,0.0,0.013915747,0.0,0.0,0.0,0.0,0.0,0.0,0.0,0.0,0.0,0.0,0.0,0.02022013,0.021245442,0.21526419,1.0,1.0,0.0,0.0,1.0,0.0,0.0,0.81028116,1.0,1.0,0.09830668,0.0,0.0,0.0,0.0,0.09443244,0.0
0.0,0.0,0.029411765,0.1,0.0,0.0,0.0,0.0,0.0,0.0,0.0,0.0,0.0,0.0,0.0,0.0,0.0,0.0,0.0,0.0,0.0,0.0,0.023335814,0.019569471,1.0,1.0,0.0,0.0,0.05,0.08,0.0,0.77720153,1.0,1.0,0.088319026,0.0,0.0,0.0,0.0,0.08912516,0.0
0.0,0.0,0.7647059,0.1,0.0,0.0,0.0,0.0,0.0,0.0,0.0,0.0,0.0,0.0,0.0,0.0,0.0,0.0,0.0,0.0,0.0,0.0,0.023337469,0.015655577,1.0,1.0,0.0,0.0,0.04,0.08,0.0,0.77580464,1.0,1.0,0.08797779,0.0,0.0,0.0,0.0,0.088932425,0.0
0.0,0.0,0.029411765,0.2,0.0,0.0,0.0,0.0,0.0,0.0,0.0,0.0,0.0,0.0,0.0,0.0,0.0,0.0,0.0,0.0,0.0,0.0007702112,0.01695688,0.009784736,0.0,0.0,1.0,1.0,0.02,0.06,0.0,0.76901746,1.0,1.0,0.09149938,0.0,0.001928851,0.0,0.0,0.079146355,0.0
0.036021832,0.0,0.04411765,0.3,0.0011085281,0.0,0.0,0.0,0.0,0.0,0.0,0.0,0.0,0.0,0.0,0.0,0.0,0.0,0.0,0.0,0.0,0.014571071,0.010721907,0.023483366,0.0,0.0,1.0,1.0,1.0,0.0,0.0,0.7768905,1.0,1.0,0.09844395,0.0,0.009682924,0.0,0.0,0.068727225,0.0
0.0,0.0,0.04411765,0.1,0.0,0.0,0.0,0.0,0.0,0.030575454,0.0,0.0,0.0,0.0,0.0,0.0,0.0009443164,0.009533793,0.0,0.0,0.0,0.047207654,0.013130784,0.058708414,0.33,0.33,0.67,0.67,1.0,0.0,0.0,0.8404869,1.0,1.0,0.11323003,0.0,0.006101325,0.0,0.0,0.085962445,0.0
0.0,0.0,0.029411765,0.2,0.0,0.0,0.0,0.0,0.0,0.0,0.0,0.0,0.0,0.0,0.0,0.0,0.0,0.0,0.0,0.0,0.0,0.00439921,0.016706966,0.031311154,0.0,0.0,1.0,1.0,0.06,0.07,0.0,0.7749078,1.0,1.0,0.09325596,0.0,0.0020519942,0.0,0.0,0.080150634,0.0
0.0,1.0,0.36764705,0.0,8.276875e-06,0.0,0.0,0.0,0.0,0.0,0.0,0.0,0.0,0.0,0.0,0.0,0.0,0.0,0.0,0.0,0.0,0.0,0.017983355,0.9960861,0.0,0.0,0.0,0.0,1.0,0.0,0.0,0.75134027,1.0,1.0,0.08599263,0.0,0.0024603158,0.0,0.0,0.07861531,0.0
1.7326518e-05,0.0,0.22058824,0.0,4.1368454e-05,0.00021769383,0.0,0.0,0.0,0.0,0.0,0.0,0.0,0.0,0.0,0.0,0.0,0.0,0.0,0.0,0.0,0.0,0.01354254,0.0039138943,0.0,0.0,0.0,0.0,1.0,0.0,0.0,0.7521839,1.0,1.0,0.089376174,0.0,0.0071959943,0.0,0.0,0.0730741,0.0
0.0,0.0,0.13235295,0.8,0.0,3.2691223e-05,0.0,0.0,0.0,0.024321765,0.0,0.0,0.0,0.0,0.0,0.0,0.0,0.0,0.0,0.0,0.0,0.03198883,0.018989816,0.0019569471,1.0,1.0,0.0,0.0,1.0,0.0,0.0,0.8284576,1.0,1.0,0.10512667,0.0,0.0,0.0,0.0,0.09742311,0.0
0.035813913,0.0,0.04411765,0.3,0.0014017206,0.0,0.0,0.0,0.0,0.0,0.0,0.0,0.0,0.0,0.0,0.0,0.0,0.0,0.0,0.0,0.0,0.0,0.011313617,0.019569471,0.0,0.0,1.0,1.0,1.0,0.0,0.0,0.74869776,1.0,1.0,0.090448074,0.0,0.009720579,0.0,0.0,0.064254135,0.0
0.0,0.0,0.7941176,0.2,0.0,0.0,0.0,0.0,0.0,0.0,0.0,0.0,0.0,0.0,0.0,0.0,0.0,0.0,0.0,0.0,0.0,0.0,0.01718881,0.015655577,0.0,0.0,1.0,1.0,0.06,0.06,0.0,0.76365304,1.0,1.0,0.08970261,0.0,0.0029537976,0.0,0.0,0.07660344,0.0
0.0,0.0,0.3970588,0.2,0.0,0.0,0.0,0.0,0.0,0.0,0.0,0.0,0.0,0.0,0.0,0.0,0.0,0.0,0.0,0.0,0.0,0.0,0.017117724,0.0058708414,0.0,0.0,1.0,1.0,0.01,0.08,0.0,0.7673235,1.0,1.0,0.09084336,0.0,0.0022031069,0.0,0.0,0.078567594,0.0
0.13282509,0.0,0.13235295,0.0,0.0,3.2691223e-05,0.0,0.0,0.0,0.0,0.0,0.0,0.0,0.0,0.0,0.0,0.0,0.0,0.0,0.0,0.0,0.0,0.019509278,0.0019569471,0.0,0.0,0.0,0.0,1.0,0.0,0.0,0.75314844,1.0,1.0,0.08446204,0.0,0.0021535158,0.0,0.0,0.08154222,0.0
0.14166161,0.0,0.13235295,0.0,0.0,1.1144735e-05,0.0,0.0,0.0,0.0,0.0,0.0,0.0,0.0,0.0,0.0,0.0,0.0,0.0,0.0,0.0,0.0,0.035930492,0.0058708414,0.0,0.0,0.0,0.33,1.0,0.0,0.67,0.63150084,0.91278535,1.0,0.034311265,0.0,0.0096170455,0.0,0.0,0.060617656,0.0
0.12825088,0.0,0.13235295,0.0,0.0,3.2691223e-05,0.0,0.0,0.0,0.0,0.0,0.0,0.0,0.0,0.0,0.0,0.0,0.0,0.0,0.0,0.0,0.0,0.01829809,0.0019569471,0.0,0.0,0.0,0.0,1.0,0.0,0.0,0.7333158,1.0,1.0,0.08012814,0.0,0.0041835606,0.0,0.0,0.07497308,0.0
0.0,1.0,0.85294116,0.0,8.977226e-06,0.0,0.0,0.0,0.0,0.0,0.0,0.0,0.0,0.0,0.0,0.0,0.0,0.0,0.0,0.0,0.0,0.0,0.031534083,0.0019569471,0.0,0.0,0.0,0.0,1.0,0.0,0.0,0.65203595,0.93990153,1.0,0.044868134,0.0,0.009352818,0.0,0.0,0.05908574,0.0
0.0,0.0,0.3529412,0.1,0.0,0.0,0.0,0.0,0.0,0.0,0.0,0.0,0.0,0.0,0.0,0.0,0.0,0.0,0.0,0.0,0.0,0.0,0.023768567,0.0019569471,1.0,1.0,0.0,0.0,0.02,0.19,0.0,0.77250075,1.0,1.0,0.0865361,0.0,0.0,0.0,0.0,0.08763158,0.0
0.0,0.0,0.029411765,0.1,0.0,0.0,0.0,0.0,0.0,6.8962574e-05,0.0,0.0,0.0,0.0,0.0,0.0,0.0,0.0,0.0,0.0,0.0,0.00030592084,0.022918269,0.03522505,1.0,1.0,0.0,0.0,0.06,0.06,0.0,0.78389406,1.0,1.0,0.09058004,0.0,0.0,0.0,0.0,0.091067374,0.0
0.12755783,0.0,0.13235295,0.0,0.0,3.2691223e-05,0.0,0.0,0.0,0.017880559,0.0,0.0,0.0,0.0,0.0,0.0,0.0,0.0,0.0,0.0,0.0,0.027647018,0.018148884,0.0019569471,0.0,0.0,0.0,0.0,1.0,0.0,0.0,0.8156073,1.0,1.0,0.1021687,0.0,0.0014818758,0.0,0.0,0.09437853,0.0
0.0,0.0,0.5735294,0.2,0.0,0.0,0.0,0.0,0.0,0.0,0.0,0.0,0.0,0.0,0.0,0.0,0.0,0.0,0.0,0.0,0.0,0.00047031045,0.017032668,0.023483366,0.0,0.0,1.0,1.0,0.08,0.05,0.0,0.7672304,1.0,1.0,0.09081101,0.0,0.0028262436,0.0,0.0,0.07745114,0.0
0.0,0.0,0.5147059,0.2,0.0,0.0,0.0,0.0,0.0,0.0,0.0,0.0,0.0,0.0,0.0,0.0,0.0,0.0,0.0,0.0,0.0,0.0020880997,0.016862951,0.039138943,0.0,0.0,1.0,1.0,0.14,0.06,0.0,0.7696389,1.0,1.0,0.09158038,0.0,0.0030141026,0.0,0.0,0.07755378,0.0
0.0,0.0,0.7058824,0.1,0.0,0.0,0.0,0.0,0.0,0.0,0.0,0.0,0.0,0.0,0.0,0.0,0.0,0.0,0.0,0.0,0.0,0.0,0.023275338,0.023483366,1.0,1.0,0.0,0.0,0.06,0.06,0.0,0.777588,1.0,1.0,0.0884968,0.0,0.0,0.0,0.0,0.089240134,0.0
0.0162696,0.0,0.04411765,0.3,0.000876139,0.0,0.0,0.0,0.0,0.002077192,0.0,0.0,0.0,0.0,0.0,0.0,0.0,0.0,0.0,0.0,0.0,0.018995434,0.010299705,0.086105675,0.02,0.02,0.95,0.95,1.0,0.0,0.0,0.7844107,1.0,1.0,0.10084546,0.0,0.009625554,0.0,0.0,0.069934964,0.0
0.0,0.0,0.029411765,0.1,0.0,0.0,0.0,0.0,0.0,0.0,0.0,0.0,0.0,0.0,0.0,0.0,0.0,0.0,0.0,0.0,0.0,0.0,0.022635229,0.017612524,0.78,1.0,0.22,0.0,0.03,0.06,0.0,0.7731643,1.0,1.0,0.08796438,0.0,0.0,0.0,0.0,0.087736845,0.0
0.0,0.0,0.029411765,0.2,0.0,0.0,0.0,0.0,0.0,0.0,0.0,0.0,0.0,0.0,0.0,0.0,0.0,0.0,0.0,0.0,0.0,0.0053963363,0.016578346,0.03522505,0.0,0.0,1.0,1.0,0.06,0.05,0.0,0.7768507,1.0,1.0,0.09392754,0.0,0.0018530339,0.0,0.0,0.08073479,0.0
0.0,1.0,0.36764705,0.0,1.6426413e-05,0.0,0.0,0.0,0.0,0.002532035,0.0,0.0,0.0,0.0,0.0,0.0,0.0,0.0,0.0,0.0,0.0,0.014816046,0.014644213,0.48336595,0.0,0.0,0.0,0.0,1.0,0.0,0.0,0.7835854,1.0,1.0,0.09729489,0.0,0.0041267276,0.0,0.0,0.08568624,0.0
0.0,0.0,0.30882353,0.1,0.0,0.0,0.0,0.0,0.0,0.0,0.0,0.0,0.0,0.0,0.0,0.0,0.0,0.0,0.0,0.0,0.0,0.0,0.023504712,0.009784736,1.0,1.0,0.0,0.0,0.03,0.1,0.0,0.7740098,1.0,1.0,0.0872932,0.0,0.0,0.0,0.0,0.088317424,0.0
0.0,0.0,0.029411765,0.1,0.0,0.0,0.0,0.0,0.0,0.0,0.0,0.0,0.0,0.0,0.0,0.0,0.0,0.0,0.0,0.0,0.0,0.0,0.023234576,0.0332681,1.0,1.0,0.0,0.0,0.09,0.08,0.0,0.78024507,1.0,1.0,0.08919393,0.0,0.0,0.0,0.0,0.08966425,0.0
0.0,0.0,0.029411765,0.1,0.0,0.0,0.0,0.0,0.0,0.00040140748,0.0,0.0,0.0,0.0,0.0,0.0,0.0,0.0,0.0,0.0,0.0,0.0005993545,0.022873737,0.037181996,1.0,1.0,0.0,0.0,0.06,0.06,0.0,0.78445685,1.0,1.0,0.09078056,0.0,0.0,0.0,0.0,0.09126276,0.0
0.0,0.0,0.029411765,0.2,0.0,0.0,0.0,0.0,0.0,0.0,0.0,0.0,0.0,0.0,0.0,0.0,0.0,0.0,0.0,0.0,0.0,0.0035690665,0.016744569,0.029354207,0.0,0.0,1.0,1.0,0.06,0.06,0.0,0.7733923,1.0,1.0,0.092815034,0.0,0.002138719,0.0,0.0,0.079649,0.0
0.0,0.0,0.11764706,0.2,0.0,0.0,0.0,0.0,0.0,0.0,0.0,0.0,0.0,0.0,0.0,0.0,0.0,0.0,0.0,0.0,0.0,0.0012780428,0.016997807,0.017612524,0.0,0.0,1.0,1.0,0.05,0.07,0.0,0.76919127,1.0,1.0,0.091419004,0.0,0.002419144,0.0,0.0,0.07849717,0.0
0.0,0.0,0.04411765,0.1,0.0,0.0,0.0,0.0,0.0,0.053833574,0.0,0.0,0.0,0.0,0.0,0.0,0.002778016,0.025370538,0.0,0.0,0.0,0.070479214,0.01423575,0.119373776,1.0,1.0,0.0,0.0,1.0,0.0,0.0,0.8845333,1.0,1.0,0.12392474,0.0,0.0035880655,0.0,0.0,0.100245565,0.0
0.03577926,0.0,0.04411765,0.3,0.0008872809,0.0,0.0,0.0,0.0,0.036409616,0.0,0.0,0.0,0.0,0.0,0.0,0.002592206,0.01728332,0.0,0.0,0.0,0.05729866,0.009501785,0.023483366,0.0,0.0,1.0,1.0,1.0,0.0,0.0,0.8506781,1.0,1.0,0.11903892,0.0,0.0092945695,0.0,0.0,0.0819698,0.0
0.0,0.0,0.13235295,0.8,0.0,3.2691223e-05,0.0,0.0,0.0,0.0,0.0,0.0,0.0,0.0,0.0,0.0,0.0,0.0,0.0,0.0,0.0,0.0,0.019759327,0.0019569471,1.0,1.0,0.0,0.0,1.0,0.0,0.0,0.757792,1.0,1.0,0.08550755,0.0,0.001774028,0.0,0.0,0.082543135,0.0
0.0,0.0,0.6911765,0.2,0.0,0.0,0.0,0.0,0.0,0.0,0.0,0.0,0.0,0.0,0.0,0.0,0.0,0.0,0.0,0.0,0.0,0.0,0.017190956,0.015655577,0.0,0.0,1.0,1.0,0.06,0.06,0.0,0.7636056,1.0,1.0,0.08968698,0.0,0.0029608756,0.0,0.0,0.07658398,0.0
0.0,0.0,0.04411765,0.2,0.0,0.0,0.0,0.0,0.0,0.0017451346,0.0,0.0,0.0,0.0,0.0,0.0,0.0,0.0,0.0,0.0,0.0,0.012743235,0.016309522,0.007827789,0.0,0.0,1.0,1.0,0.67,0.33,0.0,0.7859386,1.0,1.0,0.096163504,0.0,0.0041151047,0.0,0.0,0.07939541,0.0
0.0,0.0,0.029411765,0.2,0.0,0.0,0.0,0.0,0.0,0.0,0.0,0.0,0.0,0.0,0.0,0.0,0.0,0.0,0.0,0.0,0.0,0.0,0.018814027,0.023483366,0.07,0.33,0.93,0.67,0.09,0.06,0.0,0.76659894,1.0,1.0,0.089112274,0.0,0.0011036247,0.0,0.0,0.080471426,0.0
0.0,0.0,0.23529412,0.2,0.0,0.0,0.0,0.0,0.0,0.0,0.0,0.0,0.0,0.0,0.0,0.0,0.0,0.0,0.0,0.0,0.0,0.0045465827,0.016669698,0.0332681,0.0,0.0,1.0,1.0,0.06,0.06,0.0,0.77510977,1.0,1.0,0.09334578,0.0,0.002085492,0.0,0.0,0.080043584,0.0
0.0,0.0,0.029411765,0.2,0.0,0.0,0.0,0.0,0.0,0.0,0.0,0.0,0.0,0.0,0.0,0.0,0.0,0.0,0.0,0.0,0.0,0.0,0.017340168,0.037181996,0.01,0.0,0.99,1.0,0.19,0.06,0.0,0.75143754,1.0,1.0,0.0862534,0.0,0.0035358816,0.0,0.0,0.07370445,0.0
0.0,0.0,0.20588236,0.2,0.0,0.0,0.0,0.0,0.0,0.0,0.0,0.0,0.0,0.0,0.0,0.0,0.0,0.0,0.0,0.0,0.0,0.0014733672,0.016874865,0.025440313,0.0,0.0,1.0,1.0,0.06,0.06,0.0,0.7694812,1.0,1.0,0.09162744,0.0,0.0024056733,0.0,0.0,0.07844913,0.0
0.0,0.0,0.04411765,0.2,0.0,0.0,0.0,0.0,0.0,0.0,0.0,0.0,0.0,0.0,0.0,0.0,0.0,0.0,0.0,0.0,0.0,0.00095137954,0.01699125,0.009784736,0.0,0.0,1.0,1.0,0.02,0.06,0.0,0.7692189,1.0,1.0,0.091499306,0.0,0.0020111948,0.0,0.0,0.07913229,0.0
0.013843888,0.0,0.04411765,0.3,0.001155006,0.0,0.0,0.0,0.0,0.0,0.0,0.0,0.0,0.0,0.0,0.0,0.0,0.0,0.0,0.0,0.0,0.0043726563,0.0111987665,0.025440313,0.0,0.0,1.0,1.0,1.0,0.0,0.0,0.75961137,1.0,1.0,0.09344833,0.0,0.009730622,0.0,0.0,0.06539756,0.0
0.0,0.0,0.029411765,0.2,0.0,0.0,0.0,0.0,0.0,0.0,0.0,0.0,0.0,0.0,0.0,0.0,0.0,0.0,0.0,0.0,0.0,0.0,0.017358437,0.0039138943,0.0,0.0,1.0,1.0,0.02,0.06,0.0,0.7603414,1.0,1.0,0.08866633,0.0,0.002989769,0.0,0.0,0.0759145,0.0
0.14200814,0.0,0.13235295,0.0,0.0,1.1144735e-05,0.0,0.0,0.0,0.0,0.0,0.0,0.0,0.0,0.0,0.0,0.0,0.0,0.0,0.0,0.0,0.0,0.02208995,0.0019569471,0.0,0.0,0.0,0.0,1.0,0.0,0.0,0.748191,1.0,1.0,0.08121609,0.0,0.0,0.0,0.0,0.08110604,0.0
0.0,0.0,0.14705883,0.1,0.0,0.0,0.0,0.0,0.0,0.0005374849,0.0,0.0,0.0,0.0,0.0,0.0,0.0,0.0,0.0,0.0,0.0,0.0039794445,0.022942297,0.0019569471,1.0,1.0,0.0,0.0,0.17,0.33,0.0,0.7859187,1.0,1.0,0.09061917,0.0,0.0,0.0,0.0,0.08939433,0.0
0.0,0.0,0.029411765,0.2,0.0,0.0,0.0,0.0,0.0,0.0,0.0,0.0,0.0,0.0,0.0,0.0,0.0,0.0,0.0,0.0,0.0,0.0012017488,0.016919255,0.037181996,0.0,0.0,1.0,1.0,0.15,0.06,0.0,0.76804936,1.0,1.0,0.09109955,0.0,0.0030744076,0.0,0.0,0.07718718,0.0
0.0,0.0,0.029411765,0.2,0.0,0.0,0.0,0.0,0.0,0.0,0.0,0.0,0.0,0.0,0.0,0.0,0.0,0.0,0.0,0.0,0.0,0.00633201,0.016559362,0.039138943,0.0,0.0,1.0,1.0,0.07,0.06,0.0,0.7782953,1.0,1.0,0.0943018,0.0,0.001952514,0.0,0.0,0.08092022,0.0
0.0,0.0,0.0882353,0.2,0.0,0.0,0.0,0.0,0.0,0.0,0.0,0.0,0.0,0.0,0.0,0.0,0.0,0.0,0.0,0.0,0.0,0.001647681,0.01696647,0.011741683,0.0,0.0,1.0,1.0,0.02,0.07,0.0,0.7704499,1.0,1.0,0.0918464,0.0,0.001966685,0.0,0.0,0.07951683,0.0
0.0,0.0,0.04411765,0.0,0.0008681168,0.0061771553,0.0,0.0,0.0,0.0,0.0,0.0,0.0,0.0,0.0,0.0,0.0,0.0,0.0,0.0,0.0,0.0060856044,0.010707781,0.05479452,0.0,0.0,0.0,0.0,1.0,0.0,0.07,0.76208496,1.0,1.0,0.09457385,0.0,0.00985153,0.0,0.0,0.06545004,0.0
0.0,0.0,0.8235294,0.2,0.0,0.0,0.0,0.0,0.0,0.0,0.0,0.0,0.0,0.0,0.0,0.0,0.0,0.0,0.0,0.0,0.0,0.006150782,0.016524963,0.039138943,0.0,0.0,1.0,1.0,0.07,0.06,0.0,0.7780938,1.0,1.0,0.09430187,0.0,0.0018702,0.0,0.0,0.08093426,0.0
0.0,0.0,0.04411765,0.1,0.0,0.0,0.0,0.0,0.0,0.028965771,0.0,0.0,0.0,0.0,0.0,0.0,0.0,0.005502075,0.0,0.0,0.0,0.04420784,0.014451452,0.02739726,1.0,1.0,0.0,0.0,1.0,0.0,0.0,0.8370893,1.0,1.0,0.11108097,0.0,0.0050241947,0.0,0.0,0.08948827,0.0
0.0,0.0,0.13235295,0.8,0.0,3.2691223e-05,0.0,0.0,0.0,0.0284926,0.0,0.0,0.0,0.0,0.0,0.0,0.0,0.00046151876,0.0,0.0,0.0,0.036729634,0.019078389,0.0019569471,1.0,1.0,0.0,0.0,1.0,0.0,0.0,0.8366271,1.0,1.0,0.107179694,0.0,0.0,0.0,0.0,0.09913254,0.0
0.0,0.0,0.029411765,0.2,0.0,0.0,0.0,0.0,0.0,0.0,0.0,0.0,0.0,0.0,0.0,0.0,0.0,0.0,0.0,0.0,0.0,0.0015234351,0.01697433,0.017612524,0.0,0.0,1.0,1.0,0.04,0.08,0.0,0.76971304,1.0,1.0,0.09159102,0.0,0.002341628,0.0,0.0,0.07871184,0.0
0.0,1.0,0.36764705,0.0,1.6044403e-05,0.0,0.0,0.0,0.0,0.007668674,0.0,0.0,0.0,0.0,0.0,0.0,0.0,0.0,0.0,0.0,0.0,0.018930495,0.015087515,0.9197652,0.0,0.0,0.0,0.0,1.0,0.0,0.0,0.7933004,1.0,1.0,0.09962358,0.0,0.0027544945,0.0,0.0,0.089105785,0.0
0.0,0.0,0.029411765,0.2,0.0,0.0,0.0,0.0,0.0,0.0,0.0,0.0,0.0,0.0,0.0,0.0,0.0,0.0,0.0,0.0,0.0,0.0025096536,0.016921714,0.019569471,0.0,0.0,1.0,1.0,0.05,0.06,0.0,0.77156043,1.0,1.0,0.09214141,0.0,0.0022054762,0.0,0.0,0.079349995,0.0
0.0,1.0,0.36764705,0.0,1.6044403e-05,0.0,0.0,0.0,0.0,0.005541742,0.0,0.0,0.0,0.0,0.0,0.0,0.0,0.0,0.0,0.0,0.0,0.017282724,0.014920749,0.74363995,0.0,0.0,0.0,0.0,1.0,0.0,0.0,0.7892498,1.0,1.0,0.098619096,0.0,0.0033646524,0.0,0.0,0.08783251,0.0
0.0,0.0,0.029411765,0.2,0.0,0.0,0.0,0.0,0.0,0.0,0.0,0.0,0.0,0.0,0.0,0.0,0.0,0.0,0.0,0.0,0.0,0.0019765794,0.016873628,0.039138943,0.0,0.0,1.0,1.0,0.15,0.06,0.0,0.76940167,1.0,1.0,0.09150217,0.0,0.003049314,0.0,0.0,0.077456236,0.0
0.12863207,0.0,0.13235295,0.0,0.0,3.2691223e-05,0.0,0.0,0.0,0.0,0.0,0.0,0.0,0.0,0.0,0.0,0.0,0.0,0.0,0.0,0.0,0.0014389455,0.017828956,0.0019569471,0.0,0.0,0.0,0.0,1.0,0.0,0.0,0.7667862,1.0,1.0,0.08943126,0.0,0.0035473555,0.0,0.0,0.08230683,0.0
0.0,0.0,0.5735294,0.2,0.0,0.0,0.0,0.0,0.0,0.0,0.0,0.0,0.0,0.0,0.0,0.0,0.0,0.0,0.0,0.0,0.0,0.0,0.017322086,0.007827789,0.0,0.0,1.0,1.0,0.04,0.06,0.0,0.7612051,1.0,1.0,0.08891555,0.0,0.0030634254,0.0,0.0,0.075957894,0.0
0.0,1.0,0.36764705,0.0,1.6426413e-05,0.0,0.0,0.0,0.0,1.1265278e-05,0.0,0.0,0.0,0.0,0.0,0.0,0.0,0.0,0.0,0.0,0.0,0.012568086,0.014358059,0.25244617,0.0,0.0,0.0,0.0,1.0,0.0,0.02,0.7789329,1.0,1.0,0.09631715,0.0,0.0046280175,0.0,0.0,0.083423585,0.0
0.12748852,0.0,0.13235295,0.0,0.0,3.2691223e-05,0.0,0.0,0.0,0.0,0.0,0.0,0.0,0.0,0.0,0.0,0.0,0.0,0.0,0.0,0.0,0.0,0.018084206,0.0019569471,0.0,0.0,0.0,0.0,1.0,0.0,0.0,0.73676324,1.0,1.0,0.08125012,0.0,0.004185185,0.0,0.0,0.07530722,0.0
0.0,0.0,0.029411765,0.2,0.0,0.0,0.0,0.0,0.0,0.0,0.0,0.0,0.0,0.0,0.0,0.0,0.0,0.0,0.0,0.0,0.0,0.0,0.017347798,0.0039138943,0.0,0.0,1.0,1.0,0.02,0.08,0.0,0.76057863,1.0,1.0,0.08874451,0.0,0.002954498,0.0,0.0,0.076012015,0.0
0.0,0.0,0.42647058,0.2,0.0,0.0,0.0,0.0,0.0,0.0,0.0,0.0,0.0,0.0,0.0,0.0,0.0,0.0,0.0,0.0,0.0,0.0014301538,0.017339572,0.0332681,0.0,0.0,1.0,1.0,0.15,0.05,0.0,0.7690846,1.0,1.0,0.09099426,0.0,0.002834186,0.0,0.0,0.07778001,0.0
0.0,0.0,0.04411765,0.0,0.0008681168,0.0061771553,0.0,0.0,0.0,0.0,0.0,0.0,0.0,0.0,0.0,0.0,0.0,0.0,0.0,0.0,0.0,0.008098513,0.010718621,0.03522505,0.0,0.0,0.0,0.0,1.0,0.0,0.11,0.76565814,1.0,1.0,0.09550414,0.0,0.009759054,0.0,0.0,0.06640014,0.0
0.0,0.0,0.63235295,0.5,0.0,0.0,0.0,0.0,0.0,0.0,0.0,0.0,0.0,0.0,0.0,0.0,0.0,0.0,0.0,0.0,0.0,0.0020055473,0.016903713,0.03522505,0.0,0.0,1.0,1.0,0.12,0.06,0.0,0.7696407,1.0,1.0,0.091550075,0.0,0.0029241294,0.0,0.0,0.07776946,0.0
0.0,0.0,0.029411765,0.2,0.0,0.0,0.0,0.0,0.0,0.0,0.0,0.0,0.0,0.0,0.0,0.0,0.0,0.0,0.0,0.0,0.0,0.0,0.017093979,0.0058708414,0.0,0.0,1.0,1.0,0.01,0.08,0.0,0.7668848,1.0,1.0,0.09076523,0.0,0.002156034,0.0,0.0,0.07848412,0.0
0.0,0.0,0.7058824,0.1,0.0,0.0,0.0,0.0,0.0,0.0,0.0,0.0,0.0,0.0,0.0,0.0,0.0,0.0,0.0,0.0,0.0,0.0,0.023278438,0.029354207,1.0,1.0,0.0,0.0,0.09,0.09,0.0,0.77948153,1.0,1.0,0.088947095,0.0,0.0,0.0,0.0,0.08950889,0.0
0.0,0.0,0.029411765,0.2,0.0,0.0,0.0,0.0,0.0,0.0,0.0,0.0,0.0,0.0,0.0,0.0,0.0,0.0,0.0,0.0,0.0,0.0,0.017292894,0.009784736,0.0,0.0,1.0,1.0,0.05,0.06,0.0,0.76157033,1.0,1.0,0.0890437,0.0,0.0030352324,0.0,0.0,0.07608345,0.0
0.0,0.0,0.029411765,0.2,0.0,0.0,0.0,0.0,0.0,0.0,0.0,0.0,0.0,0.0,0.0,0.0,0.0,0.0,0.0,0.0,0.0,0.0,0.01716303,0.019569471,0.0,0.0,1.0,1.0,0.09,0.06,0.0,0.76331913,1.0,1.0,0.0896234,0.0,0.0030930936,0.0,0.0,0.0762513,0.0
0.1413844,0.0,0.13235295,0.0,0.0,1.1144735e-05,0.0,0.0,0.0,0.0,0.0,0.0,0.0,0.0,0.0,0.0,0.0,0.0,0.0,0.0,0.0,0.0,0.03498242,0.0019569471,0.0,0.0,0.0,0.0,1.0,0.0,0.0,0.63560855,0.9180989,1.0,0.036414176,0.0,0.009397,0.0,0.0,0.0608837,0.0
0.0,0.0,0.32352942,0.1,0.0,0.0,0.0,0.0,0.0,0.0,0.0,0.0,0.0,0.0,0.0,0.0,0.0,0.0,0.0,0.0,0.0,0.0,0.02362559,0.0019569471,1.0,1.0,0.0,0.0,0.01,0.1,0.0,0.770224,1.0,1.0,0.08618382,0.0,0.0,0.0,0.0,0.087478966,0.0
0.0,0.0,0.029411765,0.2,0.0,0.0,0.0,0.0,0.0,0.0,0.0,0.0,0.0,0.0,0.0,0.0,0.0,0.0,0.0,0.0,0.0,0.0020682216,0.01903329,0.01369863,0.72,0.0,0.28,1.0,0.06,0.06,0.0,0.77380776,1.0,1.0,0.090830736,0.0,0.0011260808,0.0,0.0,0.081523806,0.0
0.0,0.0,0.14705883,0.5,0.0,0.0,0.0,0.0,0.0,0.0027850866,0.0,0.0,0.0,0.0,0.0,0.0,0.0,0.0,0.0,0.0,0.0,0.013514847,0.016210921,0.023483366,0.0,0.0,1.0,1.0,0.26,0.09,0.0,0.78761506,1.0,1.0,0.09675295,0.0,0.003789097,0.0,0.0,0.08030015,0.0
0.0,0.0,0.2647059,0.1,0.0,0.0,0.0,0.0,0.0,0.0,0.0,0.0,0.0,0.0,0.0,0.0,0.0,0.0,0.0,0.0,0.0,0.0,0.023727909,0.0039138943,1.0,1.0,0.0,0.0,0.02,0.06,0.0,0.7672399,1.0,1.0,0.08527883,0.0,0.0,0.0,0.0,0.086577386,0.0
0.0,1.0,0.36764705,0.0,1.6426413e-05,0.0,0.0,0.0,0.0,0.0,0.0,0.0,0.0,0.0,0.0,0.0,0.0,0.0,0.0,0.0,0.0,0.0110916495,0.014087439,0.072407044,0.0,0.0,0.0,0.0,1.0,0.0,0.0,0.775792,1.0,1.0,0.09572791,0.0,0.0050139427,0.0,0.0,0.08171219,0.0
0.0,0.0,0.4852941,0.2,0.0,0.0,0.0,0.0,0.0,0.0,0.0,0.0,0.0,0.0,0.0,0.0,0.0,0.0,0.0,0.0,0.0,0.0033527017,0.016798154,0.025440313,0.0,0.0,1.0,1.0,0.05,0.06,0.0,0.7731097,1.0,1.0,0.09269091,0.0,0.0020911396,0.0,0.0,0.07974759,0.0
0.12627566,0.0,0.13235295,0.0,0.0,3.2691223e-05,0.0,0.0,0.0,0.0,0.0,0.0,0.0,0.0,0.0,0.0,0.0,0.0,0.0,0.0,0.0,0.000467211,0.017791428,0.0019569471,0.0,0.0,0.0,0.0,1.0,0.0,0.0,0.7651253,1.0,1.0,0.08902802,0.0,0.0037229955,0.0,0.0,0.08102563,0.0
0.0,0.0,0.029411765,0.2,0.0,0.0,0.0,0.0,0.0,0.0,0.0,0.0,0.0,0.0,0.0,0.0,0.0,0.0,0.0,0.0,0.0,0.0,0.019325912,0.0058708414,0.33,0.33,0.67,0.67,0.01,0.06,0.0,0.76946557,1.0,1.0,0.0895428,0.0,0.0,0.0,0.0,0.08266106,0.0
0.014103786,0.0,0.04411765,0.3,0.0009923336,0.0,0.0,0.0,0.0,0.039266825,0.0,0.0,0.0,0.0,0.0,0.0,0.0031767637,0.01969108,0.0,0.0,0.0,0.060429692,0.0091696605,0.07436399,0.0,0.0,1.0,1.0,1.0,0.0,0.0,0.85594,1.0,1.0,0.12075143,0.0,0.009262979,0.0,0.0,0.082861304,0.0
0.0,0.0,0.029411765,0.2,0.0,0.0,0.0,0.0,0.0,0.0,0.0,0.0,0.0,0.0,0.0,0.0,0.0,0.0,0.0,0.0,0.0,0.0019539297,0.016965866,0.01369863,0.0,0.0,1.0,1.0,0.03,0.06,0.0,0.77080584,1.0,1.0,0.09192049,0.0,0.00208956,0.0,0.0,0.07937619,0.0
0.0,1.0,0.36764705,0.0,1.6044403e-05,0.0,0.0,0.0,0.0,0.0053999126,0.0,0.0,0.0,0.0,0.0,0.0,0.0,0.0,0.0,0.0,0.0,0.017172784,0.01490964,0.73189825,0.0,0.0,0.0,0.0,1.0,0.0,0.0,0.78897965,1.0,1.0,0.0985521,0.0,0.0034053326,0.0,0.0,0.08774763,0.0
0.0,0.0,0.7058824,0.2,0.0,0.0,0.0,0.0,0.0,0.0,0.0,0.0,0.0,0.0,0.0,0.0,0.0,0.0,0.0,0.0,0.0,0.00064378977,0.017062858,0.011741683,0.0,0.0,1.0,1.0,0.03,0.07,0.0,0.7683153,1.0,1.0,0.0911425,0.0,0.0022837669,0.0,0.0,0.078639,0.0
0.03577926,0.0,0.04411765,0.3,0.0008872809,0.0,0.0,0.0,0.0,0.036089092,0.0,0.0,0.0,0.0,0.0,0.0,0.0025441796,0.016978145,0.0,0.0,0.0,0.056940943,0.009511255,0.021526419,0.0,0.0,1.0,1.0,1.0,0.0,0.0,0.85004747,1.0,1.0,0.118862085,0.0,0.009297445,0.0,0.0,0.08189538,0.0
0.0,0.0,0.1764706,0.2,0.0,0.0,0.0,0.0,0.0,0.0,0.0,0.0,0.0,0.0,0.0,0.0,0.0,0.0,0.0,0.0,0.0,0.0038861334,0.016756125,0.031311154,0.0,0.0,1.0,1.0,0.07,0.07,0.0,0.7738168,1.0,1.0,0.09289623,0.0,0.0022141188,0.0,0.0,0.0797019,0.0
0.0,0.0,0.029411765,0.2,0.0,0.0,0.0,0.0,0.0,0.0,0.0,0.0,0.0,0.0,0.0,0.0,0.0,0.0,0.0,0.0,0.0,0.0045114756,0.016757756,0.029354207,0.0,0.0,1.0,1.0,0.06,0.07,0.0,0.7750286,1.0,1.0,0.09322157,0.0,0.002120152,0.0,0.0,0.08012816,0.0
0.13880274,0.0,0.13235295,0.0,0.0,3.2691223e-05,0.0,0.0,0.0,0.0,0.0,0.0,0.0,0.0,0.0,0.0,0.0,0.0,0.0,0.0,0.0,0.0,0.02088987,0.0019569471,0.0,0.0,0.0,0.0,1.0,0.0,0.0,0.72645295,1.0,1.0,0.07627877,0.0,0.0016979724,0.0,0.0,0.075786084,0.0
0.0,0.0,0.029411765,0.1,0.0,0.0,0.0,0.0,0.0,0.0,0.0,0.0,0.0,0.0,0.0,0.0,0.0,0.0,0.0,0.0,0.0,0.0,0.023463383,0.017612524,1.0,1.0,0.0,0.0,0.06,0.09,0.0,0.77551115,1.0,1.0,0.087710015,0.0,0.0,0.0,0.0,0.08852345,0.0
0.0,0.0,0.029411765,0.1,0.0,0.0,0.0,0.0,0.0,0.0,0.0,0.0,0.0,0.0,0.0,0.0,0.0,0.0,0.0,0.0,0.0,0.0,0.023449056,0.015655577,1.0,1.0,0.0,0.0,0.05,0.08,0.0,0.77489305,1.0,1.0,0.08758005,0.0,0.0,0.0,0.0,0.08850849,0.0
0.0,0.0,0.029411765,0.2,0.0,0.0,0.0,0.0,0.0,0.0,0.0,0.0,0.0,0.0,0.0,0.0,0.0,0.0,0.0,0.0,0.0,0.005091548,0.016701482,0.037181996,0.0,0.0,1.0,1.0,0.08,0.07,0.0,0.775769,1.0,1.0,0.09344559,0.0,0.002264306,0.0,0.0,0.0800713,0.0
0.0,0.0,0.04411765,0.0,0.0008681168,0.0061771553,0.0,0.0,0.0,0.0,0.0,0.0,0.0,0.0,0.0,0.0,0.0,0.0,0.0,0.0,0.0,0.0063275397,0.010805048,0.025440313,0.0,0.0,0.0,0.0,1.0,0.0,0.31,0.76258373,1.0,1.0,0.09460669,0.0,0.009770125,0.0,0.0,0.065984845,0.0
0.0,0.0,0.04411765,0.1,0.0,0.0,0.0,0.0,0.0,0.056385517,0.0,0.0,0.0,0.0,0.0,0.0,0.0020040125,0.0236969,0.0,0.0,0.0,0.07015467,0.016882263,0.19373778,1.0,1.0,0.0,0.0,1.0,0.0,0.0,0.889493,1.0,1.0,0.12294539,0.0,0.0007200986,0.0,0.0,0.1078141,0.0
0.0,0.0,0.029411765,0.2,0.0,0.0,0.0,0.0,0.0,0.0,0.0,0.0,0.0,0.0,0.0,0.0,0.0,0.0,0.0,0.0,0.0,0.00339064,0.016761087,0.037181996,0.0,0.0,1.0,1.0,0.09,0.06,0.0,0.77251995,1.0,1.0,0.092507206,0.0,0.0025224537,0.0,0.0,0.07892895,0.0
0.0,0.0,0.6617647,0.5,0.0,0.0,0.0,0.0,0.0,0.0,0.0,0.0,0.0,0.0,0.0,0.0,0.0,0.0,0.0,0.0,0.0,0.0016158223,0.016884923,0.015655577,0.0,0.0,1.0,1.0,0.03,0.06,0.0,0.7703886,1.0,1.0,0.09192362,0.0,0.00195314,0.0,0.0,0.07937381,0.0
0.0,0.0,0.029411765,0.2,0.0,0.0,0.0,0.0,0.0,0.0,0.0,0.0,0.0,0.0,0.0,0.0,0.0,0.0,0.0,0.0,0.0,0.0,0.017085493,0.02739726,0.0,0.0,1.0,1.0,0.13,0.07,0.0,0.7654942,1.0,1.0,0.09025396,0.0,0.0031363666,0.0,0.0,0.07668769,0.0
0.0,0.0,0.4852941,0.2,0.0,0.0,0.0,0.0,0.0,0.0,0.0,0.0,0.0,0.0,0.0,0.0,0.0,0.0,0.0,0.0,0.0,0.0013732612,0.016960002,0.015655577,0.0,0.0,1.0,1.0,0.03,0.07,0.0,0.76968884,1.0,1.0,0.0916264,0.0,0.0021694303,0.0,0.0,0.078989,0.0
0.0,0.0,0.04411765,0.1,0.0,0.0,0.0,0.0,0.0,0.05424729,0.0,0.0,0.0,0.0,0.0,0.0,0.0027648658,0.02545157,0.0,0.0,0.0,0.07070801,0.014408566,0.12720157,1.0,1.0,0.0,0.0,1.0,0.0,0.0,0.8853253,1.0,1.0,0.123987,0.0,0.003377378,0.0,0.0,0.10085788,0.0
0.0,0.0,0.04411765,0.1,0.0,0.0,0.0,0.0,0.0,0.020507514,0.0,0.0,0.0,0.0,0.0,0.0,0.0,3.7670135e-05,0.0,0.0,0.0,0.03563428,0.014011718,0.01369863,1.0,1.0,0.0,0.0,1.0,0.0,0.0,0.82114446,1.0,1.0,0.10728576,0.0,0.005852148,0.0,0.0,0.08394933,0.0
0.0,0.0,0.13235295,0.8,0.0,3.2691223e-05,0.0,0.0,0.0,0.0,0.0,0.0,0.0,0.0,0.0,0.0,0.0,0.0,0.0,0.0,0.0,0.0,0.021652445,0.0019569471,1.0,1.0,0.0,0.0,1.0,0.0,0.0,0.6992508,0.9985581,1.0,0.068062864,0.0,0.0034668893,0.0,0.0,0.069164485,0.0
0.0,0.0,0.60294116,0.5,0.0,0.0,0.0,0.0,0.0,0.0,0.0,0.0,0.0,0.0,0.0,0.0,0.0,0.0,0.0,0.0,0.0,0.0051529408,0.016591936,0.037181996,0.0,0.0,1.0,1.0,0.07,0.06,0.0,0.7762672,1.0,1.0,0.09374287,0.0,0.001965776,0.0,0.0,0.080470204,0.0
0.0,0.0,0.029411765,0.2,0.0,0.0,0.0,0.0,0.0,0.0,0.0,0.0,0.0,0.0,0.0,0.0,0.0,0.0,0.0,0.0,0.0,0.0,0.017305657,0.0058708414,0.0,0.0,1.0,1.0,0.02,0.06,0.0,0.7612283,1.0,1.0,0.08896654,0.0,0.0028841048,0.0,0.0,0.076254636,0.0
0.0,0.0,0.7058824,0.2,0.0,0.0,0.0,0.0,0.0,0.0,0.0,0.0,0.0,0.0,0.0,0.0,0.0,0.0,0.0,0.0,0.0,0.0008844733,0.016997755,0.009784736,0.0,0.0,1.0,1.0,0.02,0.06,0.0,0.7690766,1.0,1.0,0.09145235,0.0,0.0020322949,0.0,0.0,0.07907376,0.0
0.0,0.0,0.029411765,0.2,0.0,0.0,0.0,0.0,0.0,0.0,0.0,0.0,0.0,0.0,0.0,0.0,0.0,0.0,0.0,0.0,0.0,0.0,0.017014615,0.0058708414,0.0,0.0,1.0,1.0,0.01,0.06,0.0,0.76767945,1.0,1.0,0.09109373,0.0,0.0019257367,0.0,0.0,0.07890788,0.0
0.0,0.0,0.029411765,0.1,0.0,0.0,0.0,0.0,0.0,0.0,0.0,0.0,0.0,0.0,0.0,0.0,0.0,0.0,0.0,0.0,0.0,0.0,0.023385398,0.0332681,1.0,1.0,0.0,0.0,0.12,0.06,0.0,0.7769941,1.0,1.0,0.08815121,0.0,0.0,0.0,0.0,0.088683546,0.0
0.0,0.0,0.029411765,0.2,0.0,0.0,0.0,0.0,0.0,0.0,0.0,0.0,0.0,0.0,0.0,0.0,0.0,0.0,0.0,0.0,0.0,9.304285e-05,0.01705908,0.025440313,0.0,0.0,1.0,1.0,0.1,0.06,0.0,0.7663623,1.0,1.0,0.09053249,0.0,0.0029812753,0.0,0.0,0.07706937,0.0
0.0,0.0,0.7352941,0.5,0.0,0.0,0.0,0.0,0.0,0.0,0.0,0.0,0.0,0.0,0.0,0.0,0.0,0.0,0.0,0.0,0.0,0.0,0.017138675,0.0019569471,0.0,0.0,1.0,1.0,0.0,0.07,0.0,0.764871,1.0,1.0,0.09020328,0.0,0.0021410733,0.0,0.0,0.07806456,0.0
0.0,0.0,0.23529412,0.2,0.0,0.0,0.0,0.0,0.0,0.0,0.0,0.0,0.0,0.0,0.0,0.0,0.0,0.0,0.0,0.0,0.0,0.0,0.017085366,0.0019569471,0.0,0.0,1.0,1.0,0.0,0.07,0.0,0.76701725,1.0,1.0,0.090844505,0.0,0.0019344687,0.0,0.0,0.07885042,0.0
0.0,0.0,0.6911765,0.2,0.0,0.0,0.0,0.0,0.0,0.0,0.0,0.0,0.0,0.0,0.0,0.0,0.0,0.0,0.0,0.0,0.0,0.00022214651,0.017004035,0.031311154,0.0,0.0,1.0,1.0,0.13,0.06,0.0,0.76639354,1.0,1.0,0.09058141,0.0,0.0030923784,0.0,0.0,0.076842725,0.0
0.0,0.0,0.029411765,0.2,0.0,0.0,0.0,0.0,0.0,0.0,0.0,0.0,0.0,0.0,0.0,0.0,0.0,0.0,0.0,0.0,0.0,0.0,0.01723288,0.01369863,0.0,0.0,1.0,1.0,0.06,0.06,0.0,0.7619953,1.0,1.0,0.089214735,0.0,0.0030617565,0.0,0.0,0.07604337,0.0
0.0,1.0,0.36764705,0.0,1.6426413e-05,0.0,0.0,0.0,0.0,0.0026378036,0.0,0.0,0.0,0.0,0.0,0.0,0.0,0.0,0.0,0.0,0.0,0.0149104595,0.014656335,0.49315068,0.0,0.0,0.0,0.0,1.0,0.0,0.0,0.78378093,1.0,1.0,0.09733593,0.0,0.0041056126,0.0,0.0,0.08578125,0.0
0.0,0.0,0.029411765,0.2,0.0,0.0,0.0,0.0,0.0,0.0,0.0,0.0,0.0,0.0,0.0,0.0,0.0,0.0,0.0,0.0,0.0,0.00095042586,0.02005919,0.0058708414,0.61,0.33,0.39,0.67,0.01,0.07,0.0,0.77593505,1.0,1.0,0.09066709,0.0,0.0,0.0,0.0,0.08566734,0.0
0.0,0.0,0.029411765,0.2,0.0,0.0,0.0,0.0,0.0,0.0,0.0,0.0,0.0,0.0,0.0,0.0,0.0,0.0,0.0,0.0,0.0,0.0014897585,0.016901389,0.03522505,0.0,0.0,1.0,1.0,0.12,0.06,0.0,0.76872766,1.0,1.0,0.09131553,0.0,0.002947539,0.0,0.0,0.077490896,0.0
0.0,0.0,0.30882353,0.2,0.0,0.0,0.0,0.0,0.0,0.0,0.0,0.0,0.0,0.0,0.0,0.0,0.0,0.0,0.0,0.0,0.0,0.0033925176,0.016752295,0.023483366,0.0,0.0,1.0,1.0,0.04,0.06,0.0,0.77344406,1.0,1.0,0.092859946,0.0,0.0019030869,0.0,0.0,0.08000687,0.0
0.0,0.0,0.029411765,0.1,0.0,0.0,0.0,0.0,0.0,0.0,0.0,0.0,0.0,0.0,0.0,0.0,0.0,0.0,0.0,0.0,0.0,0.0,0.023065351,0.031311154,1.0,1.0,0.0,0.0,0.06,0.06,0.0,0.780524,1.0,1.0,0.08952395,0.0,0.0,0.0,0.0,0.09016347,0.0
0.0,0.0,0.029411765,0.1,0.0,0.0,0.0,0.0,0.0,0.0,0.0,0.0,0.0,0.0,0.0,0.0,0.0,0.0,0.0,0.0,0.0,0.0,0.023344345,0.0058708414,1.0,1.0,0.0,0.0,0.01,0.07,0.0,0.7742094,1.0,1.0,0.08759778,0.0,0.0,0.0,0.0,0.08879539,0.0
0.0,0.0,0.029411765,0.2,0.0,0.0,0.0,0.0,0.0,0.0,0.0,0.0,0.0,0.0,0.0,0.0,0.0,0.0,0.0,0.0,0.0,0.0,0.017105274,0.023483366,0.0,0.0,1.0,1.0,0.1,0.06,0.0,0.764657,1.0,1.0,0.09002901,0.0,0.0030962378,0.0,0.0,0.07648978,0.0
0.0,0.0,0.029411765,0.2,0.0,0.0,0.0,0.0,0.0,0.0,0.0,0.0,0.0,0.0,0.0,0.0,0.0,0.0,0.0,0.0,0.0,0.0,0.017169595,0.019569471,0.0,0.0,1.0,1.0,0.09,0.05,0.0,0.76413727,1.0,1.0,0.089826666,0.0,0.00308384,0.0,0.0,0.07649082,0.0
0.0,0.0,0.42647058,0.1,0.0,0.0,0.0,0.0,0.0,0.0,0.0,0.0,0.0,0.0,0.0,0.0,0.0,0.0,0.0,0.0,0.0,0.0,0.023465551,0.0332681,1.0,1.0,0.0,0.0,0.15,0.06,0.0,0.7759068,1.0,1.0,0.08775733,0.0,0.0,0.0,0.0,0.088291705,0.0
0.0,0.0,0.029411765,0.1,0.0,0.0,0.0,0.0,0.0,0.0,0.0,0.0,0.0,0.0,0.0,0.0,0.0,0.0,0.0,0.0,0.0,0.0,0.023415238,0.015655577,1.0,1.0,0.0,0.0,0.05,0.09,0.0,0.77595484,1.0,1.0,0.087897174,0.0,0.0,0.0,0.0,0.08879569,0.0
0.015559213,0.0,0.04411765,0.3,0.0011394073,0.0,0.0,0.0,0.0,0.04801351,0.0,0.0,0.0,0.0,0.0,0.001500085,0.004125081,0.02720493,0.0,0.0,0.0,0.07022485,0.00893265,0.058708414,0.17,0.17,0.83,0.83,1.0,0.0,0.0,0.8728285,1.0,1.0,0.12542081,0.0,0.009208262,0.0,0.0,0.08582631,0.0
0.0,0.0,0.029411765,0.2,0.0,0.0,0.0,0.0,0.0,0.0,0.0,0.0,0.0,0.0,0.0,0.0,0.0,0.0,0.0,0.0,0.0,0.0,0.017133236,0.019569471,0.0,0.0,1.0,1.0,0.08,0.07,0.0,0.7649436,1.0,1.0,0.09009258,0.0,0.00296399,0.0,0.0,0.07682249,0.0
0.0,0.0,0.029411765,0.1,0.0,0.0,0.0,0.0,0.0,0.0,0.0,0.0,0.0,0.0,0.0,0.0,0.0,0.0,0.0,0.0,0.0,0.0,0.023391947,0.0039138943,1.0,1.0,0.0,0.0,0.01,0.07,0.0,0.7736064,1.0,1.0,0.08738261,0.0,0.0,0.0,0.0,0.088585496,0.0
0.12502815,0.0,0.13235295,0.0,0.0,3.2691223e-05,0.0,0.0,0.0,0.0,0.0,0.0,0.0,0.0,0.0,0.0,0.0,0.0,0.0,0.0,0.0,0.0,0.017629772,0.0019569471,0.0,0.0,0.0,0.0,1.0,0.0,0.0,0.7473359,1.0,1.0,0.08453827,0.0,0.0041478574,0.0,0.0,0.075577945,0.0
0.0,0.0,0.029411765,0.1,0.0,0.0,0.0,0.0,0.0,0.0,0.0,0.0,0.0,0.0,0.0,0.0,0.0,0.0,0.0,0.0,0.0,0.0,0.023424946,0.023483366,1.0,1.0,0.0,0.0,0.07,0.06,0.0,0.77495575,1.0,1.0,0.087610714,0.0,0.0,0.0,0.0,0.08838686,0.0
0.0,0.0,0.13235295,0.1,0.0,0.0,0.0,0.0,0.0,0.0,0.0,0.0,0.0,0.0,0.0,0.0,0.0,0.0,0.0,0.0,0.0,0.0,0.025447048,0.13502936,1.0,1.0,0.0,0.0,1.0,0.0,0.0,0.7765467,1.0,1.0,0.085607134,0.0,0.0,0.0,0.0,0.083991796,0.0
0.0,0.0,0.029411765,0.1,0.0,0.0,0.0,0.0,0.0,0.0,0.0,0.0,0.0,0.0,0.0,0.0,0.0,0.0,0.0,0.0,0.0,0.0,0.023615278,0.017612524,1.0,1.0,0.0,0.0,0.07,0.07,0.0,0.76927316,1.0,1.0,0.085883535,0.0,0.0,0.0,0.0,0.08697823,0.0
0.0,0.0,0.5735294,0.2,0.0,0.0,0.0,0.0,0.0,0.0,0.0,0.0,0.0,0.0,0.0,0.0,0.0,0.0,0.0,0.0,0.0,0.0,0.0173015,0.009784736,0.0,0.0,1.0,1.0,0.05,0.07,0.0,0.76138055,1.0,1.0,0.0889811,0.0,0.0030633956,0.0,0.0,0.07600537,0.0
0.0,1.0,0.36764705,0.0,8.08587e-06,0.0,0.0,0.0,0.0,0.0,0.0,0.0,0.0,0.0,0.0,0.0,0.0,0.0,0.0,0.0,0.0,0.0,0.020974383,1.0,0.0,0.0,0.0,0.0,1.0,0.0,0.0,0.7188357,1.0,1.0,0.074601166,0.0,0.0012712032,0.0,0.0,0.07130787,0.0
0.0,0.0,0.029411765,0.2,0.0,0.0,0.0,0.0,0.0,0.0,0.0,0.0,0.0,0.0,0.0,0.0,0.0,0.0,0.0,0.0,0.0,0.0,0.01718527,0.0039138943,0.0,0.0,1.0,1.0,0.01,0.06,0.0,0.765144,1.0,1.0,0.09018346,0.0,0.002388522,0.0,0.0,0.07779288,0.0
0.0,0.0,0.04411765,0.2,0.0,0.0,0.0,0.0,0.0,0.0023498237,0.0,0.0,0.0,0.0,0.0,0.0,0.0,0.0,0.0,0.0,0.0,0.013299018,0.016243123,0.017612524,0.0,0.0,1.0,1.0,0.43,0.19,0.0,0.78698146,1.0,1.0,0.09651586,0.0,0.004021719,0.0,0.0,0.07974893,0.0
0.0,0.0,0.029411765,0.2,0.0,0.0,0.0,0.0,0.0,0.0,0.0,0.0,0.0,0.0,0.0,0.0,0.0,0.0,0.0,0.0,0.0,0.0026097596,0.016836606,0.029354207,0.0,0.0,1.0,1.0,0.07,0.06,0.0,0.77135265,1.0,1.0,0.092142485,0.0,0.002441734,0.0,0.0,0.078810126,0.0
0.0,0.0,0.029411765,0.2,0.0,0.0,0.0,0.0,0.0,0.0,0.0,0.0,0.0,0.0,0.0,0.0,0.0,0.0,0.0,0.0,0.0,0.0,0.017199539,0.019569471,0.0,0.0,1.0,1.0,0.1,0.06,0.0,0.76347315,1.0,1.0,0.08960771,0.0,0.0031825006,0.0,0.0,0.07621768,0.0
0.12540933,0.0,0.13235295,0.0,0.0,3.2691223e-05,0.0,0.0,0.0,0.0,0.0,0.0,0.0,0.0,0.0,0.0,0.0,0.0,0.0,0.0,0.0,0.0,0.017673925,0.0019569471,0.0,0.0,0.0,0.0,1.0,0.0,0.0,0.74730206,1.0,1.0,0.08447301,0.0,0.0041148365,0.0,0.0,0.07598835,0.0
0.0,0.0,0.029411765,0.2,0.0,0.0,0.0,0.0,0.0,0.0,0.0,0.0,0.0,0.0,0.0,0.0,0.0,0.0,0.0,0.0,0.0,0.0014740229,0.016936399,0.023483366,0.0,0.0,1.0,1.0,0.06,0.06,0.0,0.7693647,1.0,1.0,0.09151482,0.0,0.0025090873,0.0,0.0,0.07832906,0.0
1.7326518e-05,0.0,0.22058824,0.0,4.1368454e-05,0.00021769383,0.0,0.0,0.0,0.0,0.0,0.0,0.0,0.0,0.0,0.0,0.0,0.0,0.0,0.0,0.0,0.0028735101,0.010985069,0.0058708414,0.0,0.0,0.25,0.0,0.75,0.5,0.0,0.7567507,1.0,1.0,0.092885084,0.0,0.009683013,0.0,0.0,0.065568656,0.0
0.0,0.0,0.04411765,0.0,0.0008681168,0.0061771553,0.0,0.0,0.0,0.0,0.0,0.0,0.0,0.0,0.0,0.0,0.0,0.0,0.0,0.0,0.0,0.007314265,0.010707967,0.009784736,0.0,0.0,0.0,0.0,1.0,0.0,0.0,0.7642728,1.0,1.0,0.09514954,0.0,0.009784773,0.0,0.0,0.0660713,0.0
0.0,1.0,0.36764705,0.0,8.08587e-06,0.0,0.0,0.0,0.0,0.007881314,0.0,0.0,0.0,0.0,0.0,0.0,0.0,0.0,0.0,0.0,0.0,0.019095272,0.0151041895,0.9373777,0.0,0.0,0.0,0.0,1.0,0.0,0.0,0.79370534,1.0,1.0,0.09972405,0.0,0.002693519,0.0,0.0,0.08923304,0.0
0.0,0.0,0.44117647,0.2,0.0,0.0,0.0,0.0,0.0,0.0,0.0,0.0,0.0,0.0,0.0,0.0,0.0,0.0,0.0,0.0,0.0,0.002826929,0.0168439,0.039138943,0.0,0.0,1.0,1.0,0.13,0.06,0.0,0.77102613,1.0,1.0,0.09197133,0.0,0.0029201657,0.0,0.0,0.07802749,0.0
0.1272113,0.0,0.13235295,0.0,0.0,3.2691223e-05,0.0,0.0,0.0,0.0,0.0,0.0,0.0,0.0,0.0,0.0,0.0,0.0,0.0,0.0,0.0,0.0,0.017991707,0.0019569471,0.0,0.0,0.0,0.0,1.0,0.0,0.0,0.73743594,1.0,1.0,0.081522815,0.0,0.0042021126,0.0,0.0,0.07520503,0.0
0.0,1.0,0.36764705,0.0,1.6044403e-05,0.0,0.0,0.0,0.0,0.005565375,0.0,0.0,0.0,0.0,0.0,0.0,0.0,0.0,0.0,0.0,0.0,0.017300993,0.014922589,0.7455969,0.0,0.0,0.0,0.0,1.0,0.0,0.0,0.7892947,1.0,1.0,0.09863024,0.0,0.0033578724,0.0,0.0,0.08784667,0.0
0.0,0.0,0.47058824,0.2,0.0,0.0,0.0,0.0,0.0,0.0,0.0,0.0,0.0,0.0,0.0,0.0,0.0,0.0,0.0,0.0,0.0,0.004886031,0.016679123,0.03522505,0.0,0.0,1.0,1.0,0.07,0.06,0.0,0.7755817,1.0,1.0,0.09344261,0.0,0.002153799,0.0,0.0,0.080116004,0.0
0.0,0.0,0.029411765,0.2,0.0,0.0,0.0,0.0,0.0,0.0,0.0,0.0,0.0,0.0,0.0,0.0,0.0,0.0,0.0,0.0,0.0,0.0054436624,0.016625628,0.03522505,0.0,0.0,1.0,1.0,0.07,0.06,0.0,0.7767675,1.0,1.0,0.09383362,0.0,0.0019775778,0.0,0.0,0.08060375,0.0
0.0,0.0,0.44117647,0.2,0.0,0.0,0.0,0.0,0.0,0.0,0.0,0.0,0.0,0.0,0.0,0.0,0.0,0.0,0.0,0.0,0.0,0.0010881722,0.01693999,0.03522505,0.0,0.0,1.0,1.0,0.14,0.05,0.0,0.7678739,1.0,1.0,0.09103393,0.0,0.0030743033,0.0,0.0,0.077139705,0.0
0.0,0.0,0.04411765,0.3,0.00085659284,0.005423771,0.0,0.0,0.0,0.0,0.0,0.0,0.0,0.0,0.0,0.0,0.0,0.0,0.0,0.0,0.0,0.007662207,0.010737196,0.0058708414,0.0,0.0,0.67,0.67,1.0,0.0,0.0,0.7649015,1.0,1.0,0.0952841,0.0,0.009790227,0.0,0.0,0.066155314,0.0
0.0,0.0,0.47058824,0.2,0.0,0.0,0.0,0.0,0.0,0.0,0.0,0.0,0.0,0.0,0.0,0.0,0.0,0.0,0.0,0.0,0.0,0.0019695163,0.016931549,0.017612524,0.0,0.0,1.0,1.0,0.04,0.06,0.0,0.7706617,1.0,1.0,0.0919038,0.0,0.0022006482,0.0,0.0,0.07910204,0.0
0.0,0.0,0.04411765,0.1,0.0,0.0,0.0,0.0,0.0,0.05656299,0.0,0.0,0.0,0.0,0.0,0.0,0.0028936937,0.026602358,0.0,0.0,0.0,0.07254875,0.014885969,0.15851273,1.0,1.0,0.0,0.0,1.0,0.0,0.0,0.8897494,1.0,1.0,0.12475943,0.0,0.0027017593,0.0,0.0,0.10307956,0.0
0.0,1.0,0.36764705,0.0,1.6426413e-05,0.0,0.0,0.0,0.0,0.0,0.0,0.0,0.0,0.0,0.0,0.0,0.0,0.0,0.0,0.0,0.0,0.0,0.021388188,0.99804306,0.0,0.0,0.0,0.0,1.0,0.0,0.0,0.7056929,1.0,1.0,0.07075403,0.0,0.002257198,0.0,0.0,0.06845969,0.0
0.0,0.0,0.029411765,0.1,0.0,0.0,0.0,0.0,0.0,0.0,0.0,0.0,0.0,0.0,0.0,0.0,0.0,0.0,0.0,0.0,0.0,0.0,0.023316287,0.023483366,1.0,1.0,0.0,0.0,0.07,0.09,0.0,0.77883995,1.0,1.0,0.08874779,0.0,0.0,0.0,0.0,0.08940506,0.0
0.0,0.0,0.13235295,0.1,0.0,0.0,0.0,0.0,0.0,0.06027305,0.0,0.0,0.0,0.0,0.0,0.0,0.0024265125,0.026087075,0.0,0.0,0.0,0.071054846,0.019696034,0.18786693,1.0,1.0,0.0,0.0,1.0,0.0,0.0,0.89835966,1.0,1.0,0.122996084,0.0,0.0,0.0,0.0,0.11276907,0.0
0.0,0.0,0.5294118,0.1,0.0,0.0,0.0,0.0,0.0,0.0,0.0,0.0,0.0,0.0,0.0,0.0,0.0,0.0,0.0,0.0,0.0,0.0,0.02323293,0.039138943,1.0,1.0,0.0,0.0,0.13,0.1,0.0,0.7816005,1.0,1.0,0.08951684,0.0,0.0,0.0,0.0,0.08983469,0.0
0.0,0.0,0.029411765,0.2,0.0,0.0,0.0,0.0,0.0,0.0,0.0,0.0,0.0,0.0,0.0,0.0,0.0,0.0,0.0,0.0,0.0,0.0005904436,0.017044902,0.01369863,0.0,0.0,1.0,1.0,0.04,0.07,0.0,0.76809037,1.0,1.0,0.091091536,0.0,0.0023807287,0.0,0.0,0.078356266,0.0
0.0,0.0,0.13235295,0.8,0.0,3.2691223e-05,0.0,0.0,0.0,0.016275316,0.0,0.0,0.0,0.0,0.0,0.0,0.0,0.0,0.0,0.0,0.0,0.022874922,0.019009598,0.0019569471,1.0,1.0,0.0,0.0,1.0,0.0,0.0,0.8128921,1.0,1.0,0.1010408,0.0,0.0,0.0,0.0,0.09416437,0.0
0.0,0.0,0.029411765,0.1,0.0,0.0,0.0,0.0,0.0,0.0,0.0,0.0,0.0,0.0,0.0,0.0,0.0,0.0,0.0,0.0,0.0,0.0,0.023584418,0.01369863,1.0,1.0,0.0,0.0,0.05,0.06,0.0,0.7706878,1.0,1.0,0.08632996,0.0,0.0,0.0,0.0,0.08738202,0.0
0.0,0.0,0.89705884,0.1,0.0,0.0,0.0,0.0,0.0,0.0,0.0,0.0,0.0,0.0,0.0,0.0,0.0,0.0,0.0,0.0,0.0,0.0,0.023511164,0.0058708414,1.0,1.0,0.0,0.0,0.02,0.11,0.0,0.77315116,1.0,1.0,0.08707944,0.0,0.0,0.0,0.0,0.08822325,0.0
0.0,1.0,0.36764705,0.0,1.6044403e-05,0.0,0.0,0.0,0.0,0.006865114,0.0,0.0,0.0,0.0,0.0,0.0,0.0,0.0,0.0,0.0,0.0,0.018307954,0.015024558,0.853229,0.0,0.0,0.0,0.0,1.0,0.0,0.0,0.7917701,1.0,1.0,0.09924411,0.0,0.0029849857,0.0,0.0,0.088624716,0.0
0.0,0.0,0.04411765,0.1,0.0,0.0,0.0,0.0,0.0,0.043464094,0.0,0.0,0.0,0.0,0.0,0.0,0.0018399283,0.018267214,0.0,0.0,0.0,0.060311913,0.013639078,0.08219178,0.86,0.86,0.12,0.12,1.0,0.0,0.0,0.8648288,1.0,1.0,0.11920231,0.0,0.004888311,0.0,0.0,0.09382579,0.0
0.035848565,0.0,0.04411765,0.3,0.001155006,0.0,0.0,0.0,0.0,0.030326426,0.0,0.0,0.0,0.0,0.0,0.0,0.0018756017,0.012077749,0.0,0.0,0.0,0.050520808,0.009704903,0.015655577,0.0,0.0,1.0,1.0,1.0,0.0,0.0,0.83898175,1.0,1.0,0.11576357,0.0,0.009352729,0.0,0.0,0.07989791,0.0
0.0,0.0,0.04411765,0.0,0.0008681168,0.0061771553,0.0,0.0,0.0,0.0,0.0,0.0,0.0,0.0,0.0,0.0,0.0,0.0,0.0,0.0,0.0,0.0045106113,0.010943659,0.0058708414,0.0,0.0,0.33,0.33,1.0,0.0,0.0,0.75949574,1.0,1.0,0.093657695,0.0,0.009760335,0.0,0.0,0.06560248,0.0
0.013843888,0.0,0.04411765,0.3,0.001178245,0.0,0.0,0.0,0.0,0.0,0.0,0.0,0.0,0.0,0.0,0.0,0.0,0.0,0.0,0.0,0.0,0.015282184,0.010458827,0.06066536,0.0,0.0,1.0,1.0,1.0,0.0,0.0,0.7780385,1.0,1.0,0.0990104,0.0,0.00965701,0.0,0.0,0.06883252,0.0
0.0,0.0,0.0882353,0.2,0.0,0.0,0.0,0.0,0.0,0.0,0.0,0.0,0.0,0.0,0.0,0.0,0.0,0.0,0.0,0.0,0.0,1.6361475e-05,0.017071865,0.0039138943,0.0,0.0,1.0,1.0,0.01,0.07,0.0,0.767658,1.0,1.0,0.09101241,0.0,0.0020150542,0.0,0.0,0.078826785,0.0
0.0,0.0,0.029411765,0.2,0.0,0.0,0.0,0.0,0.0,0.0,0.0,0.0,0.0,0.0,0.0,0.0,0.0,0.0,0.0,0.0,0.0,0.0,0.017106593,0.017612524,0.0,0.0,1.0,1.0,0.06,0.06,0.0,0.7648512,1.0,1.0,0.090120904,0.0,0.0028394163,0.0,0.0,0.076906085,0.0
0.0,1.0,0.36764705,0.0,1.6044403e-05,0.0,0.0,0.0,0.0,0.0047855377,0.0,0.0,0.0,0.0,0.0,0.0,0.0,0.0,0.0,0.0,0.0,0.01669684,0.014861494,0.68101764,0.0,0.0,0.0,0.0,1.0,0.0,0.0,0.7878096,1.0,1.0,0.098261885,0.0,0.0035815686,0.0,0.0,0.08737984,0.0
0.0,0.0,0.6764706,0.5,0.0,0.0,0.0,0.0,0.0,0.0,0.0,0.0,0.0,0.0,0.0,0.0,0.0,0.0,0.0,0.0,0.0,0.002937138,0.016787685,0.02739726,0.0,0.0,1.0,1.0,0.05,0.06,0.0,0.772426,1.0,1.0,0.09252689,0.0,0.0020557642,0.0,0.0,0.07970685,0.0
0.0,0.0,0.04411765,0.2,0.0,0.0,0.0,0.0,0.0,0.0050288737,0.0,0.0,0.0,0.0,0.0,0.0,0.0,0.0,0.0,0.0,0.0,0.015936166,0.01601272,0.037181996,0.0,0.0,1.0,1.0,0.31,0.07,0.0,0.79171395,1.0,1.0,0.09803241,0.0,0.0037115365,0.0,0.0,0.081258416,0.0
0.0,0.0,0.029411765,0.1,0.0,0.0,0.0,0.0,0.0,0.0,0.0,0.0,0.0,0.0,0.0,0.0,0.0,0.0,0.0,0.0,0.0,0.0,0.023644827,0.011741683,1.0,1.0,0.0,0.0,0.05,0.07,0.0,0.77025986,1.0,1.0,0.08613389,0.0,0.0,0.0,0.0,0.08724478,0.0
0.0,0.0,0.029411765,0.2,0.0,0.0,0.0,0.0,0.0,0.0,0.0,0.0,0.0,0.0,0.0,0.0,0.0,0.0,0.0,0.0,0.0,0.0,0.01775495,0.015655577,0.04,0.0,0.96,1.0,0.29,0.07,0.0,0.74189484,1.0,1.0,0.08329246,0.0,0.003955409,0.0,0.0,0.07119796,0.0
0.0,0.0,0.4852941,0.2,0.0,0.0,0.0,0.0,0.0,0.0,0.0,0.0,0.0,0.0,0.0,0.0,0.0,0.0,0.0,0.0,0.0,0.0025934875,0.01681003,0.019569471,0.0,0.0,1.0,1.0,0.04,0.06,0.0,0.77210605,1.0,1.0,0.09245441,0.0,0.0018999428,0.0,0.0,0.07976833,0.0
0.013843888,0.0,0.04411765,0.3,0.0009923336,0.0,0.0,0.0,0.0,0.034315497,0.0,0.0,0.0,0.0,0.0,0.0,0.0026254728,0.014693141,0.0,0.0,0.0,0.05461225,0.009309709,0.17612524,0.02,0.02,0.98,0.98,1.0,0.0,0.0,0.8460175,1.0,1.0,0.11801685,0.0,0.009071007,0.0,0.0,0.08207947,0.0
0.0,0.0,0.04411765,0.0,0.0008681168,0.0061771553,0.0,0.0,0.0,0.0,0.0,0.0,0.0,0.0,0.0,0.0,0.0,0.0,0.0,0.0,0.0,0.0034311414,0.010809258,0.009784736,0.0,0.0,0.0,0.0,1.0,0.0,0.0,0.7575873,1.0,1.0,0.09329387,0.0,0.009810507,0.0,0.0,0.06486738,0.0
0.013965174,0.0,0.04411765,0.3,0.0009923336,0.0,0.0,0.0,0.0,0.0046604276,0.0,0.0,0.0,0.0,0.0,0.0,0.0,0.0,0.0,0.0,0.0,0.021842718,0.010255769,0.078277886,0.0,0.0,1.0,1.0,1.0,0.0,0.0,0.7893592,1.0,1.0,0.10218661,0.0,0.009574652,0.0,0.0,0.070976645,0.0
0.0,0.0,0.029411765,0.2,0.0,0.0,0.0,0.0,0.0,0.0,0.0,0.0,0.0,0.0,0.0,0.0,0.0,0.0,0.0,0.0,0.0,0.0002577901,0.017067656,0.007827789,0.0,0.0,1.0,1.0,0.02,0.07,0.0,0.7678101,1.0,1.0,0.091027044,0.0,0.0021943748,0.0,0.0,0.07857752,0.0
0.0,0.0,0.029411765,0.2,0.0,0.0,0.0,0.0,0.0,0.0,0.0,0.0,0.0,0.0,0.0,0.0,0.0,0.0,0.0,0.0,0.0,0.0013403296,0.016948648,0.031311154,0.0,0.0,1.0,1.0,0.11,0.06,0.0,0.76858735,1.0,1.0,0.09123827,0.0,0.0028786957,0.0,0.0,0.07764804,0.0
0.0,0.0,0.029411765,0.2,0.0,0.0,0.0,0.0,0.0,0.0,0.0,0.0,0.0,0.0,0.0,0.0,0.0,0.0,0.0,0.0,0.0,0.00021645427,0.016991042,0.0058708414,0.0,0.0,1.0,1.0,0.01,0.06,0.0,0.76820123,1.0,1.0,0.09126582,0.0,0.0018482357,0.0,0.0,0.079122484,0.0
0.0,0.0,0.7941176,0.2,0.0,0.0,0.0,0.0,0.0,0.0,0.0,0.0,0.0,0.0,0.0,0.0,0.0,0.0,0.0,0.0,0.0,0.0,0.01730124,0.0058708414,0.0,0.0,1.0,1.0,0.02,0.06,0.0,0.76036286,1.0,1.0,0.08874764,0.0,0.0029004365,0.0,0.0,0.075995535,0.0
0.0,0.0,0.029411765,0.1,0.0,0.0,0.0,0.0,0.0,0.0,0.0,0.0,0.0,0.0,0.0,0.0,0.0,0.0,0.0,0.0,0.0,0.0,0.023516946,0.023483366,1.0,1.0,0.0,0.0,0.09,0.06,0.0,0.7737073,1.0,1.0,0.08715845,0.0,0.0,0.0,0.0,0.08793691,0.0
0.0,0.0,0.13235295,0.8,0.0,3.2691223e-05,0.0,0.0,0.0,0.0,0.0,0.0,0.0,0.0,0.0,0.0,0.0,0.0,0.0,0.0,0.0,0.0,0.020355612,0.0019569471,1.0,1.0,0.0,0.0,1.0,0.0,0.0,0.7224959,1.0,1.0,0.07548993,0.0,0.0029455274,0.0,0.0,0.0746066,0.0
0.0,1.0,0.36764705,0.0,8.08587e-06,0.0,0.0,0.0,0.0,0.0019176602,0.0,0.0,0.0,0.0,0.0,0.0,0.0,0.0,0.0,0.0,0.0,0.01426819,0.01457455,0.4266145,0.0,0.0,0.0,0.0,1.0,0.0,0.0,0.7824516,1.0,1.0,0.09705659,0.0,0.0042488277,0.0,0.0,0.085134864,0.0
0.0,1.0,0.36764705,0.0,1.6044403e-05,0.0,0.0,0.0,0.0,0.0,0.0,0.0,0.0,0.0,0.0,0.0,0.0,0.0,0.0,0.0,0.0,0.011258453,0.014154844,0.1037182,0.0,0.0,0.0,0.0,1.0,0.0,0.0,0.7761848,1.0,1.0,0.09577089,0.0,0.004945159,0.0,0.0,0.08200592,0.0
0.0,0.0,0.29411766,0.2,0.0,0.0,0.0,0.0,0.0,0.0,0.0,0.0,0.0,0.0,0.0,0.0,0.0,0.0,0.0,0.0,0.0,0.0030627549,0.016825952,0.025440313,0.0,0.0,1.0,1.0,0.06,0.07,0.0,0.772493,1.0,1.0,0.092487626,0.0,0.0021827668,0.0,0.0,0.07949397,0.0
0.12804297,0.0,0.13235295,0.0,0.0,3.2691223e-05,0.0,0.0,0.0,0.019112289,0.0,0.0,0.0,0.0,0.0,0.0,0.0,0.0,0.0,0.0,0.0,0.028739512,0.018210806,0.0019569471,0.0,0.0,0.0,0.0,1.0,0.0,0.0,0.81802297,1.0,1.0,0.10278597,0.0,0.0012469739,0.0,0.0,0.09487513,0.0
0.0,0.0,0.029411765,0.2,0.0,0.0,0.0,0.0,0.0,0.0,0.0,0.0,0.0,0.0,0.0,0.0,0.0,0.0,0.0,0.0,0.0,0.0,0.017046645,0.0019569471,0.0,0.0,1.0,1.0,0.0,0.06,0.0,0.76691055,1.0,1.0,0.09087586,0.0,0.0018379837,0.0,0.0,0.07890341,0.0
0.035848565,0.0,0.04411765,0.3,0.0012712006,0.0,0.0,0.0,0.0,0.0,0.0,0.0,0.0,0.0,0.0,0.0,0.0,0.0,0.0,0.0,0.0,0.0,0.011269495,0.025440313,0.0,0.0,1.0,1.0,1.0,0.0,0.0,0.7512363,1.0,1.0,0.09116071,0.0,0.009701788,0.0,0.0,0.06469804,0.0
0.14022352,0.0,0.13235295,0.8,1.5917067e-08,1.1144735e-05,0.0,0.0,0.0,0.0,0.0,0.0,0.0,0.0,0.0,0.0,0.0,0.0,0.0,0.0,0.0,0.0,0.018380508,0.0019569471,1.0,1.0,0.0,0.0,1.0,0.0,0.0,0.76515687,1.0,1.0,0.08893751,0.0,0.00065360963,0.0,0.0,0.08322632,0.0
0.0,0.0,0.029411765,0.1,0.0,0.0,0.0,0.0,0.0,0.0,0.0,0.0,0.0,0.0,0.0,0.0,0.0,0.0,0.0,0.0,0.0,0.0,0.026811473,0.0019569471,1.0,1.0,0.0,0.0,0.01,0.06,0.0,0.70247006,1.0,1.0,0.065320365,0.0,0.0,0.0,0.0,0.06973338,0.0
0.0,0.0,0.029411765,0.1,0.0,0.0,0.0,0.0,0.0,0.0,0.0,0.0,0.0,0.0,0.0,0.0,0.0,0.0,0.0,0.0,0.0,0.0,0.023781538,0.029354207,1.0,1.0,0.0,0.0,0.12,0.06,0.0,0.76923525,1.0,1.0,0.085716434,0.0,0.0,0.0,0.0,0.086892396,0.0
0.0,0.0,0.029411765,0.2,0.0,0.0,0.0,0.0,0.0,0.0,0.0,0.0,0.0,0.0,0.0,0.0,0.0,0.0,0.0,0.0,0.0,0.0,0.01711101,0.0019569471,0.0,0.0,1.0,1.0,0.0,0.07,0.0,0.76644814,1.0,1.0,0.09065681,0.0,0.0020190477,0.0,0.0,0.07861626,0.0
0.0,0.0,0.04411765,0.0,0.0008681168,0.0061771553,0.0,0.0,0.0,0.0,0.0,0.0,0.0,0.0,0.0,0.0,0.0,0.0,0.0,0.0,0.0,0.007190734,0.01067321,0.007827789,0.25,0.25,0.0,0.0,1.0,0.0,0.0,0.763993,1.0,1.0,0.09510969,0.0,0.009835571,0.0,0.0,0.06581959,0.0
0.0,0.0,0.60294116,0.5,0.0,0.0,0.0,0.0,0.0,0.0,0.0,0.0,0.0,0.0,0.0,0.0,0.0,0.0,0.0,0.0,0.0,0.0006264448,0.017017134,0.031311154,0.0,0.0,1.0,1.0,0.14,0.06,0.0,0.76706934,1.0,1.0,0.09073778,0.0,0.0031042248,0.0,0.0,0.077023715,0.0
0.13130036,0.0,0.13235295,0.3,0.0,3.2691223e-05,0.0,0.0,0.0,0.0,0.0,0.0,0.0,0.0,0.0,0.0,0.0,0.0,0.0,0.0,0.0,0.0,0.0190785,0.0019569471,0.0,0.0,1.0,1.0,1.0,0.0,0.0,0.7476711,1.0,1.0,0.08332067,0.0,0.0028010756,0.0,0.0,0.08025396,0.0
0.0,0.0,0.029411765,0.2,0.0,0.0,0.0,0.0,0.0,0.0,0.0,0.0,0.0,0.0,0.0,0.0,0.0,0.0,0.0,0.0,0.0,0.005836338,0.016938403,0.0332681,0.16,0.0,0.84,1.0,0.06,0.06,0.0,0.77823997,1.0,1.0,0.09397756,0.0,0.0015887022,0.0,0.0,0.08144033,0.0
0.0,0.0,0.029411765,0.2,0.0,0.0,0.0,0.0,0.0,0.0,0.0,0.0,0.0,0.0,0.0,0.0,0.0,0.0,0.0,0.0,0.0,0.00503543,0.016631946,0.039138943,0.0,0.0,1.0,1.0,0.08,0.06,0.0,0.77572215,1.0,1.0,0.09351983,0.0,0.0022225678,0.0,0.0,0.079958886,0.0
0.0,0.0,0.029411765,0.1,0.0,0.0,0.0,0.0,0.0,0.0,0.0,0.0,0.0,0.0,0.0,0.0,0.0,0.0,0.0,0.0,0.0,0.0,0.023528792,0.025440313,1.0,1.0,0.0,0.0,0.11,0.07,0.0,0.77350473,1.0,1.0,0.08708175,0.0,0.0,0.0,0.0,0.08785653,0.0
0.0,0.0,0.20588236,0.2,0.0,0.0,0.0,0.0,0.0,0.0,0.0,0.0,0.0,0.0,0.0,0.0,0.0,0.0,0.0,0.0,0.0,0.0033749938,0.01679603,0.025440313,0.0,0.0,1.0,1.0,0.05,0.06,0.0,0.7731571,1.0,1.0,0.092706524,0.0,0.0020840317,0.0,0.0,0.07976714,0.0
0.14230269,0.0,0.13235295,0.0,0.0,1.1144735e-05,0.0,0.0,0.0,0.0,0.0,0.0,0.0,0.0,0.0,0.0,0.0,0.0,0.0,0.0,0.0,0.0,0.019111037,0.0019569471,0.0,0.0,0.0,0.0,1.0,0.0,0.0,0.74399626,1.0,1.0,0.082540296,0.0,0.0015732646,0.0,0.0,0.07757506,0.0
0.0,0.0,0.3970588,0.2,0.0,0.0,0.0,0.0,0.0,0.0,0.0,0.0,0.0,0.0,0.0,0.0,0.0,0.0,0.0,0.0,0.0,0.0,0.01716721,0.015655577,0.0,0.0,1.0,1.0,0.06,0.06,0.0,0.7631669,1.0,1.0,0.089608826,0.0,0.0029138327,0.0,0.0,0.076500475,0.0
0.12866673,0.0,0.13235295,0.0,0.0,3.2691223e-05,0.0,0.0,0.0,0.020130426,0.0,0.0,0.0,0.0,0.0,0.0,0.0,0.0,0.0,0.0,0.0,0.029561639,0.018302374,0.0019569471,0.0,0.0,0.0,0.0,1.0,0.0,0.0,0.8200238,1.0,1.0,0.1032648,0.0,0.000991404,0.0,0.0,0.0953643,0.0
0.12553063,0.0,0.13235295,0.0,0.0,3.2691223e-05,0.0,0.0,0.0,0.0,0.0,0.0,0.0,0.0,0.0,0.0,0.0,0.0,0.0,0.0,0.0,0.0,0.017681338,0.0019569471,0.0,0.0,0.0,0.0,1.0,0.0,0.0,0.7461456,1.0,1.0,0.08415634,0.0,0.0041326284,0.0,0.0,0.07586324,0.0
0.0,0.0,0.13235295,0.5,0.0,0.0,0.0,0.0,0.0,0.0,0.0,0.0,0.0,0.0,0.0,0.0,0.0,0.0,0.0,0.0,0.0,0.0,0.017288633,0.009784736,0.0,0.0,1.0,1.0,0.05,0.07,0.0,0.7616651,1.0,1.0,0.08907499,0.0,0.0030211061,0.0,0.0,0.07612243,0.0
0.0137919085,0.0,0.04411765,0.3,0.0009923336,0.0,0.0,0.0,0.0,0.018508255,0.0,0.0,0.0,0.0,0.0,0.0,0.0007747263,0.0014731586,0.0,0.0,0.0,0.037093878,0.009852767,0.12720157,0.03,0.03,0.97,0.97,1.0,0.0,0.0,0.81578636,1.0,1.0,0.10953403,0.0,0.0092950165,0.0,0.0,0.07633722,0.0
0.0,0.0,0.19117647,0.2,0.0,0.0,0.0,0.0,0.0,0.0,0.0,0.0,0.0,0.0,0.0,0.0,0.0,0.0,0.0,0.0,0.0,0.003155917,0.016798086,0.021526419,0.0,0.0,1.0,1.0,0.04,0.06,0.0,0.77305233,1.0,1.0,0.09270763,0.0,0.0018977225,0.0,0.0,0.080035865,0.0
0.0,0.0,0.029411765,0.2,0.0,0.0,0.0,0.0,0.0,0.0,0.0,0.0,0.0,0.0,0.0,0.0,0.0,0.0,0.0,0.0,0.0,0.0,0.017322853,0.009784736,0.0,0.0,1.0,1.0,0.05,0.07,0.0,0.7609062,1.0,1.0,0.08882471,0.0,0.003133893,0.0,0.0,0.07581028,0.0
0.0,0.0,0.029411765,0.1,0.0,0.0,0.0,0.0,0.0,0.0,0.0,0.0,0.0,0.0,0.0,0.0,0.0,0.0,0.0,0.0,0.0,0.0,0.023140505,0.021526419,1.0,1.0,0.0,0.0,0.04,0.06,0.0,0.7780025,1.0,1.0,0.08880835,0.0,0.0,0.0,0.0,0.08969262,0.0
0.0,0.0,0.5147059,0.2,0.0,0.0,0.0,0.0,0.0,0.0,0.0,0.0,0.0,0.0,0.0,0.0,0.0,0.0,0.0,0.0,0.0,0.0,0.017324284,0.0039138943,0.0,0.0,1.0,1.0,0.02,0.07,0.0,0.7611003,1.0,1.0,0.08891656,0.0,0.002877012,0.0,0.0,0.07622662,0.0
0.0,0.0,0.029411765,0.1,0.0,0.0,0.0,0.0,0.0,0.0,0.0,0.0,0.0,0.0,0.0,0.0,0.0,0.0,0.0,0.0,0.0,0.0,0.023549736,0.0039138943,1.0,1.0,0.0,0.0,0.01,0.1,0.0,0.7726691,1.0,1.0,0.086908095,0.0,0.0,0.0,0.0,0.08805689,0.0
0.0,0.0,0.029411765,0.2,0.0,0.0,0.0,0.0,0.0,0.0,0.0,0.0,0.0,0.0,0.0,0.0,0.0,0.0,0.0,0.0,0.0,0.0,0.017315753,0.007827789,0.0,0.0,1.0,1.0,0.04,0.07,0.0,0.7613474,1.0,1.0,0.08896246,0.0,0.0030421913,0.0,0.0,0.076016486,0.0
0.0,0.0,0.029411765,0.2,0.0,0.0,0.0,0.0,0.0,0.0,0.0,0.0,0.0,0.0,0.0,0.0,0.0,0.0,0.0,0.0,0.0,0.0010279715,0.016978547,0.031311154,0.0,0.0,1.0,1.0,0.12,0.06,0.0,0.76792324,1.0,1.0,0.09101931,0.0,0.0029773861,0.0,0.0,0.077374876,0.0
0.0,1.0,0.36764705,0.0,1.6044403e-05,0.0,0.0,0.0,0.0,0.0033792257,0.0,0.0,0.0,0.0,0.0,0.0,0.0,0.0,0.0,0.0,0.0,0.015571594,0.014740527,0.56164384,0.0,0.0,0.0,0.0,1.0,0.0,0.0,0.78514934,1.0,1.0,0.09762349,0.0,0.0039581507,0.0,0.0,0.08644676,0.0
0.016130988,0.0,0.04411765,0.3,0.0006580752,0.0,0.0,0.0,0.0,0.05971846,0.0,0.0,0.0,0.0,0.0,0.004651606,0.0054179206,0.036686897,0.0,0.0,0.0,0.08303875,0.008630954,0.1037182,0.11,0.11,0.89,0.89,1.0,0.0,0.0,0.8951334,1.0,1.0,0.13158736,0.0,0.008911759,0.0,0.0,0.090532064,0.0
0.0,0.0,0.04411765,0.0,0.0008681168,0.0061771553,0.0,0.0,0.0,0.0,0.0,0.0,0.0,0.0,0.0,0.0,0.0,0.0,0.0,0.0,0.0,0.0,0.0112375915,0.031311154,0.0,0.0,0.0,0.0,1.0,0.0,0.12,0.74800587,1.0,1.0,0.090346865,0.0,0.009769902,0.0,0.0,0.063857585,0.0
0.0,0.0,0.029411765,0.1,0.0,0.0,0.0,0.0,0.0,0.0,0.0,0.0,0.0,0.0,0.0,0.0,0.0,0.0,0.0,0.0,0.0,0.0,0.023512356,0.0058708414,1.0,1.0,0.0,0.0,0.02,0.09,0.0,0.77253246,1.0,1.0,0.08692282,0.0,0.0,0.0,0.0,0.088095665,0.0
0.0,0.0,0.029411765,0.1,0.0,0.0,0.0,0.0,0.0,0.0,0.0,0.0,0.0,0.0,0.0,0.0,0.0,0.0,0.0,0.0,0.0,0.0,0.023168735,0.037181996,1.0,1.0,0.0,0.0,0.09,0.06,0.0,0.7798512,1.0,1.0,0.08917963,0.0,0.0,0.0,0.0,0.089698255,0.0
0.0,1.0,0.36764705,0.0,2.3557259e-05,0.0,0.0,0.33333334,0.0,0.0,0.0,0.0,0.0,0.0,0.0,0.0,0.0,0.0,0.0,0.0,0.0,0.0,0.031534083,0.0019569471,0.0,0.0,0.0,0.0,1.0,0.0,0.0,0.65203595,0.93990153,1.0,0.044868134,0.0,0.009352818,0.0,0.0,0.05908574,0.0
0.0,0.0,0.029411765,0.2,0.0,0.0,0.0,0.0,0.0,0.0,0.0,0.0,0.0,0.0,0.0,0.0,0.0,0.0,0.0,0.0,0.0,0.002150029,0.016904406,0.019569471,0.0,0.0,1.0,1.0,0.04,0.06,0.0,0.7709795,1.0,1.0,0.09201639,0.0,0.0021795332,0.0,0.0,0.079208046,0.0
0.0,0.0,0.029411765,0.1,0.0,0.0,0.0,0.0,0.0,0.0,0.0,0.0,0.0,0.0,0.0,0.0,0.0,0.0,0.0,0.0,0.0,0.0,0.023368835,0.009784736,1.0,1.0,0.0,0.0,0.02,0.07,0.0,0.77404666,1.0,1.0,0.08750904,0.0,0.0,0.0,0.0,0.08861697,0.0
0.0,0.0,0.14705883,0.5,0.0,0.0,0.0,0.0,0.0,0.0,0.0,0.0,0.0,0.0,0.0,0.0,0.0,0.0,0.0,0.0,0.0,0.00491032,0.016667046,0.037181996,0.0,0.0,1.0,1.0,0.08,0.07,0.0,0.77556753,1.0,1.0,0.09344562,0.0,0.002181977,0.0,0.0,0.08008546,0.0
0.1261024,0.0,0.13235295,0.0,0.0,3.2691223e-05,0.0,0.0,0.0,0.014349878,0.0,0.0,0.0,0.0,0.0,0.0,0.0,0.0,0.0,0.0,0.0,0.024206549,0.0182039,0.0019569471,0.0,0.0,0.0,0.0,1.0,0.0,0.0,0.8089024,1.0,1.0,0.100292556,0.0,0.0018798858,0.0,0.0,0.092936575,0.0
0.0,0.0,0.029411765,0.2,0.0,0.0,0.0,0.0,0.0,0.0,0.0,0.0,0.0,0.0,0.0,0.0,0.0,0.0,0.0,0.0,0.0,0.0060616136,0.016533457,0.039138943,0.0,0.0,1.0,1.0,0.07,0.06,0.0,0.77790415,1.0,1.0,0.09423933,0.0,0.0018984377,0.0,0.0,0.080856234,0.0
0.0,0.0,0.029411765,0.2,0.0,0.0,0.0,0.0,0.0,0.0,0.0,0.0,0.0,0.0,0.0,0.0,0.0,0.0,0.0,0.0,0.0,0.0,0.017375626,0.0039138943,0.0,0.0,1.0,1.0,0.02,0.08,0.0,0.75996196,1.0,1.0,0.0885412,0.0,0.00304614,0.0,0.0,0.07575843,0.0
0.013670623,0.0,0.04411765,0.3,0.00036010772,7.4298237e-07,0.0,0.0,0.0,0.044106215,0.0,0.0,0.0,0.0,0.0,0.00043582916,0.0036951452,0.023893714,0.0,0.0,0.0,0.06588459,0.009027548,0.056751467,0.0,0.0,1.0,1.0,1.0,0.0,0.0,0.8653009,1.0,1.0,0.12334659,0.0,0.009262204,0.0,0.0,0.084436685,0.0
0.0,0.0,0.44117647,0.1,0.0,0.0,0.0,0.0,0.0,0.0,0.0,0.0,0.0,0.0,0.0,0.0,0.0,0.0,0.0,0.0,0.0,0.0,0.023689233,0.009784736,1.0,1.0,0.0,0.0,0.14,0.19,0.0,0.77572274,1.0,1.0,0.0874412,0.0,0.0,0.0,0.0,0.08826688,0.0
0.0,0.0,0.63235295,0.5,0.0,0.0,0.0,0.0,0.0,0.0,0.0,0.0,0.0,0.0,0.0,0.0,0.0,0.0,0.0,0.0,0.0,0.0,0.017322801,0.0058708414,0.0,0.0,1.0,1.0,0.03,0.07,0.0,0.7608489,1.0,1.0,0.0888414,0.0,0.002940461,0.0,0.0,0.07609856,0.0
0.0,0.0,0.04411765,0.1,0.0,0.0,0.0,0.0,0.0,0.028149337,0.0,0.0,0.0,0.0,0.0,0.0,0.0,0.0049297214,0.0,0.0,0.0,0.0433729,0.014403649,0.0332681,1.0,1.0,0.0,0.0,1.0,0.0,0.0,0.8355253,1.0,1.0,0.11071231,0.0,0.005098641,0.0,0.0,0.0890027,0.0
0.0,0.0,0.13235295,0.8,0.0,3.2691223e-05,0.0,0.0,0.0,0.0,0.0,0.0,0.0,0.0,0.0,0.0,0.0,0.0,0.0,0.0,0.0,0.0,0.019880868,0.0019569471,1.0,1.0,0.0,0.0,1.0,0.0,0.0,0.73870146,1.0,1.0,0.080372386,0.0,0.0020291358,0.0,0.0,0.07855031,0.0
0.0,0.0,0.029411765,0.1,0.0,0.0,0.0,0.0,0.0,0.0,0.0,0.0,0.0,0.0,0.0,0.0,0.0,0.0,0.0,0.0,0.0,0.0,0.02334088,0.037181996,1.0,1.0,0.0,0.0,0.13,0.06,0.0,0.7775154,1.0,1.0,0.08833342,0.0,0.0,0.0,0.0,0.08885652,0.0
0.0,0.0,0.029411765,0.2,0.0,0.0,0.0,0.0,0.0,0.0,0.0,0.0,0.0,0.0,0.0,0.0,0.0,0.0,0.0,0.0,0.0,0.0011737645,0.016908392,0.011741683,0.0,0.0,1.0,1.0,0.02,0.06,0.0,0.7698097,1.0,1.0,0.09176832,0.0,0.0018372834,0.0,0.0,0.07944745,0.0
0.0,0.0,0.13235295,0.8,0.0,3.2691223e-05,0.0,0.0,0.0,0.0,0.0,0.0,0.0,0.0,0.0,0.0,0.0,0.0,0.0,0.0,0.0,0.0,0.028814211,0.0019569471,1.0,1.0,0.0,0.0,1.0,0.0,0.0,0.6627545,0.9529011,1.0,0.050391175,0.0,0.006964028,0.0,0.0,0.06401175,0.0
0.0,0.0,0.029411765,0.2,0.0,0.0,0.0,0.0,0.0,0.0,0.0,0.0,0.0,0.0,0.0,0.0,0.0,0.0,0.0,0.0,0.0,0.004592061,0.016726322,0.039138943,0.0,0.0,1.0,1.0,0.1,0.06,0.0,0.7745955,1.0,1.0,0.093081795,0.0,0.0025022328,0.0,0.0,0.07939851,0.0
0.12828554,0.0,0.13235295,0.0,0.0,3.2691223e-05,0.0,0.0,0.0,0.0,0.0,0.0,0.0,0.0,0.0,0.0,0.0,0.0,0.0,0.0,0.0,0.0017948151,0.017767705,0.0019569471,0.0,0.0,0.0,0.0,1.0,0.0,0.0,0.76730573,1.0,1.0,0.08962368,0.0,0.0036274195,0.0,0.0,0.08208293,0.0
0.0,0.0,0.23529412,0.2,0.0,0.0,0.0,0.0,0.0,0.0,0.0,0.0,0.0,0.0,0.0,0.0,0.0,0.0,0.0,0.0,0.0,0.002997756,0.016823053,0.019569471,0.0,0.0,1.0,1.0,0.04,0.06,0.0,0.77278197,1.0,1.0,0.09261074,0.0,0.001911819,0.0,0.0,0.07994941,0.0
0.0,0.0,0.029411765,0.2,0.0,0.0,0.0,0.0,0.0,0.0,0.0,0.0,0.0,0.0,0.0,0.0,0.0,0.0,0.0,0.0,0.0,0.0015720129,0.016950682,0.01369863,0.0,0.0,1.0,1.0,0.03,0.06,0.0,0.7701775,1.0,1.0,0.091779776,0.0,0.002070725,0.0,0.0,0.07921469,0.0
0.0,0.0,0.029411765,0.2,0.0,0.0,0.0,0.0,0.0,0.0,0.0,0.0,0.0,0.0,0.0,0.0,0.0,0.0,0.0,0.0,0.0,0.0012386143,0.016911924,0.009784736,0.0,0.0,1.0,1.0,0.02,0.06,0.0,0.7700136,1.0,1.0,0.09182783,0.0,0.0017808825,0.0,0.0,0.07955608,0.0
0.0,0.0,0.8382353,0.5,0.0,0.0,0.0,0.0,0.0,0.0,0.0,0.0,0.0,0.0,0.0,0.0,0.0,0.0,0.0,0.0,0.0,0.0016441941,0.01839862,0.017612524,0.25,0.0,0.75,1.0,0.07,0.06,0.0,0.77185893,1.0,1.0,0.090860866,0.0,0.0016737133,0.0,0.0,0.08021703,0.0
0.0,0.0,0.13235295,0.8,0.0,3.2691223e-05,0.0,0.0,0.0,0.0,0.0,0.0,0.0,0.0,0.0,0.0,0.0,0.0,0.0,0.0,0.0,0.0,0.030466184,0.0019569471,1.0,1.0,0.0,0.0,1.0,0.0,0.0,0.65522224,0.9432828,1.0,0.046516173,0.0,0.007900938,0.0,0.0,0.06292531,0.0
0.0,0.0,0.029411765,0.2,0.0,0.0,0.0,0.0,0.0,0.0,0.0,0.0,0.0,0.0,0.0,0.0,0.0,0.0,0.0,0.0,0.0,0.0039326847,0.016742542,0.025440313,0.0,0.0,1.0,1.0,0.05,0.06,0.0,0.7743429,1.0,1.0,0.093097575,0.0,0.0019078851,0.0,0.0,0.08025485,0.0
0.0,0.0,0.029411765,0.1,0.0,0.0,0.0,0.0,0.0,0.0,0.0,0.0,0.0,0.0,0.0,0.0,0.0,0.0,0.0,0.0,0.0,0.0,0.023828238,0.007827789,1.0,1.0,0.0,0.0,0.09,0.17,0.0,0.76966155,1.0,1.0,0.08572128,0.0,0.0,0.0,0.0,0.08675784,0.0
0.0,0.0,0.63235295,0.1,0.0,0.0,0.0,0.0,0.0,0.0,0.0,0.0,0.0,0.0,0.0,0.0,0.0,0.0,0.0,0.0,0.0,0.0,0.023451671,0.02739726,1.0,1.0,0.0,0.0,0.1,0.06,0.0,0.7745105,1.0,1.0,0.08744278,0.0,0.0,0.0,0.0,0.08821151,0.0
0.035588667,0.0,0.04411765,0.3,0.001155006,0.0,0.0,0.0,0.0,0.025666624,0.0,0.0,0.0,0.0,0.0,0.0,0.0013404563,0.008043408,0.0,0.0,0.0,0.04529935,0.009857655,0.021526419,0.0,0.0,1.0,1.0,1.0,0.0,0.0,0.8299942,1.0,1.0,0.11325266,0.0,0.0093740225,0.0,0.0,0.07836774,0.0
0.0,0.0,0.029411765,0.2,0.0,0.0,0.0,0.0,0.0,0.0,0.0,0.0,0.0,0.0,0.0,0.0,0.0,0.0,0.0,0.0,0.0,0.0,0.017122582,0.023483366,0.0,0.0,1.0,1.0,0.11,0.07,0.0,0.76523805,1.0,1.0,0.090154044,0.0,0.0031221807,0.0,0.0,0.076631755,0.0
0.0,0.0,0.029411765,0.1,0.0,0.0,0.0,0.0,0.0,0.0,0.0,0.0,0.0,0.0,0.0,0.0,0.0,0.0,0.0,0.0,0.0,0.0,0.023196623,0.03522505,1.0,1.0,0.0,0.0,0.09,0.06,0.0,0.7789115,1.0,1.0,0.08891002,0.0,0.0,0.0,0.0,0.08946249,0.0
0.0,0.0,0.029411765,0.1,0.0,0.0,0.0,0.0,0.0,0.0,0.0,0.0,0.0,0.0,0.0,0.0,0.0,0.0,0.0,0.0,0.0,0.0,0.022649929,0.011741683,0.79,1.0,0.21,0.0,0.02,0.06,0.0,0.77150524,1.0,1.0,0.08751797,0.0,0.0,0.0,0.0,0.087310106,0.0
0.0,0.0,0.029411765,0.2,0.0,0.0,0.0,0.0,0.0,0.0,0.0,0.0,0.0,0.0,0.0,0.0,0.0,0.0,0.0,0.0,0.0,0.0036163926,0.016791843,0.029354207,0.0,0.0,1.0,1.0,0.07,0.07,0.0,0.77330923,1.0,1.0,0.09272113,0.0,0.0022633523,0.0,0.0,0.0795179,0.0
0.0,0.0,0.04411765,0.0,0.0008681168,0.0061771553,0.0,0.0,0.0,0.0,0.0,0.0,0.0,0.0,0.0,0.0,0.0,0.0,0.0,0.0,0.0,0.0019560754,0.010892414,0.009784736,0.0,0.0,0.0,0.0,1.0,0.0,0.0,0.75503397,1.0,1.0,0.09253787,0.0,0.009807587,0.0,0.0,0.06458476,0.0
0.0,0.0,0.04411765,0.0,0.0008681168,0.0061771553,0.0,0.0,0.0,0.0,0.0,0.0,0.0,0.0,0.0,0.0,0.0,0.0,0.0,0.0,0.0,0.0076176226,0.010686427,0.0058708414,0.0,0.0,0.33,0.33,1.0,0.0,0.0,0.76479435,1.0,1.0,0.09530776,0.0,0.009791657,0.0,0.0,0.06610125,0.0
0.0,0.0,0.029411765,0.1,0.0,0.0,0.0,0.0,0.0,0.0,0.0,0.0,0.0,0.0,0.0,0.0,0.0,0.0,0.0,0.0,0.0,0.0,0.023137555,0.021526419,1.0,1.0,0.0,0.0,0.04,0.06,0.0,0.77804255,1.0,1.0,0.08882295,0.0,0.0,0.0,0.0,0.08970711,0.0
0.0,1.0,0.36764705,0.0,1.6426413e-05,0.0,0.0,0.0,0.0,0.0,0.0,0.0,0.0,0.0,0.0,0.0,0.0,0.0,0.0,0.0,0.0,0.011623561,0.014237843,0.15264188,0.0,0.0,0.0,0.0,1.0,0.0,0.0,0.776978,1.0,1.0,0.09590634,0.0,0.0048386604,0.0,0.0,0.08247289,0.0
0.0,0.0,0.029411765,0.1,0.0,0.0,0.0,0.0,0.0,0.0,0.0,0.0,0.0,0.0,0.0,0.0,0.0,0.0,0.0,0.0,0.0,0.0,0.023378976,0.039138943,1.0,1.0,0.0,0.0,0.16,0.06,0.0,0.7778114,1.0,1.0,0.0883467,0.0,0.0,0.0,0.0,0.0887554,0.0
0.0,0.0,0.13235295,0.8,0.0,3.2691223e-05,0.0,0.0,0.0,0.0065622926,0.0,0.0,0.0,0.0,0.0,0.0,0.0,0.0,0.0,0.0,0.0,0.012200862,0.018506773,0.0019569471,1.0,1.0,0.0,0.0,1.0,0.0,0.0,0.7936809,1.0,1.0,0.096452676,0.0,0.0,0.0,0.0,0.08994788,0.0
0.0,0.0,0.029411765,0.2,0.0,0.0,0.0,0.0,0.0,0.0,0.0,0.0,0.0,0.0,0.0,0.0,0.0,0.0,0.0,0.0,0.0,0.0049521923,0.016611226,0.037181996,0.0,0.0,1.0,1.0,0.07,0.06,0.0,0.7758404,1.0,1.0,0.09360208,0.0,0.0020292252,0.0,0.0,0.08029458,0.0
0.0,0.0,0.14705883,0.5,0.0,0.0,0.0,0.0,0.0,0.0052453578,0.0,0.0,0.0,0.0,0.0,0.0,0.0,0.0,0.0,0.0,0.0,0.016332448,0.016049013,0.031311154,0.0,0.0,1.0,1.0,0.33,0.08,0.0,0.79234684,1.0,1.0,0.09813758,0.0,0.0038581342,0.0,0.0,0.08092934,0.0
0.0,1.0,0.36764705,0.0,8.276875e-06,0.0,0.0,0.0,0.0,0.0013457239,0.0,0.0,0.0,0.0,0.0,0.0,0.0,0.0,0.0,0.0,0.0,0.013758153,0.014509596,0.3737769,0.0,0.0,0.0,0.0,1.0,0.0,0.0,0.78139603,1.0,1.0,0.09683477,0.0,0.004362613,0.0,0.0,0.08462143,0.0
0.0,0.0,0.3970588,0.1,0.0,0.0,0.0,0.0,0.0,0.0,0.0,0.0,0.0,0.0,0.0,0.0,0.0,0.0,0.0,0.0,0.0,0.0,0.023196593,0.0332681,1.0,1.0,0.0,0.0,0.1,0.1,0.0,0.78196573,1.0,1.0,0.089682214,0.0,0.0,0.0,0.0,0.09009355,0.0
0.13630772,0.0,0.13235295,0.0,0.0,3.2691223e-05,0.0,0.0,0.0,0.0,0.0,0.0,0.0,0.0,0.0,0.0,0.0,0.0,0.0,0.0,0.0,0.0,0.021934666,0.0019569471,0.0,0.0,0.0,0.0,1.0,0.0,0.0,0.6942253,0.9931472,1.0,0.066461734,0.0,0.0035594404,0.0,0.0,0.06795001,0.0
0.0,1.0,0.36764705,0.0,1.6426413e-05,0.0,0.0,0.0,0.0,0.0028073192,0.0,0.0,0.0,0.0,0.0,0.0,0.0,0.0,0.0,0.0,0.0,0.015061587,0.014675587,0.5088063,0.0,0.0,0.0,0.0,1.0,0.0,0.0,0.78409374,1.0,1.0,0.097401686,0.0,0.004071906,0.0,0.0,0.08593342,0.0
0.0,0.0,0.029411765,0.1,0.0,0.0,0.0,0.0,0.0,0.0,0.0,0.0,0.0,0.0,0.0,0.0,0.0,0.0,0.0,0.0,0.0,0.0,0.02365268,0.01369863,1.0,1.0,0.0,0.0,0.06,0.06,0.0,0.76976156,1.0,1.0,0.085994445,0.0,0.0,0.0,0.0,0.0870482,0.0
0.0,0.0,0.0,0.1,0.0,0.0,0.0,0.0,0.0,0.0,0.0,0.0,0.0,0.0,0.0,0.0,0.0,0.0,0.0,0.0,0.0,0.0,0.022871017,0.02739726,1.0,1.0,0.0,0.0,0.41,0.06,0.0,0.7391641,1.0,1.0,0.07834106,0.0,0.0,0.0,0.0,0.07973015,0.0
0.0,0.0,0.04411765,0.1,0.0,0.0,0.0,0.0,0.0,0.026856184,0.0,0.0,0.0,0.0,0.0,0.0,0.0,0.0040890574,0.0,0.0,0.0,0.04212627,0.014318235,0.025440313,1.0,1.0,0.0,0.0,1.0,0.0,0.0,0.8330829,1.0,1.0,0.11013804,0.0,0.0052774996,0.0,0.0,0.08813718,0.0
0.0,0.0,0.029411765,0.1,0.0,0.0,0.0,0.0,0.0,0.0,0.0,0.0,0.0,0.0,0.0,0.0,0.0,0.0,0.0,0.0,0.0,0.0,0.023464277,0.031311154,1.0,1.0,0.0,0.0,0.12,0.05,0.0,0.77450883,1.0,1.0,0.08741238,0.0,0.0,0.0,0.0,0.088091016,0.0
0.0156805,0.0,0.04411765,0.3,0.0008993779,0.0,0.0,0.0,0.0,0.0,0.0,0.0,0.0,0.0,0.0,0.0,0.0,0.0,0.0,0.0,0.0,0.015633345,0.010406688,0.0704501,0.03,0.03,0.94,0.94,1.0,0.0,0.0,0.77860177,1.0,1.0,0.09921207,0.0,0.009682506,0.0,0.0,0.06877738,0.0
0.0,0.0,0.029411765,0.2,0.0,0.0,0.0,0.0,0.0,0.0,0.0,0.0,0.0,0.0,0.0,0.0,0.0,0.0,0.0,0.0,0.0,0.00025588274,0.017076373,0.021526419,0.0,0.0,1.0,1.0,0.08,0.06,0.0,0.766886,1.0,1.0,0.090674214,0.0,0.0028137863,0.0,0.0,0.07749969,0.0
0.0,0.0,0.13235295,0.8,0.0,3.2691223e-05,0.0,0.0,0.0,0.016368419,0.0,0.0,0.0,0.0,0.0,0.0,0.0,0.0,0.0,0.0,0.0,0.022982985,0.018994696,0.0019569471,1.0,1.0,0.0,0.0,1.0,0.0,0.0,0.8130522,1.0,1.0,0.101095445,0.0,0.0,0.0,0.0,0.09421453,0.0
0.0,1.0,0.36764705,0.0,1.6426413e-05,0.0,0.0,0.0,0.0,0.0055181086,0.0,0.0,0.0,0.0,0.0,0.0,0.0,0.0,0.0,0.0,0.0,0.017264396,0.014918916,0.74168295,0.0,0.0,0.0,0.0,1.0,0.0,0.0,0.7892047,1.0,1.0,0.098607905,0.0,0.0033714175,0.0,0.0,0.087818384,0.0
0.0,0.0,0.60294116,0.5,0.0,0.0,0.0,0.0,0.0,0.0,0.0,0.0,0.0,0.0,0.0,0.0,0.0,0.0,0.0,0.0,0.0,0.0020229518,0.016949475,0.015655577,0.0,0.0,1.0,1.0,0.03,0.07,0.0,0.77088654,1.0,1.0,0.09195479,0.0,0.0021037012,0.0,0.0,0.079384655,0.0
0.0,0.0,0.029411765,0.2,0.0,0.0,0.0,0.0,0.0,0.0,0.0,0.0,0.0,0.0,0.0,0.0,0.0,0.0,0.0,0.0,0.0,0.0035651624,0.016763851,0.0332681,0.0,0.0,1.0,1.0,0.08,0.05,0.0,0.7730228,1.0,1.0,0.09265759,0.0,0.002395615,0.0,0.0,0.07918522,0.0
0.0,0.0,0.029411765,0.1,0.0,0.0,0.0,0.0,0.0,0.0,0.0,0.0,0.0,0.0,0.0,0.0,0.0,0.0,0.0,0.0,0.0,0.0,0.023056895,0.025440313,1.0,1.0,0.0,0.0,0.05,0.06,0.0,0.77990806,1.0,1.0,0.08940143,0.0,0.0,0.0,0.0,0.090164185,0.0
0.0137919085,0.0,0.04411765,0.3,0.0009226168,0.0,0.0,0.0,0.0,0.021532029,0.0,0.0,0.0,0.0,0.0,0.0,0.0011309236,0.00397259,0.0,0.0,0.0,0.04043272,0.009747319,0.1409002,0.03,0.03,0.97,0.97,1.0,0.0,0.0,0.821553,1.0,1.0,0.111154445,0.0,0.009242594,0.0,0.0,0.07747051,0.0
0.01557654,0.0,0.04411765,0.3,0.001208169,0.0,0.0,0.0,0.0,0.045339018,0.0,0.0,0.0,0.0,0.0,0.0008354187,0.0038931146,0.025050044,0.0,0.0,0.0,0.06729412,0.0089438185,0.0665362,0.06,0.06,0.94,0.94,1.0,0.0,0.0,0.86768734,1.0,1.0,0.12405827,0.0,0.009280726,0.0,0.0,0.08470225,0.0
0.0,0.0,0.029411765,0.2,0.0,0.0,0.0,0.0,0.0,0.0,0.0,0.0,0.0,0.0,0.0,0.0,0.0,0.0,0.0,0.0,0.0,0.0016855001,0.016930051,0.015655577,0.0,0.0,1.0,1.0,0.03,0.07,0.0,0.77035284,1.0,1.0,0.091845356,0.0,0.0020706803,0.0,0.0,0.07926223,0.0
0.0,0.0,0.029411765,0.2,0.0,0.0,0.0,0.0,0.0,0.0,0.0,0.0,0.0,0.0,0.0,0.0,0.0,0.0,0.0,0.0,0.0,0.0,0.017086752,0.025440313,0.0,0.0,1.0,1.0,0.11,0.06,0.0,0.7647852,1.0,1.0,0.09007896,0.0,0.003103286,0.0,0.0,0.0765177,0.0
0.0,0.0,0.4117647,0.2,0.0,0.0,0.0,0.0,0.0,0.0,0.0,0.0,0.0,0.0,0.0,0.0,0.0,0.0,0.0,0.0,0.0,0.0032411218,0.016808838,0.025440313,0.0,0.0,1.0,1.0,0.05,0.07,0.0,0.77287245,1.0,1.0,0.09261268,0.0,0.0021263212,0.0,0.0,0.079650074,0.0
0.0,0.0,0.029411765,0.2,0.0,0.0,0.0,0.0,0.0,0.0,0.0,0.0,0.0,0.0,0.0,0.0,0.0,0.0,0.0,0.0,0.0,0.0,0.019788802,0.015655577,0.0,0.0,1.0,1.0,0.06,0.06,0.0,0.7308179,1.0,1.0,0.078551285,0.0,0.0029055923,0.0,0.0,0.071213394,0.0
0.0,0.0,0.029411765,0.2,0.0,0.0,0.0,0.0,0.0,0.0,0.0,0.0,0.0,0.0,0.0,0.0,0.0,0.0,0.0,0.0,0.0,0.0043194294,0.016799241,0.02739726,0.0,0.0,1.0,1.0,0.06,0.08,0.0,0.77473176,1.0,1.0,0.09310048,0.0,0.0021007508,0.0,0.0,0.08019605,0.0
0.0,0.0,0.029411765,0.2,0.0,0.0,0.0,0.0,0.0,0.0,0.0,0.0,0.0,0.0,0.0,0.0,0.0,0.0,0.0,0.0,0.0,0.0,0.017112471,0.0039138943,0.0,0.0,1.0,1.0,0.01,0.06,0.0,0.76675665,1.0,1.0,0.09071528,0.0,0.002148971,0.0,0.0,0.07845619,0.0
0.0,0.0,0.029411765,0.2,0.0,0.0,0.0,0.0,0.0,0.0,0.0,0.0,0.0,0.0,0.0,0.0,0.0,0.0,0.0,0.0,0.0,0.0032208562,0.016801067,0.02739726,0.0,0.0,1.0,1.0,0.06,0.07,0.0,0.7727634,1.0,1.0,0.092584394,0.0,0.0021686256,0.0,0.0,0.079580545,0.0
0.0,0.0,0.89705884,0.2,0.0,0.0,0.0,0.0,0.0,0.0,0.0,0.0,0.0,0.0,0.0,0.0,0.0,0.0,0.0,0.0,0.0,0.004265338,0.01671978,0.031311154,0.0,0.0,1.0,1.0,0.06,0.06,0.0,0.77462316,1.0,1.0,0.09316211,0.0,0.002094254,0.0,0.0,0.0800336,0.0
0.0,0.0,0.029411765,0.2,0.0,0.0,0.0,0.0,0.0,0.0,0.0,0.0,0.0,0.0,0.0,0.0,0.0,0.0,0.0,0.0,0.0,0.0,0.017326243,0.007827789,0.0,0.0,1.0,1.0,0.04,0.06,0.0,0.7601497,1.0,1.0,0.08863404,0.0,0.0031079054,0.0,0.0,0.07562083,0.0
0.0,1.0,0.36764705,0.0,8.08587e-06,0.0,0.0,0.0,0.0,0.0041474104,0.0,0.0,0.0,0.0,0.0,0.0,0.0,0.0,0.0,0.0,0.0,0.01620251,0.014811464,0.62818,0.0,0.0,0.0,0.0,1.0,0.0,0.0,0.7865944,1.0,1.0,0.097960584,0.0,0.0037646443,0.0,0.0,0.0869979,0.0
0.0,0.0,0.04411765,0.0,0.0008681168,0.0061771553,0.0,0.0,0.0,0.0,0.0,0.0,0.0,0.0,0.0,0.0,0.0,0.0,0.0,0.0,0.0,0.006155789,0.010703124,0.009784736,0.0,0.0,0.0,0.0,1.0,0.0,0.0,0.7622124,1.0,1.0,0.094612695,0.0,0.00983803,0.0,0.0,0.065523356,0.0
0.0,0.0,0.04411765,0.0,0.0008681168,0.0061771553,0.0,0.0,0.0,0.0,0.0,0.0,0.0,0.0,0.0,0.0,0.0,0.0,0.0,0.0,0.0,0.0,0.011136502,0.007827789,0.0,0.0,0.0,0.0,1.0,0.0,0.0,0.75072324,1.0,1.0,0.09116288,0.0,0.009776622,0.0,0.0,0.064165264,0.0
0.0,0.0,0.029411765,0.2,0.0,0.0,0.0,0.0,0.0,0.0,0.0,0.0,0.0,0.0,0.0,0.0,0.0,0.0,0.0,0.0,0.0,0.0011191368,0.016960673,0.025440313,0.0,0.0,1.0,1.0,0.07,0.06,0.0,0.7685442,1.0,1.0,0.09125196,0.0,0.0026571304,0.0,0.0,0.07796681,0.0
0.0,0.0,0.5441176,0.5,0.0,0.0,0.0,0.0,0.0,0.0,0.0,0.0,0.0,0.0,0.0,0.0,0.0,0.0,0.0,0.0,0.0,0.0005751252,0.01698915,0.03522505,0.0,0.0,1.0,1.0,0.17,0.06,0.0,0.7667829,1.0,1.0,0.090674214,0.0,0.0032364577,0.0,0.0,0.076691,0.0
1.7326518e-05,0.0,0.22058824,0.0,4.1368454e-05,0.00021769383,0.0,0.0,0.0,0.0,0.0,0.0,0.0,0.0,0.0,0.0,0.0,0.0,0.0,0.0,0.0,0.003745675,0.0119519755,0.0058708414,0.0,0.0,0.0,0.0,1.0,0.0,0.0,0.758742,1.0,1.0,0.09239394,0.0,0.008914024,0.0,0.0,0.07103506,0.0
0.0,0.0,0.029411765,0.2,0.0,0.0,0.0,0.0,0.0,0.0,0.0,0.0,0.0,0.0,0.0,0.0,0.0,0.0,0.0,0.0,0.0,0.0,0.01735919,0.0058708414,0.0,0.0,1.0,1.0,0.03,0.06,0.0,0.76004255,1.0,1.0,0.088575535,0.0,0.0030602962,0.0,0.0,0.07576686,0.0
0.013965174,0.0,0.04411765,0.3,0.0009226168,0.0,0.0,0.0,0.0,0.0056597292,0.0,0.0,0.0,0.0,0.0,0.0,0.0,0.0,0.0,0.0,0.0,0.022947878,0.010221139,0.08219178,0.0,0.0,1.0,1.0,1.0,0.0,0.0,0.79126716,1.0,1.0,0.10272243,0.0,0.009558767,0.0,0.0,0.07134625,0.0
0.015593867,0.0,0.04411765,0.3,0.0009226168,0.0,0.0,0.0,0.0,0.008098811,0.0,0.0,0.0,0.0,0.0,0.0,0.0,0.0,0.0,0.0,0.0,0.025649726,0.010090351,0.11154599,0.02,0.02,0.96,0.96,1.0,0.0,0.0,0.79590166,1.0,1.0,0.10407344,0.0,0.00952521,0.0,0.0,0.07217687,0.0
0.0,0.0,0.7941176,0.2,0.0,0.0,0.0,0.0,0.0,0.0,0.0,0.0,0.0,0.0,0.0,0.0,0.0,0.0,0.0,0.0,0.0,0.000441283,0.017002024,0.03522505,0.0,0.0,1.0,1.0,0.18,0.07,0.0,0.7664983,1.0,1.0,0.09058034,0.0,0.0032787174,0.0,0.0,0.07657394,0.0
0.035415404,0.0,0.04411765,0.3,0.00095604267,7.4298237e-07,0.0,0.0,0.0,0.038931638,0.0,0.0,0.0,0.0,0.0,0.0,0.0028724596,0.019414902,0.0,0.0,0.0,0.060115993,0.009416796,0.021526419,0.0,0.0,1.0,1.0,1.0,0.0,0.0,0.85551655,1.0,1.0,0.12039196,0.0,0.009276569,0.0,0.0,0.08285746,0.0
0.0,0.0,0.5588235,0.1,0.0,0.0,0.0,0.0,0.0,0.0,0.0,0.0,0.0,0.0,0.0,0.0,0.0,0.0,0.0,0.0,0.0,0.0,0.023550093,0.021526419,1.0,1.0,0.0,0.0,0.09,0.05,0.0,0.7724447,1.0,1.0,0.086795025,0.0,0.0,0.0,0.0,0.0876897,0.0
0.013410725,0.0,0.04411765,0.3,0.0013873952,0.0,0.0,0.0,0.0,0.0,0.0,0.0,0.0,0.0,0.0,0.0,0.0,0.0,0.0,0.0,0.0,0.0,0.011576042,0.011741683,0.0,0.0,1.0,1.0,1.0,0.0,0.0,0.7503127,1.0,1.0,0.09063827,0.0,0.009758636,0.0,0.0,0.06370127,0.0
0.0,0.0,0.029411765,0.2,0.0,0.0,0.0,0.0,0.0,0.0,0.0,0.0,0.0,0.0,0.0,0.0,0.0,0.0,0.0,0.0,0.0,0.0,0.017350622,0.0058708414,0.0,0.0,1.0,1.0,0.03,0.07,0.0,0.7602323,1.0,1.0,0.08863809,0.0,0.003032133,0.0,0.0,0.07584494,0.0
0.12644893,0.0,0.13235295,0.0,0.0,3.2691223e-05,0.0,0.0,0.0,0.015425801,0.0,0.0,0.0,0.0,0.0,0.0,0.0,0.0,0.0,0.0,0.0,0.02539432,0.018098406,0.0019569471,0.0,0.0,0.0,0.0,1.0,0.0,0.0,0.81089175,1.0,1.0,0.100915544,0.0,0.0018755049,0.0,0.0,0.093310654,0.0
0.0,0.0,0.04411765,0.0,0.0008681168,0.0061771553,0.0,0.0,0.0,0.0,0.0,0.0,0.0,0.0,0.0,0.0,0.0,0.0,0.0,0.0,0.0,0.007167369,0.01067479,0.019569471,0.0,0.0,0.0,0.0,1.0,0.0,0.2,0.7639506,1.0,1.0,0.09509673,0.0,0.009840086,0.0,0.0,0.06579512,0.0
0.0,0.0,0.029411765,0.2,0.0,0.0,0.0,0.0,0.0,0.0,0.0,0.0,0.0,0.0,0.0,0.0,0.0,0.0,0.0,0.0,0.0,0.0058445632,0.01737734,0.039138943,0.05,0.1,0.95,0.9,0.08,0.06,0.0,0.778821,1.0,1.0,0.09370118,0.0,0.0013092607,0.0,0.0,0.082624316,0.0
0.0,0.0,0.13235295,0.1,0.0,0.0,0.0,0.0,0.0,0.0,0.0,0.0,0.0,0.0,0.0,0.0,0.0,0.0,0.0,0.0,0.0,0.0,0.02455286,0.10176125,1.0,1.0,0.0,0.0,1.0,0.0,0.0,0.7036315,1.0,1.0,0.06703385,0.0,0.00014038384,0.0,0.0,0.07092941,0.0
0.0,0.0,0.6617647,0.5,0.0,0.0,0.0,0.0,0.0,0.0,0.0,0.0,0.0,0.0,0.0,0.0,0.0,0.0,0.0,0.0,0.0,0.0029064715,0.016841635,0.017612524,0.0,0.0,1.0,1.0,0.03,0.06,0.0,0.77265394,1.0,1.0,0.09256076,0.0,0.0019046813,0.0,0.0,0.079921365,0.0
0.0,0.0,0.029411765,0.2,0.0,0.0,0.0,0.0,0.0,0.0,0.0,0.0,0.0,0.0,0.0,0.0,0.0,0.0,0.0,0.0,0.0,0.0026184916,0.016859502,0.019569471,0.0,0.0,1.0,1.0,0.04,0.06,0.0,0.77197564,1.0,1.0,0.09234481,0.0,0.0020315796,0.0,0.0,0.07961771,0.0
0.0,0.0,0.04411765,0.0,0.0008681168,0.0061771553,0.0,0.0,0.0,0.0,0.0,0.0,0.0,0.0,0.0,0.0,0.0,0.0,0.0,0.0,0.0,0.0,0.011133373,0.011741683,0.0,0.0,0.0,0.0,1.0,0.0,0.0,0.75080824,1.0,1.0,0.09118875,0.0,0.009767592,0.0,0.0,0.06421411,0.0
0.0,1.0,0.36764705,0.0,1.6044403e-05,0.0,0.0,0.0,0.0,0.0,0.0,0.0,0.0,0.0,0.0,0.0,0.0,0.0,0.0,0.0,0.0,0.01072675,0.013940088,0.0039138943,0.0,0.0,0.0,0.0,1.0,0.0,0.0,0.77493286,1.0,1.0,0.09563392,0.0,0.0051644295,0.0,0.0,0.08106968,0.0
0.0,1.0,0.36764705,0.0,1.6426413e-05,0.0,0.0,0.0,0.0,0.005139947,0.0,0.0,0.0,0.0,0.0,0.0,0.0,0.0,0.0,0.0,0.0,0.01697141,0.014889196,0.7103718,0.0,0.0,0.0,0.0,1.0,0.0,0.0,0.7884846,1.0,1.0,0.098429345,0.0,0.0034799129,0.0,0.0,0.087591976,0.0
0.0,0.0,0.11764706,0.2,0.0,0.0,0.0,0.0,0.0,0.0,0.0,0.0,0.0,0.0,0.0,0.0,0.0,0.0,0.0,0.0,0.0,0.0,0.02139327,0.007827789,0.8,0.5,0.2,0.5,0.02,0.08,0.0,0.776829,1.0,1.0,0.08973964,0.0,0.0,0.0,0.0,0.08706421,0.0
0.0,1.0,0.36764705,0.0,1.6044403e-05,0.0,0.0,0.0,0.0,0.0053054392,0.0,0.0,0.0,0.0,0.0,0.0,0.0,0.0,0.0,0.0,0.0,0.017099619,0.014902189,0.7240704,0.0,0.0,0.0,0.0,1.0,0.0,0.0,0.78879964,1.0,1.0,0.09850747,0.0,0.0034324378,0.0,0.0,0.0876911,0.0
0.0,0.0,0.029411765,0.5,0.0,0.0,0.0,0.0,0.0,0.0,0.0,0.0,0.0,0.0,0.0,0.0,0.0,0.0,0.0,0.0,0.0,0.0,0.017192401,0.017612524,0.0,0.0,1.0,1.0,0.08,0.06,0.0,0.76391435,1.0,1.0,0.089745454,0.0,0.0030907989,0.0,0.0,0.07642385,0.0
0.0,0.0,0.61764705,0.2,0.0,0.0,0.0,0.0,0.0,0.0,0.0,0.0,0.0,0.0,0.0,0.0,0.0,0.0,0.0,0.0,0.0,0.0052632093,0.016652748,0.0332681,0.0,0.0,1.0,1.0,0.06,0.06,0.0,0.7764498,1.0,1.0,0.093721144,0.0,0.001998663,0.0,0.0,0.08049774,0.0
0.14167894,0.0,0.13235295,0.0,0.0,1.1144735e-05,0.0,0.0,0.0,0.0,0.0,0.0,0.0,0.0,0.0,0.0,0.0,0.0,0.0,0.0,0.0,0.0,0.019062541,0.0019569471,0.0,0.0,0.0,0.0,1.0,0.0,0.0,0.7431418,1.0,1.0,0.082326554,0.0,0.0017667562,0.0,0.0,0.07739836,0.0
0.015715152,0.0,0.04411765,0.3,0.0009923336,0.0,0.0,0.0,0.0,0.022295803,0.0,0.0,0.0,0.0,0.0,0.0,0.0013638437,0.0047060847,0.0,0.0,0.0,0.04130888,0.009593032,0.18199609,0.01,0.01,0.98,0.98,1.0,0.0,0.0,0.8229543,1.0,1.0,0.1116788,0.0,0.009265631,0.0,0.0,0.07754654,0.0
0.0,0.0,0.5588235,0.5,0.0,0.0,0.0,0.0,0.0,0.0,0.0,0.0,0.0,0.0,0.0,0.0,0.0,0.0,0.0,0.0,0.0,0.0,0.017343506,0.0039138943,0.0,0.0,1.0,1.0,0.02,0.07,0.0,0.7606735,1.0,1.0,0.08877582,0.0,0.0029404461,0.0,0.0,0.076051116,0.0
0.0,0.0,0.029411765,0.2,0.0,0.0,0.0,0.0,0.0,0.0,0.0,0.0,0.0,0.0,0.0,0.0,0.0,0.0,0.0,0.0,0.0,0.001948446,0.016862698,0.01369863,0.0,0.0,1.0,1.0,0.02,0.06,0.0,0.7711618,1.0,1.0,0.09217089,0.0,0.0018122047,0.0,0.0,0.079716444,0.0
0.0,0.0,0.04411765,0.1,0.0,0.0,0.0,0.0,0.0,0.055651993,0.0,0.0,0.0,0.0,0.0,0.0,0.002890557,0.026392609,0.0,0.0,0.0,0.072024256,0.0145467445,0.1369863,1.0,1.0,0.0,0.0,1.0,0.0,0.0,0.888023,1.0,1.0,0.124588035,0.0,0.0031442642,0.0,0.0,0.1017963,0.0
0.0,0.0,0.029411765,0.2,0.0,0.0,0.0,0.0,0.0,0.0,0.0,0.0,0.0,0.0,0.0,0.0,0.0,0.0,0.0,0.0,0.0,0.0030674934,0.01686757,0.02739726,0.0,0.0,1.0,1.0,0.07,0.07,0.0,0.7722534,1.0,1.0,0.09234976,0.0,0.0023566633,0.0,0.0,0.07927379,0.0
0.0,0.0,0.029411765,0.2,0.0,0.0,0.0,0.0,0.0,0.0,0.0,0.0,0.0,0.0,0.0,0.0,0.0,0.0,0.0,0.0,0.0,0.0,0.017326385,0.0039138943,0.0,0.0,1.0,1.0,0.02,0.07,0.0,0.76105285,1.0,1.0,0.08890092,0.0,0.00288409,0.0,0.0,0.07620719,0.0
0.0,0.0,0.029411765,0.2,0.0,0.0,0.0,0.0,0.0,0.0,0.0,0.0,0.0,0.0,0.0,0.0,0.0,0.0,0.0,0.0,0.0,0.0035292208,0.016790457,0.031311154,0.0,0.0,1.0,1.0,0.07,0.06,0.0,0.7730578,1.0,1.0,0.092645936,0.0,0.0023268014,0.0,0.0,0.07938978,0.0
0.0,0.0,0.029411765,0.2,0.0,0.0,0.0,0.0,0.0,0.0,0.0,0.0,0.0,0.0,0.0,0.0,0.0,0.0,0.0,0.0,0.0,0.0,0.018828869,0.025440313,0.0,0.0,1.0,1.0,0.05,0.06,0.0,0.7492845,1.0,1.0,0.084476314,0.0,0.0019028783,0.0,0.0,0.07618493,0.0
0.0,0.0,0.13235295,0.5,0.0,0.0,0.0,0.0,0.0,0.0049924254,0.0,0.0,0.0,0.0,0.0,0.0,0.0,0.0,0.0,0.0,0.0,0.015821636,0.016031936,0.03522505,0.0,0.0,1.0,1.0,0.24,0.05,0.0,0.7916988,1.0,1.0,0.09802439,0.0,0.003659442,0.0,0.0,0.08112541,0.0
0.0,0.0,0.029411765,0.2,0.0,0.0,0.0,0.0,0.0,0.0,0.0,0.0,0.0,0.0,0.0,0.0,0.0,0.0,0.0,0.0,0.0,0.0,0.017128266,0.017612524,0.0,0.0,1.0,1.0,0.07,0.06,0.0,0.76533735,1.0,1.0,0.09021465,0.0,0.002879396,0.0,0.0,0.07700908,0.0
0.0,0.0,0.029411765,0.1,0.0,0.0,0.0,0.0,0.0,0.0,0.0,0.0,0.0,0.0,0.0,0.0,0.0,0.0,0.0,0.0,0.0,0.0,0.02346816,0.02739726,1.0,1.0,0.0,0.0,0.25,0.14,0.0,0.780913,1.0,1.0,0.08901966,0.0,0.0,0.0,0.0,0.0894694,0.0
0.13150828,0.0,0.13235295,0.0,0.0,3.2691223e-05,0.0,0.0,0.0,0.0,0.0,0.0,0.0,0.0,0.0,0.0,0.0,0.0,0.0,0.0,0.0,0.0,0.019106522,0.0019569471,0.0,0.0,0.0,0.0,1.0,0.0,0.0,0.74836636,1.0,1.0,0.08348922,0.0,0.0027317852,0.0,0.0,0.08042109,0.0
0.0,0.0,0.029411765,0.2,0.0,0.0,0.0,0.0,0.0,0.0,0.0,0.0,0.0,0.0,0.0,0.0,0.0,0.0,0.0,0.0,0.0,0.0033440292,0.016775295,0.03522505,0.0,0.0,1.0,1.0,0.09,0.06,0.0,0.7724868,1.0,1.0,0.092488535,0.0,0.0025013387,0.0,0.0,0.07894006,0.0
0.0,0.0,0.029411765,0.1,0.0,0.0,0.0,0.0,0.0,0.0,0.0,0.0,0.0,0.0,0.0,0.0,0.0,0.0,0.0,0.0,0.0,0.0,0.023115598,0.017612524,1.0,1.0,0.0,0.0,0.03,0.06,0.0,0.77902603,1.0,1.0,0.089118324,0.0,0.0,0.0,0.0,0.08998102,0.0
0.0,1.0,0.36764705,0.0,1.6426413e-05,0.0,0.0,0.0,0.0,0.0,0.0,0.0,0.0,0.0,0.0,0.0,0.0,0.0,0.0,0.0,0.0,0.009136319,0.016269594,0.99804306,0.0,0.0,0.0,0.0,1.0,0.0,0.0,0.7782341,1.0,1.0,0.094630174,0.0,0.0024394542,0.0,0.0,0.08540988,0.0
0.0,0.0,0.029411765,0.1,0.0,0.0,0.0,0.0,0.0,0.0,0.0,0.0,0.0,0.0,0.0,0.0,0.0,0.0,0.0,0.0,0.0,0.0,0.023518167,0.023483366,1.0,1.0,0.0,0.0,0.09,0.06,0.0,0.7730887,1.0,1.0,0.08700188,0.0,0.0,0.0,0.0,0.087809354,0.0
0.0,0.0,0.42647058,0.2,0.0,0.0,0.0,0.0,0.0,0.0,0.0,0.0,0.0,0.0,0.0,0.0,0.0,0.0,0.0,0.0,0.0,0.0,0.017177492,0.017612524,0.0,0.0,1.0,1.0,0.08,0.06,0.0,0.76424634,1.0,1.0,0.08985489,0.0,0.003041476,0.0,0.0,0.07656041,0.0
0.0,0.0,0.029411765,0.1,0.0,0.0,0.0,0.0,0.0,0.0,0.0,0.0,0.0,0.0,0.0,0.0,0.0,0.0,0.0,0.0,0.0,0.0,0.023040436,0.029354207,1.0,1.0,0.0,0.0,0.06,0.06,0.0,0.7815063,1.0,1.0,0.08981555,0.0,0.0,0.0,0.0,0.090429485,0.0
0.0,0.0,0.029411765,0.2,0.0,0.0,0.0,0.0,0.0,0.0,0.0,0.0,0.0,0.0,0.0,0.0,0.0,0.0,0.0,0.0,0.0,0.0,0.017367579,0.0058708414,0.0,0.0,1.0,1.0,0.03,0.06,0.0,0.7588923,1.0,1.0,0.08826273,0.0,0.0031188577,0.0,0.0,0.075390756,0.0
0.13088451,0.0,0.13235295,0.0,0.0,3.2691223e-05,0.0,0.0,0.0,0.0,0.0,0.0,0.0,0.0,0.0,0.0,0.0,0.0,0.0,0.0,0.0,0.0,0.018987857,0.0019569471,0.0,0.0,0.0,0.0,1.0,0.0,0.0,0.7455106,1.0,1.0,0.08282054,0.0,0.0029553622,0.0,0.0,0.079604656,0.0
0.0,0.0,0.7352941,0.5,0.0,0.0,0.0,0.0,0.0,0.0,0.0,0.0,0.0,0.0,0.0,0.0,0.0,0.0,0.0,0.0,0.0,0.001014322,0.017004184,0.01369863,0.0,0.0,1.0,1.0,0.03,0.06,0.0,0.7689916,1.0,1.0,0.091388755,0.0,0.0022469014,0.0,0.0,0.07872698,0.0
0.0,0.0,0.029411765,0.1,0.0,0.0,0.0,0.0,0.0,0.0,0.0,0.0,0.0,0.0,0.0,0.0,0.0,0.0,0.0,0.0,0.0,0.0,0.02369862,0.0019569471,1.0,1.0,0.0,0.0,0.01,0.06,0.0,0.76682305,1.0,1.0,0.08522182,0.0,0.0,0.0,0.0,0.08663499,0.0
0.0,0.0,0.029411765,0.2,0.0,0.0,0.0,0.0,0.0,0.0,0.0,0.0,0.0,0.0,0.0,0.0,0.0,0.0,0.0,0.0,0.0,0.000818491,0.01697559,0.0332681,0.0,0.0,1.0,1.0,0.14,0.06,0.0,0.7673663,1.0,1.0,0.0908589,0.0,0.0031236708,0.0,0.0,0.076955706,0.0
0.0,0.0,0.19117647,0.2,0.0,0.0,0.0,0.0,0.0,0.0,0.0,0.0,0.0,0.0,0.0,0.0,0.0,0.0,0.0,0.0,0.0,0.0005546212,0.017071381,0.011741683,0.0,0.0,1.0,1.0,0.03,0.08,0.0,0.76812553,1.0,1.0,0.09107999,0.0,0.0023120046,0.0,0.0,0.07856089,0.0
0.0,0.0,0.029411765,0.2,0.0,0.0,0.0,0.0,0.0,0.0,0.0,0.0,0.0,0.0,0.0,0.0,0.0,0.0,0.0,0.0,0.0,0.0042738616,0.016760364,0.02739726,0.02,0.0,0.98,1.0,0.05,0.06,0.0,0.7750621,1.0,1.0,0.09328083,0.0,0.0018222779,0.0,0.0,0.08054274,0.0
0.0,0.0,0.04411765,0.1,0.0,0.0,0.0,0.0,0.0,0.055858165,0.0,0.0,0.0,0.0,0.0,0.0,0.0026172549,0.025673777,0.0,0.0,0.0,0.07153678,0.015205555,0.14481409,1.0,1.0,0.0,0.0,1.0,0.0,0.0,0.8884623,1.0,1.0,0.12412643,0.0,0.002492711,0.0,0.0,0.10343775,0.0
0.0,0.0,0.029411765,0.2,0.0,0.0,0.0,0.0,0.0,0.0,0.0,0.0,0.0,0.0,0.0,0.0,0.0,0.0,0.0,0.0,0.0,0.0,0.017124496,0.019569471,0.0,0.0,1.0,1.0,0.08,0.06,0.0,0.7641729,1.0,1.0,0.0899049,0.0,0.00296624,0.0,0.0,0.07660249,0.0
0.0,0.0,0.04411765,0.1,0.0,0.0,0.0,0.0,0.0,0.028900206,0.0,0.0,0.0,0.0,0.0,0.0,0.00082978606,0.0082090795,0.0,0.0,0.0,0.045381993,0.013107382,0.0704501,0.28,0.28,0.72,0.72,1.0,0.0,0.0,0.8372538,1.0,1.0,0.112403326,0.0,0.0061577857,0.0,0.0,0.08520791,0.0
0.0,0.0,0.029411765,0.1,0.0,0.0,0.0,0.0,0.0,0.0,0.0,0.0,0.0,0.0,0.0,0.0,0.0,0.0,0.0,0.0,0.0,0.0,0.023218587,0.037181996,1.0,1.0,0.0,0.0,0.11,0.1,0.0,0.78098226,1.0,1.0,0.08938686,0.0,0.0,0.0,0.0,0.08981973,0.0
0.0,0.0,0.04411765,0.1,0.0,0.0,0.0,0.0,0.0,0.058571458,0.0,0.0,0.0,0.0,0.0,0.0,0.0023335814,0.02483052,0.0,0.0,0.0,0.07145482,0.017547034,0.2446184,1.0,1.0,0.0,0.0,1.0,0.0,0.0,0.8937788,1.0,1.0,0.12356227,0.0,0.0,0.0,0.0,0.11008909,0.0
0.0,0.0,0.47058824,0.2,0.0,0.0,0.0,0.0,0.0,0.0,0.0,0.0,0.0,0.0,0.0,0.0,0.0,0.0,0.0,0.0,0.0,0.00045856833,0.017048359,0.007827789,0.0,0.0,1.0,1.0,0.02,0.07,0.0,0.768237,1.0,1.0,0.09116783,0.0,0.0021309257,0.0,0.0,0.07875317,0.0
0.0,0.0,0.029411765,0.1,0.0,0.0,0.0,0.0,0.0,0.0,0.0,0.0,0.0,0.0,0.0,0.0,0.0,0.0,0.0,0.0,0.0,0.0,0.023175463,0.01369863,1.0,1.0,0.0,0.0,0.03,0.06,0.0,0.77744246,1.0,1.0,0.088641904,0.0,0.0,0.0,0.0,0.08962554,0.0
0.0,0.0,0.04411765,0.0,0.0008681168,0.0061771553,0.0,0.0,0.0,0.0,0.0,0.0,0.0,0.0,0.0,0.0,0.0,0.0,0.0,0.0,0.0,0.0033842921,0.010812417,0.050880626,0.0,0.0,0.0,0.0,1.0,0.0,0.12,0.7575022,1.0,1.0,0.093268,0.0,0.009819508,0.0,0.0,0.06481844,0.0
0.0,0.0,0.04411765,0.1,0.0,0.0,0.0,0.0,0.0,0.035133153,0.0,0.0,0.0,0.0,0.0,0.0,0.0011818483,0.012637675,0.0,0.0,0.0,0.051967144,0.013276562,0.064579256,0.55,0.55,0.42,0.42,1.0,0.0,0.0,0.84909785,1.0,1.0,0.11535656,0.0,0.0057746917,0.0,0.0,0.08867857,0.0
1.7326518e-05,0.0,0.22058824,0.0,4.1368454e-05,0.00021769383,0.0,0.0,0.0,0.0,0.0,0.0,0.0,0.0,0.0,0.0,0.0,0.0,0.0,0.0,0.0,0.0026772022,0.012252636,0.0058708414,0.0,0.0,0.0,0.0,1.0,0.0,0.0,0.756987,1.0,1.0,0.09162613,0.0,0.00877513,0.0,0.0,0.07179934,0.0
0.0,0.0,0.029411765,0.1,0.0,0.0,0.0,0.0,0.0,0.0,0.0,0.0,0.0,0.0,0.0,0.0,0.0,0.0,0.0,0.0,0.0,0.0,0.023509815,0.025440313,1.0,1.0,0.0,0.0,0.11,0.07,0.0,0.7743652,1.0,1.0,0.08732594,0.0,0.0,0.0,0.0,0.08807114,0.0
0.0,0.0,0.029411765,0.2,0.0,0.0,0.0,0.0,0.0,0.0,0.0,0.0,0.0,0.0,0.0,0.0,0.0,0.0,0.0,0.0,0.0,0.007001251,0.017019607,0.03522505,0.22,0.0,0.78,1.0,0.06,0.06,0.0,0.7806164,1.0,1.0,0.09454837,0.0,0.0013618171,0.0,0.0,0.082338035,0.0
0.13123105,0.0,0.13235295,0.0,0.0,3.2691223e-05,0.0,0.0,0.0,0.0,0.0,0.0,0.0,0.0,0.0,0.0,0.0,0.0,0.0,0.0,0.0,0.0,0.019065455,0.0019569471,0.0,0.0,0.0,0.0,1.0,0.0,0.0,0.7464229,1.0,1.0,0.08299748,0.0,0.002852127,0.0,0.0,0.07997775,0.0
0.0,0.0,0.029411765,0.2,0.0,0.0,0.0,0.0,0.0,0.0,0.0,0.0,0.0,0.0,0.0,0.0,0.0,0.0,0.0,0.0,0.0,0.0,0.017123923,0.0058708414,0.0,0.0,1.0,1.0,0.01,0.08,0.0,0.7662207,1.0,1.0,0.09054624,0.0,0.0022546798,0.0,0.0,0.07821098,0.0
0.015819112,0.0,0.04411765,0.3,0.0008993779,0.0,0.0,0.0,0.0,0.0,0.0,0.0,0.0,0.0,0.0,0.0,0.0,0.0,0.0,0.0,0.0,0.013376176,0.010479085,0.058708414,0.03,0.03,0.93,0.93,1.0,0.0,0.0,0.77470064,1.0,1.0,0.09811448,0.0,0.00972344,0.0,0.0,0.06798932,0.0
0.0,0.0,0.029411765,0.1,0.0,0.0,0.0,0.0,0.0,0.0,0.0,0.0,0.0,0.0,0.0,0.0,0.0,0.0,0.0,0.0,0.0,0.0,0.023697697,0.009784736,1.0,1.0,0.0,0.0,0.04,0.06,0.0,0.7683792,1.0,1.0,0.08559095,0.0,0.0,0.0,0.0,0.08676532,0.0
0.0,0.0,0.04411765,0.1,0.0,0.0,0.0,0.0,0.0,0.057511747,0.0,0.0,0.0,0.0,0.0,0.0,0.0021695867,0.023975939,0.0,0.0,0.0,0.070459664,0.01746539,0.23874755,1.0,1.0,0.0,0.0,1.0,0.0,0.0,0.8917023,1.0,1.0,0.123069905,0.0,0.0,0.0,0.0,0.109556735,0.0
0.0,0.0,0.20588236,0.2,0.0,0.0,0.0,0.0,0.0,0.0,0.0,0.0,0.0,0.0,0.0,0.0,0.0,0.0,0.0,0.0,0.0,0.0,0.017220847,0.011741683,0.0,0.0,1.0,1.0,0.04,0.06,0.0,0.76288426,1.0,1.0,0.089484654,0.0,0.002866134,0.0,0.0,0.07659921,0.0
1.7326518e-05,0.0,0.22058824,0.0,4.1368454e-05,0.00021769383,0.0,0.0,0.0,0.0,0.0,0.0,0.0,0.0,0.0,0.0,0.0,0.0,0.0,0.0,0.0,0.0011455715,0.012717277,0.0058708414,0.0,0.0,0.0,0.0,1.0,0.0,0.0,0.75578976,1.0,1.0,0.09098107,0.0,0.007977799,0.0,0.0,0.072941035,0.0
0.0,0.0,0.029411765,0.1,0.0,0.0,0.0,0.0,0.0,0.0,0.0,0.0,0.0,0.0,0.0,0.0,0.0,0.0,0.0,0.0,0.0,0.0,0.023735568,0.0039138943,1.0,1.0,0.0,0.0,0.02,0.07,0.0,0.76773775,1.0,1.0,0.08539169,0.0,0.0,0.0,0.0,0.08666137,0.0
0.0,0.0,0.029411765,0.2,0.0,0.0,0.0,0.0,0.0,0.0,0.0,0.0,0.0,0.0,0.0,0.0,0.0,0.0,0.0,0.0,0.0,0.005523443,0.016533315,0.039138943,0.0,0.0,1.0,1.0,0.07,0.05,0.0,0.77694356,1.0,1.0,0.0939891,0.0,0.0019288212,0.0,0.0,0.08055818,0.0
1.7326518e-05,0.0,0.22058824,0.0,4.1368454e-05,0.00021769383,0.0,0.0,0.0,0.0,0.0,0.0,0.0,0.0,0.0,0.0,0.0,0.0,0.0,0.0,0.0,0.0022762716,0.012352079,0.0058708414,0.0,0.0,0.0,0.0,1.0,0.0,0.0,0.75662017,1.0,1.0,0.0914632,0.0,0.008596793,0.0,0.0,0.072001904,0.0
1.7326518e-05,0.0,0.22058824,0.0,4.1368454e-05,0.00021769383,0.0,0.0,0.0,0.0,0.0,0.0,0.0,0.0,0.0,0.0,0.0,0.0,0.0,0.0,0.0,0.0029166043,0.010959707,0.0039138943,0.0,0.0,0.33,0.0,0.67,0.67,0.0,0.7568319,1.0,1.0,0.09293402,0.0,0.009699509,0.0,0.0,0.065427214,0.0
0.0,0.0,0.029411765,0.2,0.0,0.0,0.0,0.0,0.0,0.0,0.0,0.0,0.0,0.0,0.0,0.0,0.0,0.0,0.0,0.0,0.0,0.000103741884,0.017072603,0.009784736,0.0,0.0,1.0,1.0,0.02,0.07,0.0,0.7674165,1.0,1.0,0.09090497,0.0,0.0022789687,0.0,0.0,0.078390926,0.0
0.0,0.0,0.0882353,0.2,0.0,0.0,0.0,0.0,0.0,0.0,0.0,0.0,0.0,0.0,0.0,0.0,0.0,0.0,0.0,0.0,0.0,0.0056869984,0.016612075,0.0332681,0.0,0.0,1.0,1.0,0.06,0.06,0.0,0.7773509,1.0,1.0,0.09401827,0.0,0.0018648207,0.0,0.0,0.080868304,0.0
0.0,0.0,0.029411765,0.2,0.0,0.0,0.0,0.0,0.0,0.0,0.0,0.0,0.0,0.0,0.0,0.0,0.0,0.0,0.0,0.0,0.0,0.0,0.01718808,0.0019569471,0.0,0.0,1.0,1.0,0.0,0.08,0.0,0.76474047,1.0,1.0,0.090093724,0.0,0.0022726506,0.0,0.0,0.077914,0.0
0.0,0.0,0.029411765,0.2,0.0,0.0,0.0,0.0,0.0,0.0,0.0,0.0,0.0,0.0,0.0,0.0,0.0,0.0,0.0,0.0,0.0,0.0018447042,0.017064244,0.017612524,0.05,0.0,0.95,1.0,0.04,0.06,0.0,0.77051556,1.0,1.0,0.091732495,0.0,0.002212599,0.0,0.0,0.079075545,0.0
0.0,0.0,0.029411765,0.2,0.0,0.0,0.0,0.0,0.0,0.0,0.0,0.0,0.0,0.0,0.0,0.0,0.0,0.0,0.0,0.0,0.0,0.0013779402,0.017002158,0.009784736,0.0,0.0,1.0,1.0,0.02,0.07,0.0,0.7699423,1.0,1.0,0.091671295,0.0,0.0020160228,0.0,0.0,0.07933283,0.0
0.0,0.0,0.7352941,0.5,0.0,0.0,0.0,0.0,0.0,0.0,0.0,0.0,0.0,0.0,0.0,0.0,0.0,0.0,0.0,0.0,0.0,0.0047920346,0.016646102,0.0332681,0.0,0.0,1.0,1.0,0.06,0.06,0.0,0.77563155,1.0,1.0,0.09351783,0.0,0.0020080358,0.0,0.0,0.08025819,0.0
0.0,0.0,0.7205882,0.2,0.0,0.0,0.0,0.0,0.0,0.0,0.0,0.0,0.0,0.0,0.0,0.0,0.0,0.0,0.0,0.0,0.0,0.0014374256,0.016901977,0.015655577,0.0,0.0,1.0,1.0,0.03,0.06,0.0,0.77000916,1.0,1.0,0.09179854,0.0,0.0020095855,0.0,0.0,0.0792177,0.0
0.0,0.0,0.029411765,0.2,0.0,0.0,0.0,0.0,0.0,0.0,0.0,0.0,0.0,0.0,0.0,0.0,0.0,0.0,0.0,0.0,0.0,0.0016165972,0.01694639,0.01369863,0.0,0.0,1.0,1.0,0.03,0.07,0.0,0.77027225,1.0,1.0,0.09181108,0.0,0.0020565987,0.0,0.0,0.0792537,0.0
0.0,0.0,0.04411765,0.1,0.0,0.0,0.0,0.0,0.0,0.0132109225,0.0,0.0,0.0,0.0,0.0,0.0,0.0,0.0,0.0,0.0,0.0,0.028072327,0.013664283,0.025440313,0.15,0.15,0.85,0.85,1.0,0.0,0.0,0.80732656,1.0,1.0,0.10398411,0.0,0.006431982,0.0,0.0,0.07937667,0.0
0.013843888,0.0,0.04411765,0.3,0.001155006,0.0,0.0,0.0,0.0,0.0,0.0,0.0,0.0,0.0,0.0,0.0,0.0,0.0,0.0,0.0,0.0,0.002647221,0.011311054,0.021526419,0.0,0.0,1.0,1.0,1.0,0.0,0.0,0.7566942,1.0,1.0,0.09257265,0.0,0.009739667,0.0,0.0,0.06486705,0.0
0.0,0.0,0.7058824,0.1,0.0,0.0,0.0,0.0,0.0,0.0,0.0,0.0,0.0,0.0,0.0,0.0,0.0,0.0,0.0,0.0,0.0,0.0,0.023492046,0.0019569471,1.0,1.0,0.0,0.0,0.01,0.09,0.0,0.7720363,1.0,1.0,0.086840324,0.0,0.0,0.0,0.0,0.08813208,0.0
0.0,0.0,0.5294118,0.2,0.0,0.0,0.0,0.0,0.0,0.0,0.0,0.0,0.0,0.0,0.0,0.0,0.0,0.0,0.0,0.0,0.0,0.0055348873,0.016607173,0.037181996,0.0,0.0,1.0,1.0,0.07,0.06,0.0,0.7768955,1.0,1.0,0.09388354,0.0,0.001984641,0.0,0.0,0.08063167,0.0
0.0,0.0,0.029411765,0.2,0.0,0.0,0.0,0.0,0.0,0.0,0.0,0.0,0.0,0.0,0.0,0.0,0.0,0.0,0.0,0.0,0.0,0.0,0.020052291,0.0039138943,0.0,0.0,1.0,1.0,0.01,0.07,0.0,0.72532034,1.0,1.0,0.07697221,0.0,0.0022233278,0.0,0.0,0.070901126,0.0
0.0,1.0,0.36764705,0.0,1.6044403e-05,0.0,0.0,0.0,0.0,0.0029555857,0.0,0.0,0.0,0.0,0.0,0.0,0.0,0.0,0.0,0.0,0.0,0.01519379,0.014692366,0.52250487,0.0,0.0,0.0,0.0,1.0,0.0,0.0,0.7843673,1.0,1.0,0.09745919,0.0,0.004042417,0.0,0.0,0.086066484,0.0
0.0,1.0,0.36764705,0.0,1.6426413e-05,0.0,0.0,0.0,0.0,0.0,0.0,0.0,0.0,0.0,0.0,0.0,0.0,0.0,0.0,0.0,0.0,0.0,0.025742404,0.99804306,0.0,0.0,0.0,0.0,1.0,0.0,0.0,0.6820997,0.9784046,1.0,0.059992217,0.0,0.0033227801,0.0,0.0,0.06405385,0.0
0.013670623,0.0,0.04411765,0.3,3.9219653e-05,7.4298237e-07,0.0,0.0,0.0,0.046502978,0.0,0.0,0.0,0.0,0.0,0.0011097342,0.003989987,0.025886178,0.0,0.0,0.0,0.06852275,0.008944035,0.072407044,0.03,0.03,0.97,0.97,1.0,0.0,0.0,0.8698752,1.0,1.0,0.12463393,0.0,0.009213924,0.0,0.0,0.08532351,0.0
0.0,1.0,0.36764705,0.0,1.6044403e-05,0.0,0.0,0.0,0.0,0.0,0.0,0.0,0.0,0.0,0.0,0.0,0.0,0.0,0.0,0.0,0.0,0.012114733,0.014300324,0.2035225,0.0,0.0,0.0,0.0,1.0,0.0,0.0,0.7779945,1.0,1.0,0.09611996,0.0,0.0047291815,0.0,0.0,0.08296722,0.0
0.0,0.0,0.029411765,0.2,0.0,0.0,0.0,0.0,0.0,0.0,0.0,0.0,0.0,0.0,0.0,0.0,0.0,0.0,0.0,0.0,0.0,0.0,0.017304994,0.007827789,0.0,0.0,1.0,1.0,0.04,0.07,0.0,0.7615845,1.0,1.0,0.08904069,0.0,0.0030070096,0.0,0.0,0.076114,0.0
0.0,0.0,0.029411765,0.2,0.0,0.0,0.0,0.0,0.0,0.0,0.0,0.0,0.0,0.0,0.0,0.0,0.0,0.0,0.0,0.0,0.0,0.0,0.017108783,0.017612524,0.0,0.0,1.0,1.0,0.06,0.05,0.0,0.76480377,1.0,1.0,0.09010526,0.0,0.00284639,0.0,0.0,0.076886624,0.0
0.0,0.0,0.073529415,0.2,0.0,0.0,0.0,0.0,0.0,0.0,0.0,0.0,0.0,0.0,0.0,0.0,0.0,0.0,0.0,0.0,0.0,0.0,0.01723358,0.015655577,0.0,0.0,1.0,1.0,0.08,0.06,0.0,0.76169646,1.0,1.0,0.08912393,0.0,0.003132239,0.0,0.0,0.07589576,0.0
0.0,0.0,0.029411765,0.2,0.0,0.0,0.0,0.0,0.0,0.0,0.0,0.0,0.0,0.0,0.0,0.0,0.0,0.0,0.0,0.0,0.0,0.0,0.017185748,0.01369863,0.0,0.0,1.0,1.0,0.05,0.06,0.0,0.7630389,1.0,1.0,0.08955886,0.0,0.002906695,0.0,0.0,0.07647255,0.0
0.0,0.0,0.029411765,0.2,0.0,0.0,0.0,0.0,0.0,0.0,0.0,0.0,0.0,0.0,0.0,0.0,0.0,0.0,0.0,0.0,0.0,0.0,0.017313756,0.007827789,0.0,0.0,1.0,1.0,0.04,0.08,0.0,0.7623552,1.0,1.0,0.089228295,0.0,0.0030047596,0.0,0.0,0.07633406,0.0
0.0,0.0,0.04411765,0.0,0.0008681168,0.0061771553,0.0,0.0,0.0,0.0,0.0,0.0,0.0,0.0,0.0,0.0,0.0,0.0,0.0,0.0,0.0,0.006132424,0.0107046515,0.007827789,0.0,0.0,0.25,0.25,1.0,0.0,0.0,0.7621701,1.0,1.0,0.09459972,0.0,0.009842545,0.0,0.0,0.06549889,0.0
0.13268648,0.0,0.13235295,0.0,0.0,3.2691223e-05,0.0,0.0,0.0,0.0,0.0,0.0,0.0,0.0,0.0,0.0,0.0,0.0,0.0,0.0,0.0,0.0,0.019555323,0.0019569471,0.0,0.0,0.0,0.0,1.0,0.0,0.0,0.74737334,1.0,1.0,0.08284237,0.0,0.0025084317,0.0,0.0,0.080002934,0.0
0.0,0.0,0.13235295,0.1,0.0,0.0,0.0,0.0,0.0,0.0,0.0,0.0,0.0,0.0,0.0,0.0,0.0,0.0,0.0,0.0,0.0,0.0,0.025257908,0.08219178,1.0,1.0,0.0,0.0,1.0,0.0,0.0,0.6860479,0.9827999,1.0,0.061622225,0.0,0.0006390661,0.0,0.0,0.06760147,0.0
0.0,0.0,0.029411765,0.2,0.0,0.0,0.0,0.0,0.0,0.0,0.0,0.0,0.0,0.0,0.0,0.0,0.0,0.0,0.0,0.0,0.0,0.0010718703,0.0169134,0.025440313,0.0,0.0,1.0,1.0,0.07,0.06,0.0,0.7686274,1.0,1.0,0.0913459,0.0,0.0025325269,0.0,0.0,0.078098,0.0
0.0,0.0,0.13235295,0.1,0.0,0.0,0.0,0.0,0.0,0.0027270615,0.0,0.0,0.0,0.0,0.0,0.0,0.0,0.0,0.0,0.0,0.0,0.0061899126,0.022950917,0.009784736,1.0,1.0,0.0,0.0,0.25,0.2,0.0,0.79010606,1.0,1.0,0.0917423,0.0,0.0,0.0,0.0,0.09035978,0.0
0.0,0.0,0.45588234,0.2,0.0,0.0,0.0,0.0,0.0,0.0,0.0,0.0,0.0,0.0,0.0,0.0,0.0,0.0,0.0,0.0,0.0,0.001462996,0.017030679,0.019569471,0.01,0.0,0.99,1.0,0.05,0.06,0.0,0.7695782,1.0,1.0,0.091492705,0.0,0.0023828596,0.0,0.0,0.07864851,0.0
0.0,0.0,0.029411765,0.1,0.0,0.0,0.0,0.0,0.0,0.0,0.0,0.0,0.0,0.0,0.0,0.0,0.0,0.0,0.0,0.0,0.0,0.0,0.023704194,0.007827789,1.0,1.0,0.0,0.0,0.04,0.06,0.0,0.7695372,1.0,1.0,0.08587878,0.0,0.0,0.0,0.0,0.08699924,0.0
0.0,0.0,0.44117647,0.1,0.0,0.0,0.0,0.0,0.0,0.0,0.0,0.0,0.0,0.0,0.0,0.0,0.0,0.0,0.0,0.0,0.0,0.0,0.023341604,0.039138943,1.0,1.0,0.0,0.0,0.14,0.05,0.0,0.7777163,1.0,1.0,0.08837973,0.0,0.0,0.0,0.0,0.088816494,0.0
0.0,1.0,0.36764705,0.0,1.6426413e-05,0.0,0.0,0.0,0.0,0.0077798367,0.0,0.0,0.0,0.0,0.0,0.0,0.0,0.0,0.0,0.0,0.0,0.019105256,0.015037298,0.8962818,0.0,0.0,0.0,0.0,1.0,0.0,0.0,0.7934803,1.0,1.0,0.09970861,0.0,0.0028039664,0.0,0.0,0.089116514,0.0
0.0,0.0,0.30882353,0.1,0.0,0.0,0.0,0.0,0.0,0.0,0.0,0.0,0.0,0.0,0.0,0.0,0.0,0.0,0.0,0.0,0.0,0.0,0.023538254,0.019569471,1.0,1.0,0.0,0.0,0.07,0.07,0.0,0.77264726,1.0,1.0,0.08687172,0.0,0.0,0.0,0.0,0.087770104,0.0
0.0,0.0,0.7647059,0.2,0.0,0.0,0.0,0.0,0.0,0.0,0.0,0.0,0.0,0.0,0.0,0.0,0.0,0.0,0.0,0.0,0.0,0.0,0.017205209,0.0019569471,0.0,0.0,1.0,1.0,0.01,0.07,0.0,0.764361,1.0,1.0,0.089968555,0.0,0.0023290515,0.0,0.0,0.077757865,0.0
0.015645847,0.0,0.04411765,0.3,0.00096909463,0.0,0.0,0.0,0.0,1.013279e-06,0.0,0.0,0.0,0.0,0.0,0.0,0.0,0.0,0.0,0.0,0.0,0.01671502,0.01037363,0.072407044,0.03,0.03,0.95,0.95,1.0,0.0,0.0,0.7804673,1.0,1.0,0.09973497,0.0,0.009671032,0.0,0.0,0.06912252,0.0
0.0,0.0,0.029411765,0.1,0.0,0.0,0.0,0.0,0.0,0.0,0.0,0.0,0.0,0.0,0.0,0.0,0.0,0.0,0.0,0.0,0.0,0.0,0.023412444,0.02739726,1.0,1.0,0.0,0.0,0.1,0.08,0.0,0.77684975,1.0,1.0,0.0880877,0.0,0.0,0.0,0.0,0.0887683,0.0
0.0,0.0,0.04411765,0.1,0.0,0.0,0.0,0.0,0.0,0.05557123,0.0,0.0,0.0,0.0,0.0,0.0,0.0024882779,0.024983019,0.0,0.0,0.0,0.07085922,0.015493117,0.16046967,1.0,1.0,0.0,0.0,1.0,0.0,0.0,0.8878865,1.0,1.0,0.12372794,0.0,0.0021779537,0.0,0.0,0.104088604,0.0
0.01557654,0.0,0.04411765,0.3,0.00094585575,0.0,0.0,0.0,0.0,0.021322459,0.0,0.0,0.0,0.0,0.0,0.0,0.0012503341,0.0038848221,0.0,0.0,0.0,0.040227205,0.009626076,0.18003914,0.01,0.01,0.98,0.98,1.0,0.0,0.0,0.8210888,1.0,1.0,0.11115589,0.0,0.0092770755,0.0,0.0,0.077201486,0.0
0.013895867,0.0,0.04411765,0.3,0.0011623278,0.0,0.0,0.0,0.0,0.03862846,0.0,0.0,0.0,0.0,0.0,0.0,0.0030704811,0.019091934,0.0,0.0,0.0,0.059721887,0.0092038885,0.072407044,0.0,0.0,1.0,1.0,1.0,0.0,0.0,0.85470295,1.0,1.0,0.12039048,0.0,0.009268001,0.0,0.0,0.08270809,0.0
0.0,0.0,0.029411765,0.2,0.0,0.0,0.0,0.0,0.0,0.0,0.0,0.0,0.0,0.0,0.0,0.0,0.0,0.0,0.0,0.0,0.0,0.0,0.020760342,0.0332681,0.0,0.0,1.0,1.0,0.15,0.05,0.0,0.7289803,1.0,1.0,0.077049546,0.0,0.0034300834,0.0,0.0,0.069514155,0.0
0.0,0.0,0.029411765,0.1,0.0,0.0,0.0,0.0,0.0,0.0,0.0,0.0,0.0,0.0,0.0,0.0,0.0,0.0,0.0,0.0,0.0,0.0,0.023424499,0.029354207,1.0,1.0,0.0,0.0,0.1,0.06,0.0,0.7756926,1.0,1.0,0.08777698,0.0,0.0,0.0,0.0,0.0884296,0.0
0.12942909,0.0,0.13235295,0.0,0.0,3.2691223e-05,0.0,0.0,0.0,0.022176921,0.0,0.0,0.0,0.0,0.0,0.0,0.0,0.0,0.0,0.0,0.0,0.031385094,0.018458582,0.0019569471,0.0,0.0,0.0,0.0,1.0,0.0,0.0,0.8240868,1.0,1.0,0.104249366,0.0,0.0006016642,0.0,0.0,0.09621322,0.0
0.0,0.0,0.029411765,0.1,0.0,0.0,0.0,0.0,0.0,0.0,0.0,0.0,0.0,0.0,0.0,0.0,0.0,0.0,0.0,0.0,0.0,0.0,0.023358785,0.015655577,1.0,1.0,0.0,0.0,0.04,0.09,0.0,0.7767199,1.0,1.0,0.08817435,0.0,0.0,0.0,0.0,0.08907145,0.0
0.0,0.0,0.029411765,0.1,0.0,0.0,0.0,0.0,0.0,0.0,0.0,0.0,0.0,0.0,0.0,0.0,0.0,0.0,0.0,0.0,0.0,0.0,0.022629522,0.011741683,0.76,1.0,0.24,0.0,0.02,0.06,0.0,0.77072275,1.0,1.0,0.08731314,0.0,0.0,0.0,0.0,0.086984575,0.0
0.14207745,0.0,0.13235295,0.0,0.0,1.1144735e-05,0.0,0.0,0.0,0.0,0.0,0.0,0.0,0.0,0.0,0.0,0.0,0.0,0.0,0.0,0.0,0.0,0.03689123,0.0019569471,0.0,0.0,0.0,0.0,1.0,0.0,0.0,0.6274946,0.9075807,1.0,0.032257773,0.0,0.00967437,0.0,0.0,0.060488075,0.0
0.0,0.0,0.029411765,0.2,0.0,0.0,0.0,0.0,0.0,0.0,0.0,0.0,0.0,0.0,0.0,0.0,0.0,0.0,0.0,0.0,0.0,0.00055482984,0.016981296,0.037181996,0.0,0.0,1.0,1.0,0.19,0.06,0.0,0.7666738,1.0,1.0,0.09064598,0.0,0.0032788068,0.0,0.0,0.07662141,0.0
1.7326518e-05,0.0,0.22058824,0.0,4.1368454e-05,0.00021769383,0.0,0.0,0.0,0.0,0.0,0.0,0.0,0.0,0.0,0.0,0.0,0.0,0.0,0.0,0.0,0.0,0.014106318,0.0058708414,0.0,0.0,0.0,0.0,1.0,0.0,0.0,0.74749076,1.0,1.0,0.087771945,0.0,0.006556198,0.0,0.0,0.07145369,0.0
0.0,0.0,0.029411765,0.2,0.0,0.0,0.0,0.0,0.0,0.0,0.0,0.0,0.0,0.0,0.0,0.0,0.0,0.0,0.0,0.0,0.0,0.0,0.01711402,0.011741683,0.0,0.0,1.0,1.0,0.03,0.07,0.0,0.7662164,1.0,1.0,0.09051693,0.0,0.002483353,0.0,0.0,0.077872634,0.0
0.0,0.0,0.029411765,0.2,0.0,0.0,0.0,0.0,0.0,0.0,0.0,0.0,0.0,0.0,0.0,0.0,0.0,0.0,0.0,0.0,0.0,0.0,0.017284296,0.0058708414,0.0,0.0,1.0,1.0,0.02,0.06,0.0,0.7617028,1.0,1.0,0.08912297,0.0,0.0028136373,0.0,0.0,0.07644978,0.0
0.0,0.0,0.029411765,0.2,0.0,0.0,0.0,0.0,0.0,0.0,0.0,0.0,0.0,0.0,0.0,0.0,0.0,0.0,0.0,0.0,0.0,0.0,0.01716023,0.009784736,0.0,0.0,1.0,1.0,0.03,0.06,0.0,0.76451135,1.0,1.0,0.09001344,0.0,0.0025983602,0.0,0.0,0.07729301,0.0
0.0,1.0,0.36764705,0.0,8.08587e-06,0.0,0.0,0.0,0.0,0.0,0.0,0.0,0.0,0.0,0.0,0.0,0.0,0.0,0.0,0.0,0.0,0.0016036332,0.017350271,1.0,0.0,0.0,0.0,0.0,1.0,0.0,0.0,0.76818,1.0,1.0,0.09096014,0.0,0.0018154979,0.0,0.0,0.08319095,0.0
0.0,0.0,0.029411765,0.1,0.0,0.0,0.0,0.0,0.0,0.0,0.0,0.0,0.0,0.0,0.0,0.0,0.0,0.0,0.0,0.0,0.0,0.0,0.023560718,0.015655577,1.0,1.0,0.0,0.0,0.05,0.06,0.0,0.7709687,1.0,1.0,0.08642837,0.0,0.0,0.0,0.0,0.08747581,0.0
0.0,0.0,0.029411765,0.1,0.0,0.0,0.0,0.0,0.0,0.0,0.0,0.0,0.0,0.0,0.0,0.0,0.0,0.0,0.0,0.0,0.0,0.0,0.02325172,0.029354207,1.0,1.0,0.0,0.0,0.08,0.08,0.0,0.77984405,1.0,1.0,0.08907842,0.0,0.0,0.0,0.0,0.089639604,0.0
0.0,0.0,0.029411765,0.2,0.0,0.0,0.0,0.0,0.0,0.0,0.0,0.0,0.0,0.0,0.0,0.0,0.0,0.0,0.0,0.0,0.0,0.0,0.017066061,0.0019569471,0.0,0.0,1.0,1.0,0.0,0.07,0.0,0.76744425,1.0,1.0,0.09098529,0.0,0.0018710196,0.0,0.0,0.07902601,0.0
0.0,0.0,0.04411765,0.1,0.0,0.0,0.0,0.0,0.0,0.056633413,0.0,0.0,0.0,0.0,0.0,0.0,0.002465248,0.025201619,0.0,0.0,0.0,0.07145354,0.015923038,0.18199609,1.0,1.0,0.0,0.0,1.0,0.0,0.0,0.88991404,1.0,1.0,0.123899244,0.0,0.0016441792,0.0,0.0,0.10563892,0.0
0.0,0.0,0.029411765,0.2,0.0,0.0,0.0,0.0,0.0,0.0,0.0,0.0,0.0,0.0,0.0,0.0,0.0,0.0,0.0,0.0,0.0,0.0018397272,0.016924463,0.021526419,0.0,0.0,1.0,1.0,0.05,0.06,0.0,0.77025366,1.0,1.0,0.09178472,0.0,0.0023134202,0.0,0.0,0.07888484,0.0
0.0,0.0,0.45588234,0.1,0.0,0.0,0.0,0.0,0.0,0.0,0.0,0.0,0.0,0.0,0.0,0.0,0.0,0.0,0.0,0.0,0.0,0.0,0.023376465,0.0332681,1.0,1.0,0.0,0.0,0.12,0.06,0.0,0.77711487,1.0,1.0,0.08819502,0.0,0.0,0.0,0.0,0.08872712,0.0
0.0,0.0,0.7647059,0.2,0.0,0.0,0.0,0.0,0.0,0.0,0.0,0.0,0.0,0.0,0.0,0.0,0.0,0.0,0.0,0.0,0.0,0.0005761087,0.017008327,0.0058708414,0.0,0.0,1.0,1.0,0.01,0.06,0.0,0.76878214,1.0,1.0,0.0913909,0.0,0.0018741637,0.0,0.0,0.0792644,0.0
0.0,0.0,0.2647059,0.2,0.0,0.0,0.0,0.0,0.0,0.0,0.0,0.0,0.0,0.0,0.0,0.0,0.0,0.0,0.0,0.0,0.0,0.001018256,0.01698485,0.009784736,0.0,0.0,1.0,1.0,0.02,0.06,0.0,0.76936126,1.0,1.0,0.09154623,0.0,0.001990065,0.0,0.0,0.07919079,0.0
0.0156805,0.0,0.04411765,0.3,0.00094585575,7.4298237e-07,0.0,0.0,0.0,0.0,0.0,0.0,0.0,0.0,0.0,0.0,0.0,0.0,0.0,0.0,0.0,0.008885413,0.010622285,0.037181996,0.05,0.05,0.89,0.89,1.0,0.0,0.0,0.76694095,1.0,1.0,0.0959323,0.0,0.009800851,0.0,0.0,0.06643763,0.0
0.0,0.0,0.029411765,0.1,0.0,0.0,0.0,0.0,0.0,0.0,0.0,0.0,0.0,0.0,0.0,0.0,0.0,0.0,0.0,0.0,0.0,0.0,0.02338466,0.0019569471,1.0,1.0,0.0,0.0,0.0,0.07,0.0,0.77228904,1.0,1.0,0.08706688,0.0,0.0,0.0,0.0,0.088413954,0.0
0.035813913,0.0,0.04411765,0.3,0.001155006,0.0,0.0,0.0,0.0,0.0034100711,0.0,0.0,0.0,0.0,0.0,0.0,0.0,0.0,0.0,0.0,0.0,0.020502657,0.010590956,0.023483366,0.17,0.17,0.83,0.83,1.0,0.0,0.0,0.7872064,1.0,1.0,0.101286165,0.0,0.009581804,0.0,0.0,0.070744336,0.0
0.0,0.0,0.029411765,0.2,0.0,0.0,0.0,0.0,0.0,0.0,0.0,0.0,0.0,0.0,0.0,0.0,0.0,0.0,0.0,0.0,0.0,0.0,0.01734227,0.0058708414,0.0,0.0,1.0,1.0,0.03,0.08,0.0,0.7613826,1.0,1.0,0.088950835,0.0,0.002973467,0.0,0.0,0.07622105,0.0
0.0,0.0,0.0,0.1,0.0,0.0,0.0,0.0,0.0,0.0034478307,0.0,0.0,0.0,0.0,0.0,0.0,0.0,0.0,0.0,0.0,0.0,0.0065300167,0.022811942,0.0332681,1.0,1.0,0.0,0.0,0.23,0.05,0.0,0.7911793,1.0,1.0,0.09222504,0.0,0.0,0.0,0.0,0.09095439,0.0
0.0,0.0,0.029411765,0.2,0.0,0.0,0.0,0.0,0.0,0.0,0.0,0.0,0.0,0.0,0.0,0.0,0.0,0.0,0.0,0.0,0.0,0.00035399199,0.017001212,0.029354207,0.0,0.0,1.0,1.0,0.11,0.06,0.0,0.76673985,1.0,1.0,0.09068789,0.0,0.0030148178,0.0,0.0,0.0770098,0.0
0.0,1.0,0.36764705,0.0,1.6426413e-05,0.0,0.0,0.0,0.0,0.002002418,0.0,0.0,0.0,0.0,0.0,0.0,0.0,0.0,0.0,0.0,0.0,0.014343798,0.014584184,0.43444228,0.0,0.0,0.0,0.0,1.0,0.0,0.0,0.78260803,1.0,1.0,0.09708946,0.0,0.0042319894,0.0,0.0,0.08521098,0.0
0.0,0.0,0.029411765,0.2,0.0,0.0,0.0,0.0,0.0,0.0,0.0,0.0,0.0,0.0,0.0,0.0,0.0,0.0,0.0,0.0,0.0,0.0012693703,0.016974375,0.03522505,0.0,0.0,1.0,1.0,0.16,0.07,0.0,0.76807535,1.0,1.0,0.0910339,0.0,0.003156662,0.0,0.0,0.07712567,0.0
0.0,0.0,0.029411765,0.2,0.0,0.0,0.0,0.0,0.0,0.0,0.0,0.0,0.0,0.0,0.0,0.0,0.0,0.0,0.0,0.0,0.0,0.004109919,0.016796231,0.029354207,0.0,0.0,1.0,1.0,0.07,0.07,0.0,0.7741748,1.0,1.0,0.092940025,0.0,0.0022470504,0.0,0.0,0.07977688,0.0
0.12748852,0.0,0.13235295,0.0,0.0,3.2691223e-05,0.0,0.0,0.0,0.017487079,0.0,0.0,0.0,0.0,0.0,0.0,0.0,0.0,0.0,0.0,0.0,0.027253538,0.018156,0.0019569471,0.0,0.0,0.0,0.0,1.0,0.0,0.0,0.81486666,1.0,1.0,0.101964615,0.0,0.0015155673,0.0,0.0,0.09419957,0.0
1.7326518e-05,0.0,0.22058824,0.0,4.1368454e-05,0.00021769383,0.0,0.0,0.0,0.0,0.0,0.0,0.0,0.0,0.0,0.0,0.0,0.0,0.0,0.0,0.0,0.0037075877,0.011035509,0.0058708414,0.0,0.0,0.25,0.0,0.75,0.5,0.0,0.7583146,1.0,1.0,0.09324523,0.0,0.009574175,0.0,0.0,0.0662978,0.0
0.0,0.0,0.029411765,0.2,0.0,0.0,0.0,0.0,0.0,0.0,0.0,0.0,0.0,0.0,0.0,0.0,0.0,0.0,0.0,0.0,0.0,0.0,0.01723928,0.01369863,0.0,0.0,1.0,1.0,0.06,0.06,0.0,0.7618531,1.0,1.0,0.089167826,0.0,0.0030829012,0.0,0.0,0.075984776,0.0
0.0,0.0,0.5,0.5,0.0,0.0,0.0,0.0,0.0,0.0,0.0,0.0,0.0,0.0,0.0,0.0,0.0,0.0,0.0,0.0,0.0,0.0007505417,0.017010532,0.009784736,0.0,0.0,1.0,1.0,0.02,0.07,0.0,0.7687919,1.0,1.0,0.091358505,0.0,0.0020745844,0.0,0.0,0.07895669,0.0
0.0,0.0,0.029411765,0.2,0.0,0.0,0.0,0.0,0.0,0.0,0.0,0.0,0.0,0.0,0.0,0.0,0.0,0.0,0.0,0.0,0.0,0.00019961596,0.017096289,0.0058708414,0.0,0.0,1.0,1.0,0.01,0.07,0.0,0.7677978,1.0,1.0,0.090999775,0.0,0.002132699,0.0,0.0,0.07876265,0.0
1.7326518e-05,0.0,0.22058824,0.0,4.1368454e-05,0.00021769383,0.0,0.0,0.0,0.0,0.0,0.0,0.0,0.0,0.0,0.0,0.0,0.0,0.0,0.0,0.0,0.0016532838,0.012600347,0.0058708414,0.0,0.0,0.0,0.0,1.0,0.0,0.0,0.75631475,1.0,1.0,0.09120109,0.0,0.008162484,0.0,0.0,0.07276851,0.0
0.0,0.0,0.029411765,0.2,0.0,0.0,0.0,0.0,0.0,0.0,0.0,0.0,0.0,0.0,0.0,0.0,0.0,0.0,0.0,0.0,0.0,0.004062593,0.016748376,0.037181996,0.0,0.0,1.0,1.0,0.09,0.07,0.0,0.77376497,1.0,1.0,0.092851244,0.0,0.0024497658,0.0,0.0,0.07934412,0.0
0.0,1.0,0.36764705,0.0,8.08587e-06,0.0,0.0,0.0,0.0,0.0,0.0,0.0,0.0,0.0,0.0,0.0,0.0,0.0,0.0,0.0,0.0,0.0,0.024024665,1.0,0.0,0.0,0.0,0.0,1.0,0.0,0.0,0.69093764,0.9898541,1.0,0.06417819,0.0,0.0014591962,0.0,0.0,0.06562555,0.0
0.0,0.0,0.029411765,0.2,0.0,0.0,0.0,0.0,0.0,0.0,0.0,0.0,0.0,0.0,0.0,0.0,0.0,0.0,0.0,0.0,0.0,0.0015497804,0.01695218,0.021526419,0.0,0.0,1.0,1.0,0.05,0.06,0.0,0.7696371,1.0,1.0,0.09158146,0.0,0.0024050623,0.0,0.0,0.07863125,0.0
0.0,0.0,0.3382353,0.2,0.0,0.0,0.0,0.0,0.0,0.0,0.0,0.0,0.0,0.0,0.0,0.0,0.0,0.0,0.0,0.0,0.0,0.0,0.017120846,0.0039138943,0.0,0.0,1.0,1.0,0.01,0.06,0.0,0.7656065,1.0,1.0,0.090402536,0.0,0.0022075921,0.0,0.0,0.07808006,0.0
1.7326518e-05,0.0,0.22058824,0.0,4.1368454e-05,0.00021769383,0.0,0.0,0.0,0.0,0.0,0.0,0.0,0.0,0.0,0.0,0.0,0.0,0.0,0.0,0.0,0.005597532,0.0112494975,0.0039138943,0.0,0.0,0.0,0.0,1.0,0.0,0.0,0.76184785,1.0,1.0,0.09394624,0.0,0.009232476,0.0,0.0,0.06873378,0.0
0.0,0.0,0.029411765,0.2,0.0,0.0,0.0,0.0,0.0,0.0,0.0,0.0,0.0,0.0,0.0,0.0,0.0,0.0,0.0,0.0,0.0,0.0024631023,0.016935967,0.017612524,0.0,0.0,1.0,1.0,0.04,0.08,0.0,0.7715273,1.0,1.0,0.092122756,0.0,0.0021843314,0.0,0.0,0.07936108,0.0
0.0,0.0,0.60294116,0.1,0.0,0.0,0.0,0.0,0.0,0.0,0.0,0.0,0.0,0.0,0.0,0.0,0.0,0.0,0.0,0.0,0.0,0.0,0.02359794,0.007827789,1.0,1.0,0.0,0.0,0.03,0.1,0.0,0.77218413,1.0,1.0,0.08670267,0.0,0.0,0.0,0.0,0.087762296,0.0
0.0,0.0,0.13235295,0.8,0.0,3.2691223e-05,0.0,0.0,0.0,0.0,0.0,0.0,0.0,0.0,0.0,0.0,0.0,0.0,0.0,0.0,0.0,0.0,0.020045511,0.0019569471,1.0,1.0,0.0,0.0,1.0,0.0,0.0,0.728421,1.0,1.0,0.07736812,0.0,0.0027860403,0.0,0.0,0.0760116,0.0
0.0,0.0,0.029411765,0.1,0.0,0.0,0.0,0.0,0.0,0.0,0.0,0.0,0.0,0.0,0.0,0.0,0.0,0.0,0.0,0.0,0.0,0.0002798736,0.023184225,0.039138943,1.0,1.0,0.0,0.0,0.12,0.1,0.0,0.7828635,1.0,1.0,0.089906864,0.0,0.0,0.0,0.0,0.090194464,0.0
0.0,0.0,0.5294118,0.1,0.0,0.0,0.0,0.0,0.0,0.0005340874,0.0,0.0,0.0,0.0,0.0,0.0,0.0,0.0,0.0,0.0,0.0,0.00079631805,0.022868514,0.039138943,1.0,1.0,0.0,0.0,0.07,0.05,0.0,0.7847383,1.0,1.0,0.09085601,0.0,0.0,0.0,0.0,0.09125179,0.0
0.0,0.0,0.05882353,0.2,0.0,0.0,0.0,0.0,0.0,0.0,0.0,0.0,0.0,0.0,0.0,0.0,0.0,0.0,0.0,0.0,0.0,0.0016605258,0.016880557,0.015655577,0.0,0.0,1.0,1.0,0.03,0.06,0.0,0.7704835,1.0,1.0,0.09195494,0.0,0.0019390881,0.0,0.0,0.07941282,0.0
0.0,0.0,0.029411765,0.2,0.0,0.0,0.0,0.0,0.0,0.0,0.0,0.0,0.0,0.0,0.0,0.0,0.0,0.0,0.0,0.0,0.0,0.0036340058,0.016747452,0.03522505,0.0,0.0,1.0,1.0,0.08,0.06,0.0,0.77310336,1.0,1.0,0.09269186,0.0,0.0024097115,0.0,0.0,0.07919359,0.0
0.0,0.0,0.029411765,0.2,0.0,0.0,0.0,0.0,0.0,0.0,0.0,0.0,0.0,0.0,0.0,0.0,0.0,0.0,0.0,0.0,0.0,0.0,0.017305866,0.0058708414,0.0,0.0,1.0,1.0,0.02,0.08,0.0,0.7621888,1.0,1.0,0.08921672,0.0,0.002853632,0.0,0.0,0.07655272,0.0
0.03569263,0.0,0.04411765,0.3,0.001155006,0.0,0.0,0.0,0.0,0.014337033,0.0,0.0,0.0,0.0,0.0,0.0,0.0,0.0,0.0,0.0,0.0,0.032639056,0.010244563,0.021526419,0.0,0.0,1.0,1.0,1.0,0.0,0.0,0.80815816,1.0,1.0,0.107131325,0.0,0.009449422,0.0,0.0,0.07466152,0.0
0.0,0.0,0.0882353,0.2,0.0,0.0,0.0,0.0,0.0,0.0,0.0,0.0,0.0,0.0,0.0,0.0,0.0,0.0,0.0,0.0,0.0,0.0,0.01719936,0.015655577,0.0,0.0,1.0,1.0,0.07,0.06,0.0,0.76245546,1.0,1.0,0.08937418,0.0,0.003019467,0.0,0.0,0.076207876,0.0
0.0,0.0,0.029411765,0.2,0.0,0.0,0.0,0.0,0.0,0.0,0.0,0.0,0.0,0.0,0.0,0.0,0.0,0.0,0.0,0.0,0.0,0.0007072389,0.016943894,0.0058708414,0.0,0.0,1.0,1.0,0.01,0.06,0.0,0.7692447,1.0,1.0,0.09160996,0.0,0.0016932338,0.0,0.0,0.07955167,0.0
0.0,0.0,0.029411765,0.1,0.0,0.0,0.0,0.0,0.0,0.0003745556,0.0,0.0,0.0,0.0,0.0,0.0,0.0,0.0,0.0,0.0,0.0,0.0007970035,0.022926703,0.039138943,1.0,1.0,0.0,0.0,0.07,0.06,0.0,0.7845515,1.0,1.0,0.09072087,0.0,0.0,0.0,0.0,0.09108898,0.0
0.0,0.0,0.029411765,0.1,0.0,0.0,0.0,0.0,0.0,0.0,0.0,0.0,0.0,0.0,0.0,0.0,0.0,0.0,0.0,0.0,0.0,0.0,0.022952579,0.031311154,1.0,1.0,0.0,0.0,0.05,0.05,0.0,0.7820543,1.0,1.0,0.09007836,0.0,0.0,0.0,0.0,0.09071493,0.0
0.0,1.0,0.36764705,0.0,1.6426413e-05,0.0,0.0,0.0,0.0,0.0060852766,0.0,0.0,0.0,0.0,0.0,0.0,0.0,0.0,0.0,0.0,0.0,0.017703801,0.014963359,0.7886497,0.0,0.0,0.0,0.0,1.0,0.0,0.0,0.7902849,1.0,1.0,0.09887578,0.0,0.0032087266,0.0,0.0,0.08815792,0.0
0.0,0.0,0.029411765,0.2,0.0,0.0,0.0,0.0,0.0,0.0,0.0,0.0,0.0,0.0,0.0,0.0,0.0,0.0,0.0,0.0,0.0,0.0011270642,0.016922623,0.009784736,0.0,0.0,1.0,1.0,0.02,0.06,0.0,0.76977634,1.0,1.0,0.09174966,0.0,0.0018161088,0.0,0.0,0.079458505,0.0
0.0,1.0,0.36764705,0.0,1.6426413e-05,0.0,0.0,0.0,0.0,0.0,0.0,0.0,0.0,0.0,0.0,0.0,0.0,0.0,0.0,0.0,0.0,0.0064053535,0.016755171,1.0,0.0,0.0,0.0,0.0,1.0,0.0,0.0,0.77411973,1.0,1.0,0.093041144,0.0,0.0023542792,0.0,0.0,0.085033655,0.0
0.12565191,0.0,0.13235295,0.0,0.0,3.2691223e-05,0.0,0.0,0.0,0.0,0.0,0.0,0.0,0.0,0.0,0.0,0.0,0.0,0.0,0.0,0.0,0.0,0.017803945,0.0019569471,0.0,0.0,0.0,0.0,1.0,0.0,0.0,0.7637228,1.0,1.0,0.08866685,0.0,0.0036979914,0.0,0.0,0.080443025,0.0
0.0,0.0,0.7941176,0.2,0.0,0.0,0.0,0.0,0.0,0.0,0.0,0.0,0.0,0.0,0.0,0.0,0.0,0.0,0.0,0.0,0.0,0.0,0.01732497,0.0058708414,0.0,0.0,1.0,1.0,0.03,0.07,0.0,0.76080143,1.0,1.0,0.088825755,0.0,0.0029475242,0.0,0.0,0.07607907,0.0
0.0,0.0,0.13235295,0.8,0.0,3.2691223e-05,0.0,0.0,0.0,0.0,0.0,0.0,0.0,0.0,0.0,0.0,0.0,0.0,0.0,0.0,0.0,0.0,0.01980251,0.0019569471,1.0,1.0,0.0,0.0,1.0,0.0,0.0,0.75134885,1.0,1.0,0.08377048,0.0,0.0018613636,0.0,0.0,0.08122119,0.0
0.0,0.0,0.5441176,0.5,0.0,0.0,0.0,0.0,0.0,0.0,0.0,0.0,0.0,0.0,0.0,0.0,0.0,0.0,0.0,0.0,0.0,0.0021074116,0.016898707,0.021526419,0.0,0.0,1.0,1.0,0.05,0.07,0.0,0.7708229,1.0,1.0,0.09197246,0.0,0.0022289306,0.0,0.0,0.07911894,0.0
0.0,0.0,0.3970588,0.2,0.0,0.0,0.0,0.0,0.0,0.0,0.0,0.0,0.0,0.0,0.0,0.0,0.0,0.0,0.0,0.0,0.0,0.0020162463,0.016917244,0.019569471,0.0,0.0,1.0,1.0,0.04,0.07,0.0,0.770695,1.0,1.0,0.09192253,0.0,0.0022218376,0.0,0.0,0.07909095,0.0
0.0,0.0,0.029411765,0.1,0.0,0.0,0.0,0.0,0.0,0.0,0.0,0.0,0.0,0.0,0.0,0.0,0.0,0.0,0.0,0.0,0.0,0.0,0.023367561,0.0039138943,1.0,1.0,0.0,0.0,0.01,0.06,0.0,0.77273154,1.0,1.0,0.087200694,0.0,0.0,0.0,0.0,0.0884611,0.0
0.0,0.0,0.29411766,0.2,0.0,0.0,0.0,0.0,0.0,0.0,0.0,0.0,0.0,0.0,0.0,0.0,0.0,0.0,0.0,0.0,0.0,0.0014198422,0.016946383,0.009784736,0.0,0.0,1.0,1.0,0.02,0.06,0.0,0.77021515,1.0,1.0,0.09182779,0.0,0.0018631965,0.0,0.0,0.07954198,0.0
0.0,0.0,0.029411765,0.2,0.0,0.0,0.0,0.0,0.0,0.0,0.0,0.0,0.0,0.0,0.0,0.0,0.0,0.0,0.0,0.0,0.0,0.0019542277,0.016875833,0.039138943,0.0,0.0,1.0,1.0,0.15,0.06,0.0,0.7693542,1.0,1.0,0.09148648,0.0,0.0030563325,0.0,0.0,0.077436775,0.0
0.0,0.0,0.47058824,0.2,0.0,0.0,0.0,0.0,0.0,0.0,0.0,0.0,0.0,0.0,0.0,0.0,0.0,0.0,0.0,0.0,0.0,0.002997756,0.01682245,0.02739726,0.0,0.0,1.0,1.0,0.06,0.07,0.0,0.77228904,1.0,1.0,0.092428006,0.0,0.002239108,0.0,0.0,0.07938543,0.0
0.0,0.0,0.029411765,0.2,0.0,0.0,0.0,0.0,0.0,0.0,0.0,0.0,0.0,0.0,0.0,0.0,0.0,0.0,0.0,0.0,0.0,0.0,0.01823268,0.011741683,0.0,0.0,1.0,1.0,0.03,0.08,0.0,0.75373816,1.0,1.0,0.08619972,0.0,0.0021204948,0.0,0.0,0.07653269,0.0
0.0,0.0,0.04411765,0.0,0.0008681168,0.0061771553,0.0,0.0,0.0,0.0,0.0,0.0,0.0,0.0,0.0,0.0,0.0,0.0,0.0,0.0,0.0,0.0,0.011253968,0.0332681,0.0,0.0,0.0,0.0,1.0,0.0,0.12,0.74788415,1.0,1.0,0.09029981,0.0,0.0097616315,0.0,0.0,0.06385687,0.0
0.0,0.0,0.04411765,0.1,0.0,0.0,0.0,0.0,0.0,0.052166313,0.0,0.0,0.0,0.0,0.0,0.0,0.0026392639,0.02435726,0.0,0.0,0.0,0.06900388,0.0140154585,0.10176125,1.0,1.0,0.0,0.0,1.0,0.0,0.0,0.8813447,1.0,1.0,0.123261295,0.0,0.003940597,0.0,0.0,0.09896195,0.0
0.0,1.0,0.36764705,0.0,1.6426413e-05,0.0,0.0,0.0,0.0,0.0,0.0,0.0,0.0,0.0,0.0,0.0,0.0,0.0,0.0,0.0,0.0,0.0,0.019724213,0.99804306,0.0,0.0,0.0,0.0,1.0,0.0,0.0,0.738819,1.0,1.0,0.08085769,0.0,0.0020471215,0.0,0.0,0.07814002,0.0
0.0,0.0,0.30882353,0.2,0.0,0.0,0.0,0.0,0.0,0.0,0.0,0.0,0.0,0.0,0.0,0.0,0.0,0.0,0.0,0.0,0.0,0.005130589,0.01659412,0.037181996,0.0,0.0,1.0,1.0,0.07,0.06,0.0,0.7762197,1.0,1.0,0.09372721,0.0,0.0019728243,0.0,0.0,0.080450684,0.0
1.7326518e-05,0.0,0.22058824,0.0,4.1368454e-05,0.00021769383,0.0,0.0,0.0,0.0,0.0,0.0,0.0,0.0,0.0,0.0,0.0,0.0,0.0,0.0,0.0,0.0,0.012938671,0.0058708414,0.0,0.0,0.0,0.0,1.0,0.0,0.0,0.7538614,1.0,1.0,0.09030833,0.0,0.007735744,0.0,0.0,0.07283446,0.0
0.0,0.0,0.04411765,0.0,0.0008681168,0.0061771553,0.0,0.0,0.0,0.0,0.0,0.0,0.0,0.0,0.0,0.0,0.0,0.0,0.0,0.0,0.0,0.0092840195,0.01061175,0.021526419,0.0,0.0,0.33,0.09,1.0,0.0,0.36,0.7675966,1.0,1.0,0.096116655,0.0,0.009826168,0.0,0.0,0.06643647,0.0
0.015628519,0.0,0.04411765,0.0,5.5709734e-07,0.0,0.0,0.0,0.0,0.058243662,0.0,0.0,0.0,0.0,0.0,0.0039164275,0.004946679,0.0349541,0.0,0.0,0.0,0.08123061,0.008963309,0.06849315,0.4,0.4,0.57,0.57,1.0,0.0,0.0,0.89230466,1.0,1.0,0.13051736,0.0,0.008761272,0.0,0.0,0.09077543,0.0
0.0,0.0,0.4852941,0.2,0.0,0.0,0.0,0.0,0.0,0.0,0.0,0.0,0.0,0.0,0.0,0.0,0.0,0.0,0.0,0.0,0.0,0.0046142936,0.016724214,0.039138943,0.0,0.0,1.0,1.0,0.1,0.06,0.0,0.77464294,1.0,1.0,0.09309744,0.0,0.0024951398,0.0,0.0,0.079418,0.0
0.0,0.0,0.3970588,0.2,0.0,0.0,0.0,0.0,0.0,0.0,0.0,0.0,0.0,0.0,0.0,0.0,0.0,0.0,0.0,0.0,0.0,0.0,0.01713834,0.0039138943,0.0,0.0,1.0,1.0,0.01,0.07,0.0,0.767148,1.0,1.0,0.09077779,0.0,0.0022031218,0.0,0.0,0.07852006,0.0
0.0,0.0,0.7941176,0.1,0.0,0.0,0.0,0.0,0.0,0.0,0.0,0.0,0.0,0.0,0.0,0.0,0.0,0.0,0.0,0.0,0.0,0.0,0.023679897,0.011741683,1.0,1.0,0.0,0.0,0.05,0.06,0.0,0.7685796,1.0,1.0,0.08566021,0.0,0.0,0.0,0.0,0.08683011,0.0
0.0,1.0,0.36764705,0.0,1.6044403e-05,0.0,0.0,0.0,0.0,0.007385075,0.0,0.0,0.0,0.0,0.0,0.0,0.0,0.0,0.0,0.0,0.0,0.018710792,0.015065208,0.8962818,0.0,0.0,0.0,0.0,1.0,0.0,0.0,0.79276025,1.0,1.0,0.09948968,0.0,0.0028358996,0.0,0.0,0.08893591,0.0
0.0,0.0,0.7205882,0.2,0.0,0.0,0.0,0.0,0.0,0.0,0.0,0.0,0.0,0.0,0.0,0.0,0.0,0.0,0.0,0.0,0.0,0.0,0.017279312,0.007827789,0.0,0.0,1.0,1.0,0.03,0.06,0.0,0.76215374,1.0,1.0,0.08922834,0.0,0.0029224157,0.0,0.0,0.076348126,0.0
0.016286926,0.0,0.04411765,0.3,0.0003416439,0.0,0.0,0.0,0.0,0.013224632,0.0,0.0,0.0,0.0,0.0,0.0,0.000295043,0.0,0.0,0.0,0.0,0.03129244,0.009909399,0.1409002,0.01,0.01,0.97,0.97,1.0,0.0,0.0,0.8056544,1.0,1.0,0.10681739,0.0,0.009422854,0.0,0.0,0.074147016,0.0
0.0,0.0,0.9117647,0.1,0.0,0.0,0.0,0.0,0.0,0.0,0.0,0.0,0.0,0.0,0.0,0.0,0.0,0.0,0.0,0.0,0.0,0.0,0.02333565,0.039138943,1.0,1.0,0.0,0.0,0.13,0.06,0.0,0.77779675,1.0,1.0,0.088408925,0.0,0.0,0.0,0.0,0.08884549,0.0
0.0,0.0,0.30882353,0.1,0.0,0.0,0.0,0.0,0.0,0.0,0.0,0.0,0.0,0.0,0.0,0.0,0.0,0.0,0.0,0.0,0.0,0.0,0.023309521,0.009784736,1.0,1.0,0.0,0.0,0.02,0.07,0.0,0.77485204,1.0,1.0,0.08780079,0.0,0.0,0.0,0.0,0.08890721,0.0
0.0,1.0,0.36764705,0.0,1.6044403e-05,0.0,0.0,0.0,0.0,0.003675878,0.0,0.0,0.0,0.0,0.0,0.0,0.0,0.0,0.0,0.0,0.0,0.01583609,0.014774106,0.5890411,0.0,0.0,0.0,0.0,1.0,0.0,0.0,0.78569674,1.0,1.0,0.09773854,0.0,0.0038991868,0.0,0.0,0.086712986,0.0
1.7326518e-05,0.0,0.22058824,0.0,4.1368454e-05,0.00021769383,0.0,0.0,0.0,0.0,0.0,0.0,0.0,0.0,0.0,0.0,0.0,0.0,0.0,0.0,0.0,0.002126038,0.011010222,0.0039138943,0.0,0.0,0.33,0.0,0.67,0.67,0.0,0.75547326,1.0,1.0,0.092526026,0.0,0.009696186,0.0,0.0,0.065273345,0.0
0.0,0.0,0.029411765,0.2,0.0,0.0,0.0,0.0,0.0,0.02587384,0.0,0.0,0.0,0.0,0.0,0.0,0.00051473826,0.0,0.0,0.0,0.0,0.035559952,0.016391464,0.029354207,0.0,0.0,1.0,1.0,0.28,0.08,0.0,0.8298466,1.0,1.0,0.10779535,0.0,0.0009110123,0.0,0.0,0.09547797,0.0
0.0,0.0,0.029411765,0.2,0.0,0.0,0.0,0.0,0.0,0.0,0.0,0.0,0.0,0.0,0.0,0.0,0.0,0.0,0.0,0.0,0.0,0.005598992,0.018672079,0.03522505,0.68,0.0,0.32,1.0,0.15,0.06,0.0,0.77936983,1.0,1.0,0.09260226,0.0,0.0013077408,0.0,0.0,0.08235937,0.0
0.0,0.0,0.029411765,0.1,0.0,0.0,0.0,0.0,0.0,0.0,0.0,0.0,0.0,0.0,0.0,0.0,0.0,0.0,0.0,0.0,0.0,0.0,0.02324149,0.02739726,1.0,1.0,0.0,0.0,0.07,0.09,0.0,0.77856684,1.0,1.0,0.08877727,0.0,0.0,0.0,0.0,0.089482546,0.0
0.0,0.0,0.2647059,0.2,0.0,0.0,0.0,0.0,0.0,0.0,0.0,0.0,0.0,0.0,0.0,0.0,0.0,0.0,0.0,0.0,0.0,0.0010581315,0.016939,0.007827789,0.0,0.0,1.0,1.0,0.01,0.06,0.0,0.76969564,1.0,1.0,0.09171531,0.0,0.0018019825,0.0,0.0,0.07945001,0.0
0.0,1.0,0.36764705,0.0,1.6426413e-05,0.0,0.0,0.0,0.0,0.0,0.0,0.0,0.0,0.0,0.0,0.0,0.0,0.0,0.0,0.0,0.0,0.011944711,0.01427871,0.18590999,0.0,0.0,0.0,0.0,1.0,0.0,0.0,0.7776426,1.0,1.0,0.09604602,0.0,0.004767075,0.0,0.0,0.08279616,0.0
0.0,0.0,0.3970588,0.2,0.0,0.0,0.0,0.0,0.0,0.0,0.0,0.0,0.0,0.0,0.0,0.0,0.0,0.0,0.0,0.0,0.0,0.0,0.017116189,0.023483366,0.0,0.0,1.0,1.0,0.11,0.06,0.0,0.7653804,1.0,1.0,0.09020098,0.0,0.003101021,0.0,0.0,0.07669029,0.0
0.0,0.0,0.04411765,0.0,0.0008681168,0.0061771553,0.0,0.0,0.0,0.0,0.0,0.0,0.0,0.0,0.0,0.0,0.0,0.0,0.0,0.0,0.0,0.002593726,0.010862932,0.06849315,0.0,0.0,0.0,0.0,1.0,0.0,0.06,0.75614357,1.0,1.0,0.092860006,0.0,0.00981617,0.0,0.0,0.06466463,0.0
0.0,0.0,0.029411765,0.2,0.0,0.0,0.0,0.0,0.0,0.0,0.0,0.0,0.0,0.0,0.0,0.0,0.0,0.0,0.0,0.0,0.0,0.0008677542,0.016897105,0.011741683,0.0,0.0,1.0,1.0,0.02,0.06,0.0,0.7694248,1.0,1.0,0.09169509,0.0,0.0017315149,0.0,0.0,0.07955432,0.0
0.0,0.0,0.029411765,0.1,0.0,0.0,0.0,0.0,0.0,0.0,0.0,0.0,0.0,0.0,0.0,0.0,0.0,0.0,0.0,0.0,0.0,0.0,0.023064151,0.029354207,1.0,1.0,0.0,0.0,0.06,0.07,0.0,0.7811841,1.0,1.0,0.0896989,0.0,0.0,0.0,0.0,0.090313405,0.0
0.013913194,0.0,0.04411765,0.3,0.0012014838,0.0,0.0,0.0,0.0,0.03578025,0.0,0.0,0.0,0.0,0.0,0.0,0.002776578,0.016363114,0.0,0.0,0.0,0.0564079,0.009282663,0.12133072,0.03,0.03,0.97,0.97,1.0,0.0,0.0,0.8490615,1.0,1.0,0.118838154,0.0,0.009184897,0.0,0.0,0.082086354,0.0
0.0,0.0,0.11764706,0.2,0.0,0.0,0.0,0.0,0.0,0.0,0.0,0.0,0.0,0.0,0.0,0.0,0.0,0.0,0.0,0.0,0.0,0.0,0.017472625,0.0019569471,0.08,0.0,0.92,1.0,0.01,0.08,0.0,0.76026607,1.0,1.0,0.08856165,0.0,0.002815351,0.0,0.0,0.07620427,0.0
0.0,0.0,0.04411765,0.1,0.0,0.0,0.0,0.0,0.0,0.05773443,0.0,0.0,0.0,0.0,0.0,0.0,0.0021100044,0.024606198,0.0,0.0,0.0,0.07142636,0.017024651,0.19960861,1.0,1.0,0.0,0.0,1.0,0.0,0.0,0.8920959,1.0,1.0,0.12351512,0.0,0.00050114095,0.0,0.0,0.10871348,0.0
0.0,0.0,0.029411765,0.2,0.0,0.0,0.0,0.0,0.0,0.0,0.0,0.0,0.0,0.0,0.0,0.0,0.0,0.0,0.0,0.0,0.0,0.0013789535,0.01697366,0.0332681,0.0,0.0,1.0,1.0,0.14,0.07,0.0,0.7683742,1.0,1.0,0.09112472,0.0,0.0030861795,0.0,0.0,0.07727325,0.0
0.0,0.0,0.63235295,0.5,0.0,0.0,0.0,0.0,0.0,0.0,0.0,0.0,0.0,0.0,0.0,0.0,0.0,0.0,0.0,0.0,0.0,0.0,0.017244332,0.015655577,0.0,0.0,1.0,1.0,0.08,0.06,0.0,0.76145923,1.0,1.0,0.089045756,0.0,0.0031674355,0.0,0.0,0.07579821,0.0
0.0,0.0,0.6911765,0.1,0.0,0.0,0.0,0.0,0.0,0.0,0.0,0.0,0.0,0.0,0.0,0.0,0.0,0.0,0.0,0.0,0.0,0.0,0.02339425,0.037181996,1.0,1.0,0.0,0.0,0.15,0.07,0.0,0.7767904,1.0,1.0,0.08807086,0.0,0.0,0.0,0.0,0.08859524,0.0
0.0,0.0,0.029411765,0.2,0.0,0.0,0.0,0.0,0.0,0.0,0.0,0.0,0.0,0.0,0.0,0.0,0.0,0.0,0.0,0.0,0.0,0.0029774606,0.016815215,0.021526419,0.0,0.0,1.0,1.0,0.04,0.07,0.0,0.7726729,1.0,1.0,0.09258246,0.0,0.0019540787,0.0,0.0,0.07987976,0.0
0.0,1.0,0.36764705,0.0,1.6426413e-05,0.0,0.0,0.0,0.0,0.0,0.0,0.0,0.0,0.0,0.0,0.0,0.0,0.0,0.0,0.0,0.0,0.01110208,0.0140917,0.07436399,0.0,0.0,0.0,0.0,1.0,0.0,0.0,0.77581644,1.0,1.0,0.095730595,0.0,0.0050096363,0.0,0.0,0.081730545,0.0
0.0,1.0,0.36764705,0.0,1.6044403e-05,0.0,0.0,0.0,0.0,0.0021083355,0.0,0.0,0.0,0.0,0.0,0.0,0.0,0.0,0.0,0.0,0.0,0.014438212,0.0145962015,0.444227,0.0,0.0,0.0,0.0,1.0,0.0,0.0,0.78280354,1.0,1.0,0.097130544,0.0,0.004210934,0.0,0.0,0.08530599,0.0
0.0,1.0,0.36764705,0.0,1.6044403e-05,0.0,0.0,0.0,0.0,0.0070542097,0.0,0.0,0.0,0.0,0.0,0.0,0.0,0.0,0.0,0.0,0.0,0.018454462,0.015039347,0.86888456,0.0,0.0,0.0,0.0,1.0,0.0,0.0,0.7921301,1.0,1.0,0.09933343,0.0,0.0029307753,0.0,0.0,0.088737875,0.0
1.7326518e-05,0.0,0.22058824,0.0,4.1368454e-05,0.00021769383,0.0,0.0,0.0,0.0,0.0,0.0,0.0,0.0,0.0,0.0,0.0,0.0,0.0,0.0,0.0,0.0017354488,0.012340434,0.0039138943,0.0,0.0,0.33,0.0,0.67,0.67,0.0,0.7555655,1.0,1.0,0.09118577,0.0,0.008667812,0.0,0.0,0.07172766,0.0
0.0,1.0,0.36764705,0.0,1.6426413e-05,0.0,0.0,0.0,0.0,0.0042183697,0.0,0.0,0.0,0.0,0.0,0.0,0.0,0.0,0.0,0.0,0.0,0.016257435,0.0148169845,0.6340509,0.0,0.0,0.0,0.0,1.0,0.0,0.0,0.78672945,1.0,1.0,0.09799405,0.0,0.0037443042,0.0,0.0,0.087040335,0.0
0.0,0.0,0.029411765,0.1,0.0,0.0,0.0,0.0,0.0,0.00036248565,0.0,0.0,0.0,0.0,0.0,0.0,0.0,0.0,0.0,0.0,0.0,0.0031427145,0.021054506,0.031311154,0.73,0.62,0.27,0.38,0.06,0.06,0.0,0.7835963,1.0,1.0,0.09198078,0.0,0.0,0.0,0.0,0.08895922,0.0
0.0,0.0,0.0882353,0.2,0.0,0.0,0.0,0.0,0.0,0.0,0.0,0.0,0.0,0.0,0.0,0.0,0.0,0.0,0.0,0.0,0.0,0.0011696517,0.016928345,0.007827789,0.0,0.0,1.0,1.0,0.01,0.06,0.0,0.76993287,1.0,1.0,0.09179353,0.0,0.0017667413,0.0,0.0,0.079547584,0.0
0.0137919085,0.0,0.04411765,0.3,0.0009923336,0.0,0.0,0.0,0.0,0.018534184,0.0,0.0,0.0,0.0,0.0,0.0,0.00077872723,0.0014820993,0.0,0.0,0.0,0.037117302,0.009851165,0.12915851,0.03,0.03,0.97,0.97,1.0,0.0,0.0,0.8158289,1.0,1.0,0.10954695,0.0,0.009290531,0.0,0.0,0.076361716,0.0
0.0,0.0,0.029411765,0.2,0.0,0.0,0.0,0.0,0.0,0.0,0.0,0.0,0.0,0.0,0.0,0.0,0.0,0.0,0.0,0.0,0.0,0.0,0.017286256,0.0058708414,0.0,0.0,1.0,1.0,0.02,0.06,0.0,0.76069486,1.0,1.0,0.08885712,0.0,0.0028510988,0.0,0.0,0.07613215,0.0
0.0,0.0,0.029411765,0.2,0.0,0.0,0.0,0.0,0.0,0.0,0.0,0.0,0.0,0.0,0.0,0.0,0.0,0.0,0.0,0.0,0.0,0.0,0.017105214,0.019569471,0.0,0.0,1.0,1.0,0.07,0.06,0.0,0.7645998,1.0,1.0,0.09004568,0.0,0.0029028207,0.0,0.0,0.076777995,0.0
0.14048341,0.0,0.13235295,0.0,0.0,1.1144735e-05,0.0,0.0,0.0,0.0,0.0,0.0,0.0,0.0,0.0,0.0,0.0,0.0,0.0,0.0,0.0,0.0,0.021058016,0.0019569471,0.0,0.0,0.0,0.0,1.0,0.0,0.0,0.73474574,1.0,1.0,0.07846861,0.0,0.0007698238,0.0,0.0,0.07790917,0.0
0.0,0.0,0.47058824,0.2,0.0,0.0,0.0,0.0,0.0,0.0,0.0,0.0,0.0,0.0,0.0,0.0,0.0,0.0,0.0,0.0,0.0,0.0021493137,0.01684288,0.021526419,0.0,0.0,1.0,1.0,0.04,0.06,0.0,0.77109575,1.0,1.0,0.09212897,0.0,0.0020761043,0.0,0.0,0.07932803,0.0
0.0,0.0,0.04411765,0.1,0.0,0.0,0.0,0.0,0.0,0.056139737,0.0,0.0,0.0,0.0,0.0,0.0,0.0023428053,0.02447033,0.0,0.0,0.0,0.070661664,0.016124092,0.19373778,1.0,1.0,0.0,0.0,1.0,0.0,0.0,0.8889425,1.0,1.0,0.1234697,0.0,0.0014347583,0.0,0.0,0.105983675,0.0
0.015645847,0.0,0.04411765,0.3,0.0009226168,0.0,0.0,0.0,0.0,0.026764005,0.0,0.0,0.0,0.0,0.0,0.0,0.001832746,0.009158522,0.0,0.0,0.0,0.046558917,0.009477869,0.09001957,0.0,0.0,1.0,1.0,1.0,0.0,0.0,0.83189464,1.0,1.0,0.11413004,0.0,0.00943549,0.0,0.0,0.078321904,0.0
0.015628519,0.0,0.04411765,0.3,0.00096909463,0.0,0.0,0.0,0.0,0.011174351,0.0,0.0,0.0,0.0,0.0,0.0,5.2198768e-05,0.0,0.0,0.0,0.0,0.02903536,0.009981766,0.12915851,0.02,0.02,0.97,0.97,1.0,0.0,0.0,0.8017533,1.0,1.0,0.10571983,0.0,0.009463847,0.0,0.0,0.07335898,0.0
0.0,0.0,0.029411765,0.2,0.0,0.0,0.0,0.0,0.0,0.0,0.0,0.0,0.0,0.0,0.0,0.0,0.0,0.0,0.0,0.0,0.0,0.0,0.017182976,0.0039138943,0.0,0.0,1.0,1.0,0.01,0.07,0.0,0.7642311,1.0,1.0,0.0899489,0.0,0.0024119467,0.0,0.0,0.07751423,0.0
0.0,0.0,0.30882353,0.2,0.0,0.0,0.0,0.0,0.0,0.0,0.0,0.0,0.0,0.0,0.0,0.0,0.0,0.0,0.0,0.0,0.0,0.004188955,0.0166424,0.03522505,0.0,0.0,1.0,1.0,0.07,0.06,0.0,0.7744671,1.0,1.0,0.09320807,0.0,0.002094835,0.0,0.0,0.07985151,0.0
0.14062202,0.0,0.13235295,0.0,0.0,1.1144735e-05,0.0,0.0,0.0,0.0,0.0,0.0,0.0,0.0,0.0,0.0,0.0,0.0,0.0,0.0,0.0,0.0,0.02116657,0.0019569471,0.0,0.0,0.0,0.0,1.0,0.0,0.0,0.7348169,1.0,1.0,0.07839861,0.0,0.0006698519,0.0,0.0,0.07799661,0.0
0.0,1.0,0.36764705,0.0,1.6044403e-05,0.0,0.0,0.0,0.0,0.007432312,0.0,0.0,0.0,0.0,0.0,0.0,0.0,0.0,0.0,0.0,0.0,0.01874736,0.015068978,0.9001957,0.0,0.0,0.0,0.0,1.0,0.0,0.0,0.79285026,1.0,1.0,0.099512,0.0,0.00282228,0.0,0.0,0.08896425,0.0
0.0,0.0,0.029411765,0.1,0.0,0.0,0.0,0.0,0.0,0.0,0.0,0.0,0.0,0.0,0.0,0.0,0.0,0.0,0.0,0.0,0.0,0.0,0.023103721,0.017612524,1.0,1.0,0.0,0.0,0.03,0.06,0.0,0.7791871,1.0,1.0,0.08917668,0.0,0.0,0.0,0.0,0.090039045,0.0
0.0,0.0,0.13235295,0.1,0.0,0.0,0.0,0.0,0.0,0.0,0.0,0.0,0.0,0.0,0.0,0.0,0.0,0.0,0.0,0.0,0.0,0.0,0.023714773,0.0058708414,1.0,1.0,0.0,0.0,0.02,0.07,0.0,0.7679783,1.0,1.0,0.0854755,0.0,0.0,0.0,0.0,0.08674064,0.0
0.0,0.0,0.029411765,0.2,0.0,0.0,0.0,0.0,0.0,0.0,0.0,0.0,0.0,0.0,0.0,0.0,0.0,0.0,0.0,0.0,0.0,0.004796803,0.016687699,0.03522505,0.0,0.0,1.0,1.0,0.07,0.06,0.0,0.77539206,1.0,1.0,0.09338003,0.0,0.0021819621,0.0,0.0,0.08003795,0.0
0.0,0.0,0.029411765,0.2,0.0,0.0,0.0,0.0,0.0,0.0,0.0,0.0,0.0,0.0,0.0,0.0,0.0,0.0,0.0,0.0,0.0,0.0,0.017380051,0.0039138943,0.0,0.0,1.0,1.0,0.02,0.07,0.0,0.76082754,1.0,1.0,0.088760145,0.0,0.0030297935,0.0,0.0,0.0760175,0.0
0.0,0.0,0.029411765,0.2,0.0,0.0,0.0,0.0,0.0,0.0,0.0,0.0,0.0,0.0,0.0,0.0,0.0,0.0,0.0,0.0,0.0,0.0018221736,0.01696872,0.015655577,0.0,0.0,1.0,1.0,0.04,0.07,0.0,0.77045965,1.0,1.0,0.091814004,0.0,0.0021671504,0.0,0.0,0.07920909,0.0
0.0,0.0,0.029411765,0.2,0.0,0.0,0.0,0.0,0.0,0.0,0.0,0.0,0.0,0.0,0.0,0.0,0.0,0.0,0.0,0.0,0.0,0.0038144886,0.016720414,0.037181996,0.0,0.0,1.0,1.0,0.09,0.06,0.0,0.77342117,1.0,1.0,0.09280438,0.0,0.0023885965,0.0,0.0,0.07929966,0.0
0.0,0.0,0.029411765,0.1,0.0,0.0,0.0,0.0,0.0,0.0,0.0,0.0,0.0,0.0,0.0,0.0,0.0,0.0,0.0,0.0,0.0,0.0,0.023187116,0.03522505,1.0,1.0,0.0,0.0,0.09,0.08,0.0,0.780848,1.0,1.0,0.089409076,0.0,0.0,0.0,0.0,0.08987418,0.0
0.0,0.0,0.014705882,0.1,0.0,0.0,0.0,0.0,0.0,0.0,0.0,0.0,0.0,0.0,0.0,0.0,0.0,0.0,0.0,0.0,0.0,0.0,0.023742713,0.0058708414,1.0,1.0,0.0,0.0,0.03,0.06,0.0,0.7669972,1.0,1.0,0.08518758,0.0,0.0,0.0,0.0,0.086482435,0.0
0.0,0.0,0.13235295,0.8,0.0,3.2691223e-05,0.0,0.0,0.0,0.0,0.0,0.0,0.0,0.0,0.0,0.0,0.0,0.0,0.0,0.0,0.0,0.0,0.020054847,0.0019569471,1.0,1.0,0.0,0.0,1.0,0.0,0.0,0.727865,1.0,1.0,0.07720668,0.0,0.0028265417,0.0,0.0,0.07586211,0.0
0.0,0.0,0.029411765,0.2,0.0,0.0,0.0,0.0,0.0,0.0,0.0,0.0,0.0,0.0,0.0,0.0,0.0,0.0,0.0,0.0,0.0,0.0,0.017344348,0.0058708414,0.0,0.0,1.0,1.0,0.03,0.07,0.0,0.761335,1.0,1.0,0.08893519,0.0,0.0029805154,0.0,0.0,0.07620159,0.0
0.0,0.0,0.029411765,0.1,0.0,0.0,0.0,0.0,0.0,0.0,0.0,0.0,0.0,0.0,0.0,0.0,0.0,0.0,0.0,0.0,0.0,0.0,0.0199752,0.03522505,0.46,0.56,0.54,0.44,0.14,0.06,0.0,0.7701837,1.0,1.0,0.08912023,0.0,0.0,0.0,0.0,0.08265671,0.0
0.0,0.0,0.029411765,0.2,0.0,0.0,0.0,0.0,0.0,0.0,0.0,0.0,0.0,0.0,0.0,0.0,0.0,0.0,0.0,0.0,0.0,0.0,0.017338991,0.0039138943,0.0,0.0,1.0,1.0,0.02,0.06,0.0,0.7598078,1.0,1.0,0.08855691,0.0,0.0029567927,0.0,0.0,0.075792044,0.0
0.0,0.0,0.0,0.1,0.0,0.0,0.0,0.0,0.0,0.005021125,0.0,0.0,0.0,0.0,0.0,0.0,0.0,0.0,0.0,0.0,0.0,0.008358538,0.02280499,0.031311154,1.0,1.0,0.0,0.0,0.24,0.06,0.0,0.7942512,1.0,1.0,0.093015455,0.0,0.0,0.0,0.0,0.09152225,0.0
0.0,0.0,0.029411765,0.2,0.0,0.0,0.0,0.0,0.0,0.0,0.0,0.0,0.0,0.0,0.0,0.0,0.0,0.0,0.0,0.0,0.0,0.0,0.020530447,0.01369863,0.0,0.0,1.0,1.0,0.05,0.06,0.0,0.7185575,1.0,1.0,0.07461936,0.0,0.0029756874,0.0,0.0,0.068552405,0.0
0.0,0.0,0.5882353,0.1,0.0,0.0,0.0,0.0,0.0,0.0,0.0,0.0,0.0,0.0,0.0,0.0,0.0,0.0,0.0,0.0,0.0,0.0,0.023313679,0.039138943,1.0,1.0,0.0,0.0,0.13,0.05,0.0,0.7786974,1.0,1.0,0.08866764,0.0,0.0,0.0,0.0,0.08907464,0.0
0.0,0.0,0.029411765,0.2,0.0,0.0,0.0,0.0,0.0,0.0,0.0,0.0,0.0,0.0,0.0,0.0,0.0,0.0,0.0,0.0,0.0,0.003022045,0.01681099,0.021526419,0.0,0.0,1.0,1.0,0.04,0.06,0.0,0.77276766,1.0,1.0,0.09261375,0.0,0.0019399375,0.0,0.0,0.07991883,0.0
0.0,1.0,0.36764705,0.0,1.6426413e-05,0.0,0.0,0.0,0.0,0.006062776,0.0,0.0,0.0,0.0,0.0,0.0,0.0,0.0,0.0,0.0,0.0,0.016827196,0.015447028,0.98630136,0.0,0.0,0.0,0.0,1.0,0.0,0.0,0.7905259,1.0,1.0,0.09860522,0.0,0.0024886876,0.0,0.0,0.088498,0.0
0.0,0.0,0.7941176,0.2,0.0,0.0,0.0,0.0,0.0,0.0,0.0,0.0,0.0,0.0,0.0,0.0,0.0,0.0,0.0,0.0,0.0,0.0008495152,0.016995713,0.031311154,0.0,0.0,1.0,1.0,0.13,0.06,0.0,0.7675437,1.0,1.0,0.090894185,0.0,0.0030337274,0.0,0.0,0.07721883,0.0
0.0,0.0,0.029411765,0.2,0.0,0.0,0.0,0.0,0.0,0.0,0.0,0.0,0.0,0.0,0.0,0.0,0.0,0.0,0.0,0.0,0.0,0.004971236,0.016689919,0.039138943,0.0,0.0,1.0,1.0,0.09,0.06,0.0,0.77540183,1.0,1.0,0.093347676,0.0,0.0023824424,0.0,0.0,0.07973018,0.0
0.0,0.0,0.029411765,0.2,0.0,0.0,0.0,0.0,0.0,0.0,0.0,0.0,0.0,0.0,0.0,0.0,0.0,0.0,0.0,0.0,0.0,0.00057411194,0.017018303,0.0039138943,0.0,0.0,1.0,1.0,0.01,0.06,0.0,0.7688439,1.0,1.0,0.09140352,0.0,0.0018389076,0.0,0.0,0.07931456,0.0
0.0,0.0,0.073529415,0.2,0.0,0.0,0.0,0.0,0.0,0.0,0.0,0.0,0.0,0.0,0.0,0.0,0.0,0.0,0.0,0.0,0.0,0.0,0.017209336,0.0019569471,0.0,0.0,1.0,1.0,0.01,0.07,0.0,0.76330566,1.0,1.0,0.0896871,0.0,0.002373606,0.0,0.0,0.0774208,0.0
0.0,0.0,0.029411765,0.2,0.0,0.0,0.0,0.0,0.0,0.0,0.0,0.0,0.0,0.0,0.0,0.0,0.0,0.0,0.0,0.0,0.0,0.0020055473,0.016903713,0.03522505,0.0,0.0,1.0,1.0,0.12,0.06,0.0,0.7696407,1.0,1.0,0.091550075,0.0,0.0029241294,0.0,0.0,0.07776946,0.0
0.0,0.0,0.029411765,0.2,0.0,0.0,0.0,0.0,0.0,0.0,0.0,0.0,0.0,0.0,0.0,0.0,0.0,0.0,0.0,0.0,0.0,0.0042836666,0.01673694,0.03522505,0.0,0.0,1.0,1.0,0.08,0.06,0.0,0.77430093,1.0,1.0,0.09302028,0.0,0.0023440272,0.0,0.0,0.07958922,0.0
0.0,0.0,0.029411765,0.1,0.0,0.0,0.0,0.0,0.0,0.0,0.0,0.0,0.0,0.0,0.0,0.0,0.0,0.0,0.0,0.0,0.0,0.0,0.023702458,0.007827789,1.0,1.0,0.0,0.0,0.03,0.07,0.0,0.7689589,1.0,1.0,0.08573676,0.0,0.0,0.0,0.0,0.08688623,0.0
0.0,0.0,0.3970588,0.2,0.0,0.0,0.0,0.0,0.0,0.0,0.0,0.0,0.0,0.0,0.0,0.0,0.0,0.0,0.0,0.0,0.0,0.004325539,0.016681142,0.03522505,0.0,0.0,1.0,1.0,0.07,0.06,0.0,0.7745738,1.0,1.0,0.093176745,0.0,0.0021912307,0.0,0.0,0.0797984,0.0
0.0,0.0,0.04411765,0.0,0.0008681168,0.0061771553,0.0,0.0,0.0,0.0,0.0,0.0,0.0,0.0,0.0,0.0,0.0,0.0,0.0,0.0,0.0,0.009757638,0.010621913,0.007827789,0.0,0.0,0.25,0.25,1.0,0.0,0.0,0.7684829,1.0,1.0,0.09634065,0.0,0.009773195,0.0,0.0,0.06676704,0.0
0.0,0.0,0.029411765,0.2,0.0,0.0,0.0,0.0,0.0,0.0,0.0,0.0,0.0,0.0,0.0,0.0,0.0,0.0,0.0,0.0,0.0,0.0022023916,0.016903758,0.039138943,0.0,0.0,1.0,1.0,0.17,0.06,0.0,0.769698,1.0,1.0,0.091533355,0.0,0.0031175762,0.0,0.0,0.07748115,0.0
0.0,0.0,0.029411765,0.2,0.0,0.0,0.0,0.0,0.0,0.0,0.0,0.0,0.0,0.0,0.0,0.0,0.0,0.0,0.0,0.0,0.0,0.0,0.017081052,0.0019569471,0.0,0.0,1.0,1.0,0.0,0.07,0.0,0.767112,1.0,1.0,0.09087577,0.0,0.0019203722,0.0,0.0,0.07888946,0.0
0.12530538,0.0,0.13235295,0.0,0.0,3.2691223e-05,0.0,0.0,0.0,0.0,0.0,0.0,0.0,0.0,0.0,0.0,0.0,0.0,0.0,0.0,0.0,0.0,0.017803945,0.0019569471,0.0,0.0,0.0,0.0,1.0,0.0,0.0,0.7637228,1.0,1.0,0.08866685,0.0,0.0036979914,0.0,0.0,0.080443025,0.0
1.7326518e-05,0.0,0.22058824,0.0,4.1368454e-05,0.00021769383,0.0,0.0,0.0,0.0,0.0,0.0,0.0,0.0,0.0,0.0,0.0,0.0,0.0,0.0,0.0,0.0,0.013870798,0.0039138943,0.0,0.0,0.0,0.0,1.0,0.0,0.0,0.7497456,1.0,1.0,0.088524185,0.0,0.00678958,0.0,0.0,0.07220161,0.0
0.0,0.0,0.029411765,0.2,0.0,0.0,0.0,0.0,0.0,0.0,0.0,0.0,0.0,0.0,0.0,0.0,0.0,0.0,0.0,0.0,0.0,0.0,0.017083175,0.009784736,0.0,0.0,1.0,1.0,0.02,0.06,0.0,0.7662189,1.0,1.0,0.09057652,0.0,0.0023446232,0.0,0.0,0.07799533,0.0
0.0,0.0,0.029411765,0.2,0.0,0.0,0.0,0.0,0.0,0.0,0.0,0.0,0.0,0.0,0.0,0.0,0.0,0.0,0.0,0.0,0.0,0.0,0.017292738,0.009784736,0.0,0.0,1.0,1.0,0.05,0.06,0.0,0.76060987,1.0,1.0,0.08879351,0.0,0.0030656755,0.0,0.0,0.07578534,0.0
0.0,0.0,0.45588234,0.2,0.0,0.0,0.0,0.0,0.0,0.0,0.0,0.0,0.0,0.0,0.0,0.0,0.0,0.0,0.0,0.0,0.0,0.0023683608,0.016841374,0.017612524,0.0,0.0,1.0,1.0,0.03,0.06,0.0,0.77169347,1.0,1.0,0.09231063,0.0,0.0019351393,0.0,0.0,0.07962325,0.0
0.0,0.0,0.029411765,0.1,0.0,0.0,0.0,0.0,0.0,0.0,0.0,0.0,0.0,0.0,0.0,0.0,0.0,0.0,0.0,0.0,0.0,0.0,0.023098461,0.02739726,1.0,1.0,0.0,0.0,0.05,0.06,0.0,0.77930284,1.0,1.0,0.08917887,0.0,0.0,0.0,0.0,0.08993861,0.0
0.0,0.0,0.04411765,0.1,0.0,0.0,0.0,0.0,0.0,0.054275185,0.0,0.0,0.0,0.0,0.0,0.0,0.0027746633,0.025467485,0.0,0.0,0.0,0.07073033,0.014406458,0.12915851,1.0,1.0,0.0,0.0,1.0,0.0,0.0,0.88537276,1.0,1.0,0.12400266,0.0,0.0033703297,0.0,0.0,0.100877464,0.0
0.0,0.0,0.029411765,0.2,0.0,0.0,0.0,0.0,0.0,0.0,0.0,0.0,0.0,0.0,0.0,0.0,0.0,0.0,0.0,0.0,0.0,0.0019715726,0.016921543,0.019569471,0.0,0.0,1.0,1.0,0.04,0.06,0.0,0.7706001,1.0,1.0,0.09189122,0.0,0.0022359043,0.0,0.0,0.07905194,0.0
0.0,0.0,0.029411765,0.2,0.0,0.0,0.0,0.0,0.0,0.0,0.0,0.0,0.0,0.0,0.0,0.0,0.0,0.0,0.0,0.0,0.0,0.0,0.017140292,0.0039138943,0.0,0.0,1.0,1.0,0.01,0.07,0.0,0.7661401,1.0,1.0,0.09051194,0.0,0.0022405833,0.0,0.0,0.078202516,0.0
0.0,0.0,0.029411765,0.2,0.0,0.0,0.0,0.0,0.0,0.0,0.0,0.0,0.0,0.0,0.0,0.0,0.0,0.0,0.0,0.0,0.0,0.0,0.017068364,0.011741683,0.0,0.0,1.0,1.0,0.03,0.06,0.0,0.7656301,1.0,1.0,0.0904438,0.0,0.002295211,0.0,0.0,0.0779936,0.0
0.12832019,0.0,0.13235295,0.0,0.0,3.2691223e-05,0.0,0.0,0.0,0.0,0.0,0.0,0.0,0.0,0.0,0.0,0.0,0.0,0.0,0.0,0.0,0.0,0.01830756,0.0019569471,0.0,0.0,0.0,0.0,1.0,0.0,0.0,0.73319757,1.0,1.0,0.08008861,0.0,0.0041817278,0.0,0.0,0.074946314,0.0
0.0,0.0,0.029411765,0.1,0.0,0.0,0.0,0.0,0.0,0.0,0.0,0.0,0.0,0.0,0.0,0.0,0.0,0.0,0.0,0.0,0.0,0.0,0.023609608,0.0019569471,1.0,1.0,0.0,0.0,0.01,0.11,0.0,0.771044,1.0,1.0,0.086413376,0.0,0.0,0.0,0.0,0.08767906,0.0
0.0,0.0,0.5588235,0.5,0.0,0.0,0.0,0.0,0.0,0.0,0.0,0.0,0.0,0.0,0.0,0.0,0.0,0.0,0.0,0.0,0.0,0.0,0.017296381,0.0039138943,0.0,0.0,1.0,1.0,0.01,0.06,0.0,0.7617171,1.0,1.0,0.08911993,0.0,0.0027854294,0.0,0.0,0.07648024,0.0
0.0,0.0,0.4852941,0.1,0.0,0.0,0.0,0.0,0.0,0.0,0.0,0.0,0.0,0.0,0.0,0.0,0.0,0.0,0.0,0.0,0.0,0.0,0.022991166,0.029354207,1.0,1.0,0.0,0.0,0.05,0.06,0.0,0.7815722,1.0,1.0,0.08990701,0.0,0.0,0.0,0.0,0.090548724,0.0
0.0,0.0,0.13235295,0.8,0.0,3.2691223e-05,0.0,0.0,0.0,0.01743871,0.0,0.0,0.0,0.0,0.0,0.0,0.0,0.0,0.0,0.0,0.0,0.024122179,0.019024357,0.0019569471,1.0,1.0,0.0,0.0,1.0,0.0,0.0,0.8151299,1.0,1.0,0.10161663,0.0,0.0,0.0,0.0,0.09469691,0.0
0.0,0.0,0.029411765,0.1,0.0,0.0,0.0,0.0,0.0,0.0,0.0,0.0,0.0,0.0,0.0,0.0,0.0,0.0,0.0,0.0,0.0,0.0,0.023358643,0.03522505,1.0,1.0,0.0,0.0,0.12,0.05,0.0,0.77731526,1.0,1.0,0.088264234,0.0,0.0,0.0,0.0,0.08879176,0.0
0.0,0.0,0.029411765,0.2,0.0,0.0,0.0,0.0,0.0,0.0,0.0,0.0,0.0,0.0,0.0,0.0,0.0,0.0,0.0,0.0,0.0,0.0,0.017108776,0.0058708414,0.0,0.0,1.0,1.0,0.01,0.06,0.0,0.76559234,1.0,1.0,0.090405546,0.0,0.0022358,0.0,0.0,0.07804951,0.0
0.0,0.0,0.05882353,0.2,0.0,0.0,0.0,0.0,0.0,0.0,0.0,0.0,0.0,0.0,0.0,0.0,0.0,0.0,0.0,0.0,0.0,0.0031491816,0.016765863,0.025440313,0.0,0.0,1.0,1.0,0.05,0.06,0.0,0.77286065,1.0,1.0,0.09267532,0.0,0.002015844,0.0,0.0,0.07974219,0.0
0.0,0.0,0.029411765,0.2,0.0,0.0,0.0,0.0,0.0,0.0,0.0,0.0,0.0,0.0,0.0,0.0,0.0,0.0,0.0,0.0,0.0,0.0008202493,0.017055668,0.009784736,0.0,0.0,1.0,1.0,0.02,0.08,0.0,0.7687564,1.0,1.0,0.091280274,0.0,0.0021921545,0.0,0.0,0.07884511,0.0
0.0,1.0,0.36764705,0.0,1.6426413e-05,0.0,0.0,0.0,0.0,0.00079500675,0.0,0.0,0.0,0.0,0.0,0.0,0.0,0.0,0.0,0.0,0.0,0.01326707,0.014447033,0.32289627,0.0,0.0,0.0,0.0,1.0,0.0,0.0,0.78037953,1.0,1.0,0.09662115,0.0,0.0044721514,0.0,0.0,0.08412713,0.0
0.13999827,0.0,0.13235295,0.0,0.0,1.1144735e-05,0.0,0.0,0.0,0.0,0.0,0.0,0.0,0.0,0.0,0.0,0.0,0.0,0.0,0.0,0.0,0.0,0.033951804,0.0019569471,0.0,0.0,0.0,0.0,1.0,0.0,0.0,0.6397706,0.923519,1.0,0.038552374,0.0,0.009463459,0.0,0.0,0.060930252,0.0
0.0,1.0,0.36764705,0.0,1.6044403e-05,0.0,0.0,0.0,0.0,0.006014377,0.0,0.0,0.0,0.0,0.0,0.0,0.0,0.0,0.0,0.0,0.0,0.017648876,0.014957815,0.78277886,0.0,0.0,0.0,0.0,1.0,0.0,0.0,0.7901499,1.0,1.0,0.098842286,0.0,0.0032290667,0.0,0.0,0.08811551,0.0
0.0,0.0,0.04411765,0.2,0.0,0.0,0.0,0.0,0.0,0.010890156,0.0,0.0,0.0,0.0,0.0,0.0,0.0,0.0,0.0,0.0,0.0,0.019481242,0.017353334,0.019569471,0.0,0.0,1.0,1.0,0.91,0.18,0.0,0.8016366,1.0,1.0,0.09935426,0.0,0.0014537275,0.0,0.0,0.090311766,0.0
0.0,1.0,0.36764705,0.0,1.6426413e-05,0.0,0.0,0.0,0.0,0.0019388795,0.0,0.0,0.0,0.0,0.0,0.0,0.0,0.0,0.0,0.0,0.0,0.014287144,0.014576957,0.42857143,0.0,0.0,0.0,0.0,1.0,0.0,0.0,0.78249073,1.0,1.0,0.097064815,0.0,0.0042446107,0.0,0.0,0.08515391,0.0
0.0,0.0,0.42647058,0.2,0.0,0.0,0.0,0.0,0.0,0.0,0.0,0.0,0.0,0.0,0.0,0.0,0.0,0.0,0.0,0.0,0.0,0.0003363788,0.01704555,0.023483366,0.0,0.0,1.0,1.0,0.08,0.06,0.0,0.7669457,1.0,1.0,0.09071716,0.0,0.0028684586,0.0,0.0,0.077334076,0.0
0.03564065,0.0,0.04411765,0.3,0.001155006,0.0,0.0,0.0,0.0,0.017101794,0.0,0.0,0.0,0.0,0.0,0.0,0.00030668825,0.00063195825,0.0,0.0,0.0,0.035743743,0.010154828,0.015655577,0.0,0.0,1.0,1.0,1.0,0.0,0.0,0.8134997,1.0,1.0,0.108622305,0.0,0.0094420165,0.0,0.0,0.07555023,0.0
0.0,0.0,0.029411765,0.1,0.0,0.0,0.0,0.0,0.0,0.0,0.0,0.0,0.0,0.0,0.0,0.0,0.0,0.0,0.0,0.0,0.0,0.0,0.023061216,0.031311154,1.0,1.0,0.0,0.0,0.06,0.06,0.0,0.7811829,1.0,1.0,0.08969516,0.0,0.0,0.0,0.0,0.09030548,0.0
0.0,1.0,0.36764705,0.0,1.6426413e-05,0.0,0.0,0.0,0.0,0.0,0.0,0.0,0.0,0.0,0.0,0.0,0.0,0.0,0.0,0.0,0.0,0.0,0.02476465,0.9941292,0.0,0.0,0.0,0.0,1.0,0.0,0.0,0.6850276,0.98138916,1.0,0.061699934,0.0,0.0020011216,0.0,0.0,0.067628354,0.0
0.0,0.0,0.029411765,0.2,0.0,0.0,0.0,0.0,0.0,0.0,0.0,0.0,0.0,0.0,0.0,0.0,0.0,0.0,0.0,0.0,0.0,0.001190126,0.016934939,0.021526419,0.0,0.0,1.0,1.0,0.05,0.06,0.0,0.7690562,1.0,1.0,0.091456406,0.0,0.0023791343,0.0,0.0,0.078489214,0.0
0.0,0.0,0.13235295,0.8,0.0,3.2691223e-05,0.0,0.0,0.0,0.007536918,0.0,0.0,0.0,0.0,0.0,0.0,0.0,0.0,0.0,0.0,0.0,0.013231456,0.018585764,0.0019569471,1.0,1.0,0.0,0.0,1.0,0.0,0.0,0.7956246,1.0,1.0,0.096894585,0.0,0.0,0.0,0.0,0.09039682,0.0
0.0,0.0,0.2647059,0.2,0.0,0.0,0.0,0.0,0.0,0.0,0.0,0.0,0.0,0.0,0.0,0.0,0.0,0.0,0.0,0.0,0.0,0.0,0.017156579,0.015655577,0.0,0.0,1.0,1.0,0.06,0.06,0.0,0.76340413,1.0,1.0,0.08968698,0.0,0.002878517,0.0,0.0,0.07659805,0.0
0.0,0.0,0.04411765,0.1,0.0,0.0,0.0,0.0,0.0,0.056762606,0.0,0.0,0.0,0.0,0.0,0.0,0.0016266182,0.023539484,0.0,0.0,0.0,0.06919235,0.018433146,0.113502935,1.0,1.0,0.0,0.0,1.0,0.0,0.0,0.891055,1.0,1.0,0.122019164,0.0,0.0,0.0,0.0,0.10975829,0.0
0.0,0.0,0.029411765,0.2,0.0,0.0,0.0,0.0,0.0,0.0,0.0,0.0,0.0,0.0,0.0,0.0,0.0,0.0,0.0,0.0,0.0,0.0,0.017110221,0.007827789,0.0,0.0,1.0,1.0,0.02,0.06,0.0,0.76590097,1.0,1.0,0.09046402,0.0,0.0023657382,0.0,0.0,0.07788929,0.0
0.0,0.0,0.30882353,0.1,0.0,0.0,0.0,0.0,0.0,0.0,0.0,0.0,0.0,0.0,0.0,0.0,0.0,0.0,0.0,0.0,0.0,0.0,0.02332732,0.007827789,1.0,1.0,0.0,0.0,0.02,0.07,0.0,0.7746519,1.0,1.0,0.08773156,0.0,0.0,0.0,0.0,0.08884248,0.0
0.13227063,0.0,0.13235295,0.0,0.0,3.2691223e-05,0.0,0.0,0.0,0.0,0.0,0.0,0.0,0.0,0.0,0.0,0.0,0.0,0.0,0.0,0.0,0.0,0.01932843,0.0019569471,0.0,0.0,0.0,0.0,1.0,0.0,0.0,0.75319016,1.0,1.0,0.084605865,0.0,0.0023654252,0.0,0.0,0.081474215,0.0
0.13282509,0.0,0.13235295,0.0,0.0,3.2691223e-05,0.0,0.0,0.0,0.0,0.0,0.0,0.0,0.0,0.0,0.0,0.0,0.0,0.0,0.0,0.0,0.0,0.019636564,0.0019569471,0.0,0.0,0.0,0.0,1.0,0.0,0.0,0.74667823,1.0,1.0,0.08259291,0.0,0.0024493784,0.0,0.0,0.07989466,0.0
0.0,0.0,0.029411765,0.1,0.0,0.0,0.0,0.0,0.0,0.0,0.0,0.0,0.0,0.0,0.0,0.0,0.0,0.0,0.0,0.0,0.0,0.0,0.02362772,0.01369863,1.0,1.0,0.0,0.0,0.06,0.06,0.0,0.77070236,1.0,1.0,0.08626779,0.0,0.0,0.0,0.0,0.08729187,0.0
0.0,0.0,0.029411765,0.2,0.0,0.0,0.0,0.0,0.0,0.0,0.0,0.0,0.0,0.0,0.0,0.0,0.0,0.0,0.0,0.0,0.0,0.0016126633,0.016965717,0.017612524,0.0,0.0,1.0,1.0,0.04,0.07,0.0,0.7699027,1.0,1.0,0.09165358,0.0,0.0023134202,0.0,0.0,0.07878989,0.0
0.0,1.0,0.36764705,0.0,1.6044403e-05,0.0,0.0,0.0,0.0,0.0,0.0,0.0,0.0,0.0,0.0,0.0,0.0,0.0,0.0,0.0,0.0,0.012209237,0.014312379,0.21330725,0.0,0.0,0.0,0.0,1.0,0.0,0.0,0.77819014,1.0,1.0,0.09616106,0.0,0.0047080964,0.0,0.0,0.08306235,0.0
0.0,0.0,0.19117647,0.2,0.0,0.0,0.0,0.0,0.0,0.0,0.0,0.0,0.0,0.0,0.0,0.0,0.0,0.0,0.0,0.0,0.0,0.0,0.017112397,0.021526419,0.0,0.0,1.0,1.0,0.08,0.06,0.0,0.7641587,1.0,1.0,0.08990794,0.0,0.0029944777,0.0,0.0,0.07657194,0.0
0.0,0.0,0.029411765,0.2,0.0,0.0,0.0,0.0,0.0,0.0,0.0,0.0,0.0,0.0,0.0,0.0,0.0,0.0,0.0,0.0,0.0,0.0,0.017163225,0.019569471,0.0,0.0,1.0,1.0,0.09,0.07,0.0,0.7642795,1.0,1.0,0.08987359,0.0,0.0030626506,0.0,0.0,0.07654929,0.0
0.0,1.0,0.36764705,0.0,1.6044403e-05,0.0,0.0,0.0,0.0,0.0,0.0,0.0,0.0,0.0,0.0,0.0,0.0,0.0,0.0,0.0,0.0,0.012454778,0.014343604,0.23874755,0.0,0.0,0.0,0.0,1.0,0.0,0.0,0.7786983,1.0,1.0,0.09626787,0.0,0.0046533495,0.0,0.0,0.08330953,0.0
0.0,1.0,0.36764705,0.0,1.6044403e-05,0.0,0.0,0.0,0.0,0.00096446276,0.0,0.0,0.0,0.0,0.0,0.0,0.0,0.0,0.0,0.0,0.0,0.013418138,0.014466278,0.33855185,0.0,0.0,0.0,0.0,1.0,0.0,0.0,0.78069234,1.0,1.0,0.09668689,0.0,0.004438445,0.0,0.0,0.08427921,0.0
0.0,0.0,0.029411765,0.2,0.0,0.0,0.0,0.0,0.0,0.0,0.0,0.0,0.0,0.0,0.0,0.0,0.0,0.0,0.0,0.0,0.0,0.0005248189,0.016980425,0.009784736,0.0,0.0,1.0,1.0,0.02,0.06,0.0,0.7684957,1.0,1.0,0.09132733,0.0,0.0020063967,0.0,0.0,0.07893172,0.0
0.0,0.0,0.5588235,0.5,0.0,0.0,0.0,0.0,0.0,0.0,0.0,0.0,0.0,0.0,0.0,0.0,0.0,0.0,0.0,0.0,0.0,0.00040131807,0.017048523,0.029354207,0.0,0.0,1.0,1.0,0.14,0.07,0.0,0.76665664,1.0,1.0,0.090593986,0.0,0.0031394064,0.0,0.0,0.07687867,0.0
0.0,1.0,0.36764705,0.0,1.6426413e-05,0.0,0.0,0.0,0.0,0.0044783354,0.0,0.0,0.0,0.0,0.0,0.0,0.0,0.0,0.0,0.0,0.0,0.01645884,0.014837392,0.6555773,0.0,0.0,0.0,0.0,1.0,0.0,0.0,0.78722453,1.0,1.0,0.09811684,0.0,0.003669694,0.0,0.0,0.08719596,0.0
0.0,0.0,0.029411765,0.2,0.0,0.0,0.0,0.0,0.0,0.0,0.0,0.0,0.0,0.0,0.0,0.0,0.0,0.0,0.0,0.0,0.0,0.0,0.01702968,0.02739726,0.0,0.0,1.0,1.0,0.1,0.06,0.0,0.7657671,1.0,1.0,0.09041046,0.0,0.0029835403,0.0,0.0,0.076896876,0.0
0.0,0.0,0.04411765,0.0,0.0008681168,0.0061771553,0.0,0.0,0.0,0.0,0.0,0.0,0.0,0.0,0.0,0.0,0.0,0.0,0.0,0.0,0.0,0.0070354044,0.010770895,0.009784736,0.0,0.0,0.0,0.0,1.0,0.0,0.0,0.7638209,1.0,1.0,0.094967626,0.0,0.009765178,0.0,0.0,0.06613803,0.0
0.0,0.0,0.029411765,0.2,0.0,0.0,0.0,0.0,0.0,0.0,0.0,0.0,0.0,0.0,0.0,0.0,0.0,0.0,0.0,0.0,0.0,0.0010448992,0.016951464,0.007827789,0.0,0.0,1.0,1.0,0.01,0.06,0.0,0.76974964,1.0,1.0,0.091720276,0.0,0.001743272,0.0,0.0,0.07964033,0.0
0.0,0.0,0.5294118,0.2,0.0,0.0,0.0,0.0,0.0,0.0,0.0,0.0,0.0,0.0,0.0,0.0,0.0,0.0,0.0,0.0,0.0,0.0047035813,0.01671563,0.039138943,0.0,0.0,1.0,1.0,0.1,0.06,0.0,0.7748326,1.0,1.0,0.093159996,0.0,0.0024669468,0.0,0.0,0.079496086,0.0
0.0,0.0,0.63235295,0.5,0.0,0.0,0.0,0.0,0.0,0.0,0.0,0.0,0.0,0.0,0.0,0.0,0.0,0.0,0.0,0.0,0.0,0.0018900633,0.016933724,0.039138943,0.0,0.0,1.0,1.0,0.19,0.06,0.0,0.7690339,1.0,1.0,0.0913144,0.0,0.003216222,0.0,0.0,0.07720807,0.0
0.0,0.0,0.029411765,0.1,0.0,0.0,0.0,0.0,0.0,0.0,0.0,0.0,0.0,0.0,0.0,0.0,0.0,0.0,0.0,0.0,0.0,0.0,0.023078978,0.029354207,1.0,1.0,0.0,0.0,0.06,0.07,0.0,0.78098273,1.0,1.0,0.08962595,0.0,0.0,0.0,0.0,0.090240836,0.0
0.0,0.0,0.60294116,0.5,0.0,0.0,0.0,0.0,0.0,0.0,0.0,0.0,0.0,0.0,0.0,0.0,0.0,0.0,0.0,0.0,0.0,0.0,0.01728084,0.011741683,0.0,0.0,1.0,1.0,0.06,0.07,0.0,0.761556,1.0,1.0,0.08904668,0.0,0.0030633658,0.0,0.0,0.076052845,0.0
0.0,0.0,0.029411765,0.1,0.0,0.0,0.0,0.0,0.0,0.0,0.0,0.0,0.0,0.0,0.0,0.0,0.0,0.0,0.0,0.0,0.0,0.0,0.023609921,0.01369863,1.0,1.0,0.0,0.0,0.05,0.06,0.0,0.770944,1.0,1.0,0.08635528,0.0,0.0,0.0,0.0,0.08737895,0.0
0.0,0.0,0.6617647,0.5,0.0,0.0,0.0,0.0,0.0,0.0,0.0,0.0,0.0,0.0,0.0,0.0,0.0,0.0,0.0,0.0,0.0,0.0,0.017179556,0.0019569471,0.0,0.0,1.0,1.0,0.0,0.08,0.0,0.7649301,1.0,1.0,0.09015625,0.0,0.0022444725,0.0,0.0,0.07799202,0.0
0.0,0.0,0.32352942,0.5,0.0,0.0,0.0,0.0,0.0,0.0,0.0,0.0,0.0,0.0,0.0,0.0,0.0,0.0,0.0,0.0,0.0,0.0067782104,0.016516544,0.039138943,0.0,0.0,1.0,1.0,0.07,0.06,0.0,0.77924407,1.0,1.0,0.09461465,0.0,0.0018115789,0.0,0.0,0.08131042,0.0
1.7326518e-05,0.0,0.22058824,0.0,4.1368454e-05,0.00021769383,0.0,0.0,0.0,0.0,0.0,0.0,0.0,0.0,0.0,0.0,0.0,0.0,0.0,0.0,0.0,0.0,0.013760351,0.0058708414,0.0,0.0,0.0,0.0,1.0,0.0,0.0,0.7510117,1.0,1.0,0.08893701,0.0,0.0068738163,0.0,0.0,0.07259938,0.0
0.0,0.0,0.029411765,0.1,0.0,0.0,0.0,0.0,0.0,0.0,0.0,0.0,0.0,0.0,0.0,0.0,0.0,0.0,0.0,0.0,0.0,0.0,0.02339723,0.037181996,1.0,1.0,0.0,0.0,0.15,0.07,0.0,0.7767502,1.0,1.0,0.08805629,0.0,0.0,0.0,0.0,0.08858073,0.0
0.0,0.0,0.029411765,0.2,0.0,0.0,0.0,0.0,0.0,0.0,0.0,0.0,0.0,0.0,0.0,0.0,0.0,0.0,0.0,0.0,0.0,0.0,0.017170742,0.01369863,0.0,0.0,1.0,1.0,0.05,0.06,0.0,0.7633709,1.0,1.0,0.08966837,0.0,0.002857402,0.0,0.0,0.076609105,0.0
0.0,0.0,0.029411765,0.2,0.0,0.0,0.0,0.0,0.0,0.0,0.0,0.0,0.0,0.0,0.0,0.0,0.0,0.0,0.0,0.0,0.0,0.0032654405,0.016796798,0.02739726,0.0,0.0,1.0,1.0,0.06,0.06,0.0,0.77285826,1.0,1.0,0.092615716,0.0,0.002154529,0.0,0.0,0.0796195,0.0
0.0,0.0,0.029411765,0.1,0.0,0.0,0.0,0.0,0.0,0.0,0.0,0.0,0.0,0.0,0.0,0.0,0.0,0.0,0.0,0.0,0.0,0.0,0.022985727,0.02739726,1.0,1.0,0.0,0.0,0.05,0.05,0.0,0.78083324,1.0,1.0,0.08973325,0.0,0.0,0.0,0.0,0.09049013,0.0
0.12901326,0.0,0.13235295,0.0,0.0,3.2691223e-05,0.0,0.0,0.0,0.0,0.0,0.0,0.0,0.0,0.0,0.0,0.0,0.0,0.0,0.0,0.0,0.0,0.018467434,0.0019569471,0.0,0.0,0.0,0.0,1.0,0.0,0.0,0.7354537,1.0,1.0,0.08056777,0.0,0.0038738549,0.0,0.0,0.07597461,0.0
0.0,0.0,0.029411765,0.2,0.0,0.0,0.0,0.0,0.0,0.0,0.0,0.0,0.0,0.0,0.0,0.0,0.0,0.0,0.0,0.0,0.0,0.004781157,0.01672209,0.031311154,0.0,0.0,1.0,1.0,0.06,0.06,0.0,0.7755362,1.0,1.0,0.093396656,0.0,0.002070859,0.0,0.0,0.08031216,0.0
0.0,0.0,0.029411765,0.1,0.0,0.0,0.0,0.0,0.0,0.0,0.0,0.0,0.0,0.0,0.0,0.0,0.0,0.0,0.0,0.0,0.0,0.0,0.023383617,0.037181996,1.0,1.0,0.0,0.0,0.13,0.06,0.0,0.776333,1.0,1.0,0.087972574,0.0,0.0,0.0,0.0,0.08852574,0.0
0.035935197,0.0,0.04411765,0.3,0.001155006,0.0,0.0,0.0,0.0,0.0,0.0,0.0,0.0,0.0,0.0,0.0,0.0,0.0,0.0,0.0,0.0,0.009943485,0.010925457,0.015655577,0.0,0.0,1.0,1.0,1.0,0.0,0.0,0.7689538,1.0,1.0,0.09615352,0.0,0.009668738,0.0,0.0,0.06764102,0.0
0.0,0.0,0.3970588,0.2,0.0,0.0,0.0,0.0,0.0,0.0,0.0,0.0,0.0,0.0,0.0,0.0,0.0,0.0,0.0,0.0,0.0,0.004507959,0.016644694,0.031311154,0.0,0.0,1.0,1.0,0.06,0.06,0.0,0.7753228,1.0,1.0,0.09345936,0.0,0.001878038,0.0,0.0,0.08041829,0.0
0.0,0.0,0.029411765,0.2,0.0,0.0,0.0,0.0,0.0,0.0,0.0,0.0,0.0,0.0,0.0,0.0,0.0,0.0,0.0,0.0,0.0,0.0031761527,0.016805932,0.019569471,0.0,0.0,1.0,1.0,0.04,0.06,0.0,0.7731614,1.0,1.0,0.09273588,0.0,0.0018553883,0.0,0.0,0.080105454,0.0
0.0,0.0,0.029411765,0.1,0.0,0.0,0.0,0.0,0.0,0.0,0.0,0.0,0.0,0.0,0.0,0.0,0.0,0.0,0.0,0.0,0.0,0.0,0.023746878,0.007827789,1.0,1.0,0.0,0.0,0.04,0.06,0.0,0.7683549,1.0,1.0,0.085517965,0.0,0.0,0.0,0.0,0.08666855,0.0
0.0,0.0,0.029411765,0.2,0.0,0.0,0.0,0.0,0.0,0.0,0.0,0.0,0.0,0.0,0.0,0.0,0.0,0.0,0.0,0.0,0.0,0.0052612126,0.016662106,0.039138943,0.0,0.0,1.0,1.0,0.09,0.07,0.0,0.7760184,1.0,1.0,0.09355099,0.0,0.0022907555,0.0,0.0,0.07998377,0.0
0.0,0.0,0.029411765,0.2,0.0,0.0,0.0,0.0,0.0,0.0,0.0,0.0,0.0,0.0,0.0,0.0,0.0,0.0,0.0,0.0,0.0,0.0,0.017247751,0.009784736,0.0,0.0,1.0,1.0,0.04,0.06,0.0,0.761606,1.0,1.0,0.08912196,0.0,0.002917692,0.0,0.0,0.076195,0.0
0.0,0.0,0.029411765,0.1,0.0,0.0,0.0,0.0,0.0,0.0,0.0,0.0,0.0,0.0,0.0,0.0,0.0,0.0,0.0,0.0,0.0,0.0,0.0232699,0.019569471,1.0,1.0,0.0,0.0,0.05,0.06,0.0,0.7768905,1.0,1.0,0.08834138,0.0,0.0,0.0,0.0,0.089203954,0.0
0.0,0.0,0.38235295,0.2,0.0,0.0,0.0,0.0,0.0,0.0,0.0,0.0,0.0,0.0,0.0,0.0,0.0,0.0,0.0,0.0,0.0,0.002465099,0.016926005,0.019569471,0.0,0.0,1.0,1.0,0.05,0.07,0.0,0.77146554,1.0,1.0,0.092110164,0.0,0.0022196025,0.0,0.0,0.07931098,0.0
0.0,0.0,0.029411765,0.2,0.0,0.0,0.0,0.0,0.0,0.0,0.0,0.0,0.0,0.0,0.0,0.0,0.0,0.0,0.0,0.0,0.0,0.0006234944,0.017055616,0.0058708414,0.0,0.0,1.0,1.0,0.01,0.07,0.0,0.76869905,1.0,1.0,0.09129696,0.0,0.0019987375,0.0,0.0,0.0791333,0.0
0.015541887,0.0,0.04411765,0.3,6.214023e-05,0.0,0.0,0.0,0.0,0.052634835,0.0,0.0,0.0,0.0,0.0,0.0027084798,0.0045838803,0.031002194,0.0,0.0,0.0,0.07531911,0.008855268,0.05479452,0.18,0.18,0.82,0.82,1.0,0.0,0.0,0.88170063,1.0,1.0,0.12782916,0.0,0.009112895,0.0,0.0,0.08764073,0.0
1.7326518e-05,0.0,0.22058824,0.0,4.1368454e-05,0.00021769383,0.0,0.0,0.0,0.0,0.0,0.0,0.0,0.0,0.0,0.0,0.0,0.0,0.0,0.0,0.0,0.0,0.013784729,0.0039138943,0.0,0.0,0.0,0.0,1.0,0.0,0.0,0.7505845,1.0,1.0,0.0888029,0.0,0.006874189,0.0,0.0,0.07248092,0.0
0.0,0.0,0.029411765,0.2,0.0,0.0,0.0,0.0,0.0,0.0,0.0,0.0,0.0,0.0,0.0,0.0,0.0,0.0,0.0,0.0,0.0,0.0,0.017038211,0.02739726,0.0,0.0,1.0,1.0,0.11,0.05,0.0,0.7655773,1.0,1.0,0.09034789,0.0,0.0030117333,0.0,0.0,0.076818824,0.0
0.0,0.0,0.029411765,0.2,0.0,0.0,0.0,0.0,0.0,0.0,0.0,0.0,0.0,0.0,0.0,0.0,0.0,0.0,0.0,0.0,0.0,0.0011335015,0.01699718,0.0332681,0.0,0.0,1.0,1.0,0.15,0.07,0.0,0.7678524,1.0,1.0,0.09095263,0.0,0.0031636655,0.0,0.0,0.07705867,0.0
0.0,0.0,0.3970588,0.1,0.0,0.0,0.0,0.0,0.0,0.0,0.0,0.0,0.0,0.0,0.0,0.0,0.0,0.0,0.0,0.0,0.0,0.00021317601,0.02293311,0.03522505,1.0,1.0,0.0,0.0,0.06,0.06,0.0,0.7836927,1.0,1.0,0.0905071,0.0,0.0,0.0,0.0,0.090994805,0.0
1.7326518e-05,0.0,0.22058824,0.0,4.1368454e-05,0.00021769383,0.0,0.0,0.0,0.0,0.0,0.0,0.0,0.0,0.0,0.0,0.0,0.0,0.0,0.0,0.0,0.0,0.0140202865,0.0039138943,0.0,0.0,0.33,0.0,0.67,0.67,0.0,0.74832964,1.0,1.0,0.08805067,0.0,0.006640777,0.0,0.0,0.07173297,0.0
0.0,0.0,0.0882353,0.2,0.0,0.0,0.0,0.0,0.0,0.0,0.0,0.0,0.0,0.0,0.0,0.0,0.0,0.0,0.0,0.0,0.0,0.0,0.017115965,0.023483366,0.0,0.0,1.0,1.0,0.11,0.06,0.0,0.7644198,1.0,1.0,0.08995078,0.0,0.0031315237,0.0,0.0,0.07639223,0.0
0.0,0.0,0.47058824,0.1,0.0,0.0,0.0,0.0,0.0,0.0,0.0,0.0,0.0,0.0,0.0,0.0,0.0,0.0,0.0,0.0,0.0,0.0,0.023633175,0.017612524,1.0,1.0,0.0,0.0,0.08,0.07,0.0,0.7714,1.0,1.0,0.08642321,0.0,0.0,0.0,0.0,0.08732805,0.0
0.0,0.0,0.19117647,0.2,0.0,0.0,0.0,0.0,0.0,0.0,0.0,0.0,0.0,0.0,0.0,0.0,0.0,0.0,0.0,0.0,0.0,0.0013015568,0.016924806,0.01369863,0.0,0.0,1.0,1.0,0.03,0.06,0.0,0.76978624,1.0,1.0,0.091717295,0.0,0.0020165741,0.0,0.0,0.07915071,0.0
0.0,0.0,0.04411765,0.1,0.0,0.0,0.0,0.0,0.0,0.057729214,0.0,0.0,0.0,0.0,0.0,0.0,0.0019791275,0.024221778,0.0,0.0,0.0,0.07050255,0.01788564,0.17612524,1.0,1.0,0.0,0.0,1.0,0.0,0.0,0.89246523,1.0,1.0,0.12288817,0.0,0.0,0.0,0.0,0.109876394,0.0
0.0,0.0,0.04411765,0.1,0.0,0.0,0.0,0.0,0.0,0.05722961,0.0,0.0,0.0,0.0,0.0,0.0,0.0023296252,0.024704784,0.0,0.0,0.0,0.071278244,0.016551912,0.21722114,1.0,1.0,0.0,0.0,1.0,0.0,0.0,0.8910172,1.0,1.0,0.12365664,0.0,0.00089396536,0.0,0.0,0.10755339,0.0
0.0,0.0,0.029411765,0.1,0.0,0.0,0.0,0.0,0.0,0.0,0.0,0.0,0.0,0.0,0.0,0.0,0.0,0.0,0.0,0.0,0.0,0.0,0.022964478,0.031311154,1.0,1.0,0.0,0.0,0.05,0.06,0.0,0.7818934,1.0,1.0,0.09001998,0.0,0.0,0.0,0.0,0.09065691,0.0
0.0,0.0,0.029411765,0.2,0.0,0.0,0.0,0.0,0.0,0.0,0.0,0.0,0.0,0.0,0.0,0.0,0.0,0.0,0.0,0.0,0.0,0.0035068989,0.016792528,0.031311154,0.0,0.0,1.0,1.0,0.07,0.06,0.0,0.7730104,1.0,1.0,0.09263029,0.0,0.0023338944,0.0,0.0,0.0793702,0.0
0.015559213,0.0,0.04411765,0.3,0.0009923336,0.0,0.0,0.0,0.0,0.033748597,0.0,0.0,0.0,0.0,0.0,0.0,0.002616413,0.015450507,0.0,0.0,0.0,0.054487288,0.009261951,0.045009784,0.0,0.0,1.0,1.0,1.0,0.0,0.0,0.8455013,1.0,1.0,0.11791196,0.0,0.009483397,0.0,0.0,0.080325216,0.0
0.0,0.0,0.029411765,0.2,0.0,0.0,0.0,0.0,0.0,0.0,0.0,0.0,0.0,0.0,0.0,0.0,0.0,0.0,0.0,0.0,0.0,0.0,0.017166696,0.0019569471,0.0,0.0,1.0,1.0,0.0,0.07,0.0,0.7652148,1.0,1.0,0.0902501,0.0,0.0022022128,0.0,0.0,0.078109056,0.0
0.0,0.0,0.029411765,0.2,0.0,0.0,0.0,0.0,0.0,0.0,0.0,0.0,0.0,0.0,0.0,0.0,0.0,0.0,0.0,0.0,0.0,0.0,0.017018892,0.0058708414,0.0,0.0,1.0,1.0,0.01,0.07,0.0,0.76758456,1.0,1.0,0.09106245,0.0,0.0019397885,0.0,0.0,0.078868866,0.0
0.0,0.0,0.029411765,0.2,0.0,0.0,0.0,0.0,0.0,0.0,0.0,0.0,0.0,0.0,0.0,0.0,0.0,0.0,0.0,0.0,0.0,0.0,0.01703401,0.02739726,0.0,0.0,1.0,1.0,0.1,0.05,0.0,0.7656722,1.0,1.0,0.09037913,0.0,0.002997607,0.0,0.0,0.076857865,0.0
0.0,0.0,0.04411765,0.2,0.0,0.0,0.0,0.0,0.0,0.0010969341,0.0,0.0,0.0,0.0,0.0,0.0,0.0,0.0,0.0,0.0,0.0,0.012024522,0.016347922,0.0019569471,0.0,0.0,1.0,1.0,0.33,0.67,0.0,0.78470755,1.0,1.0,0.095802866,0.0,0.00411959,0.0,0.0,0.07918343,0.0
0.0,0.0,0.7647059,0.2,0.0,0.0,0.0,0.0,0.0,0.0,0.0,0.0,0.0,0.0,0.0,0.0,0.0,0.0,0.0,0.0,0.0,0.00045582652,0.016996786,0.007827789,0.0,0.0,1.0,1.0,0.02,0.06,0.0,0.768415,1.0,1.0,0.091293,0.0,0.0019923002,0.0,0.0,0.078923315,0.0
0.0,0.0,0.029411765,0.2,0.0,0.0,0.0,0.0,0.0,0.0,0.0,0.0,0.0,0.0,0.0,0.0,0.0,0.0,0.0,0.0,0.0,0.0018416047,0.016915642,0.007827789,0.0,0.0,1.0,1.0,0.01,0.06,0.0,0.7711779,1.0,1.0,0.0921376,0.0,0.0016940087,0.0,0.0,0.0799627,0.0
0.0,0.0,0.14705883,0.1,0.0,0.0,0.0,0.0,0.0,0.0019245446,0.0,0.0,0.0,0.0,0.0,0.0,0.0,0.0,0.0,0.0,0.0,0.005059302,0.022957869,0.023483366,1.0,1.0,0.0,0.0,0.27,0.09,0.0,0.7884692,1.0,1.0,0.0913439,0.0,0.0,0.0,0.0,0.090200365,0.0
0.12734991,0.0,0.13235295,0.0,0.0,3.2691223e-05,0.0,0.0,0.0,0.0,0.0,0.0,0.0,0.0,0.0,0.0,0.0,0.0,0.0,0.0,0.0,0.0,0.018061876,0.0019569471,0.0,0.0,0.0,0.0,1.0,0.0,0.0,0.73795104,1.0,1.0,0.08158874,0.0,0.004168898,0.0,0.0,0.07544845,0.0
0.0,0.0,0.5882353,0.2,0.0,0.0,0.0,0.0,0.0,0.0,0.0,0.0,0.0,0.0,0.0,0.0,0.0,0.0,0.0,0.0,0.0,0.0009736419,0.016989157,0.009784736,0.0,0.0,1.0,1.0,0.02,0.06,0.0,0.76926637,1.0,1.0,0.09151494,0.0,0.0020041615,0.0,0.0,0.07915178,0.0
0.0,0.0,0.029411765,0.2,0.0,0.0,0.0,0.0,0.0,0.0,0.0,0.0,0.0,0.0,0.0,0.0,0.0,0.0,0.0,0.0,0.0,0.0,0.017043233,0.023483366,0.0,0.0,1.0,1.0,0.08,0.05,0.0,0.7660326,1.0,1.0,0.090482585,0.0,0.0028918535,0.0,0.0,0.077055484,0.0
0.0,0.0,0.029411765,0.2,0.0,0.0,0.0,0.0,0.0,0.0,0.0,0.0,0.0,0.0,0.0,0.0,0.0,0.0,0.0,0.0,0.0,0.0001834929,0.016979642,0.021526419,0.0,0.0,1.0,1.0,0.06,0.06,0.0,0.7670995,1.0,1.0,0.09087769,0.0,0.0025575757,0.0,0.0,0.07778147,0.0
0.0,0.0,0.029411765,0.2,0.0,0.0,0.0,0.0,0.0,0.0,0.0,0.0,0.0,0.0,0.0,0.0,0.0,0.0,0.0,0.0,0.0,0.0027503967,0.016855992,0.025440313,0.0,0.0,1.0,1.0,0.06,0.07,0.0,0.771829,1.0,1.0,0.09226858,0.0,0.0022813678,0.0,0.0,0.07922089,0.0
0.0,0.0,0.029411765,0.2,0.0,0.0,0.0,0.0,0.0,0.0,0.0,0.0,0.0,0.0,0.0,0.0,0.0,0.0,0.0,0.0,0.0,0.003045082,0.016870312,0.019569471,0.0,0.0,1.0,1.0,0.04,0.07,0.0,0.77269876,1.0,1.0,0.09251683,0.0,0.0020363778,0.0,0.0,0.07981822,0.0
0.0,0.0,0.04411765,0.0,0.0008681168,0.0061771553,0.0,0.0,0.0,0.0,0.0,0.0,0.0,0.0,0.0,0.0,0.0,0.0,0.0,0.0,0.0,0.00729087,0.010709576,0.007827789,0.0,0.0,0.0,0.0,1.0,0.0,0.0,0.7642304,1.0,1.0,0.095136605,0.0,0.009789243,0.0,0.0,0.066046864,0.0
0.0,0.0,0.42647058,0.2,0.0,0.0,0.0,0.0,0.0,0.0,0.0,0.0,0.0,0.0,0.0,0.0,0.0,0.0,0.0,0.0,0.0,0.0,0.017129697,0.021526419,0.0,0.0,1.0,1.0,0.09,0.07,0.0,0.76473963,1.0,1.0,0.09003302,0.0,0.0030204207,0.0,0.0,0.07671389,0.0
0.0,0.0,0.04411765,0.2,0.0,0.0,0.0,0.0,0.0,0.015404135,0.0,0.0,0.0,0.0,0.0,0.0,0.0,0.0,0.0,0.0,0.0,0.024524152,0.01704909,0.039138943,0.0,0.0,1.0,1.0,0.95,0.1,0.0,0.81013167,1.0,1.0,0.10187524,0.0,0.0014451891,0.0,0.0,0.09190264,0.0
0.0,0.0,0.029411765,0.2,0.0,0.0,0.0,0.0,0.0,0.0,0.0,0.0,0.0,0.0,0.0,0.0,0.0,0.0,0.0,0.0,0.0,0.0,0.017326452,0.007827789,0.0,0.0,1.0,1.0,0.04,0.08,0.0,0.7611102,1.0,1.0,0.08888423,0.0,0.0030774921,0.0,0.0,0.07591885,0.0
0.0,0.0,0.14705883,0.5,0.0,0.0,0.0,0.0,0.0,0.0058532357,0.0,0.0,0.0,0.0,0.0,0.0,0.0,0.0,0.0,0.0,0.0,0.016622603,0.016114049,0.029354207,0.0,0.0,1.0,1.0,0.25,0.07,0.0,0.7931973,1.0,1.0,0.09832939,0.0,0.0035231262,0.0,0.0,0.08210701,0.0
0.0,0.0,0.13235295,0.8,0.0,3.2691223e-05,0.0,0.0,0.0,0.0,0.0,0.0,0.0,0.0,0.0,0.0,0.0,0.0,0.0,0.0,0.0,0.0,0.020523041,0.0019569471,1.0,1.0,0.0,0.0,1.0,0.0,0.0,0.72015953,1.0,1.0,0.07471111,0.0,0.0029637516,0.0,0.0,0.07412353,0.0
0.0,0.0,0.04411765,0.1,0.0,0.0,0.0,0.0,0.0,0.035107285,0.0,0.0,0.0,0.0,0.0,0.0,0.0011778027,0.012628704,0.0,0.0,0.0,0.05194372,0.013278075,0.06262231,0.53,0.53,0.44,0.44,1.0,0.0,0.0,0.8490553,1.0,1.0,0.11534362,0.0,0.005779162,0.0,0.0,0.08865416,0.0
0.0,0.0,0.029411765,0.2,0.0,0.0,0.0,0.0,0.0,0.0,0.0,0.0,0.0,0.0,0.0,0.0,0.0,0.0,0.0,0.0,0.0,0.0,0.017168991,0.009784736,0.0,0.0,1.0,1.0,0.03,0.07,0.0,0.7652819,1.0,1.0,0.09020107,0.0,0.0025960654,0.0,0.0,0.07751304,0.0
0.0,0.0,0.029411765,0.2,0.0,0.0,0.0,0.0,0.0,0.0,0.0,0.0,0.0,0.0,0.0,0.0,0.0,0.0,0.0,0.0,0.0,9.7721815e-05,0.017101325,0.019569471,0.0,0.0,1.0,1.0,0.07,0.08,0.0,0.7666155,1.0,1.0,0.09057736,0.0,0.0028278977,0.0,0.0,0.07741308,0.0
0.0,0.0,0.04411765,0.1,0.0,0.0,0.0,0.0,0.0,0.057723403,0.0,0.0,0.0,0.0,0.0,0.0,0.002452068,0.025436074,0.0,0.0,0.0,0.07207006,0.016350858,0.20547946,1.0,1.0,0.0,0.0,1.0,0.0,0.0,0.8919889,1.0,1.0,0.12408621,0.0,0.0011033565,0.0,0.0,0.10720873,0.0
0.0,1.0,0.36764705,0.0,8.08587e-06,0.0,0.0,0.0,0.0,0.0,0.0,0.0,0.0,0.0,0.0,0.0,0.0,0.0,0.0,0.0,0.0,0.0,0.027414568,1.0,0.0,0.0,0.0,0.0,1.0,0.0,0.0,0.67663217,0.9715186,1.0,0.056733273,0.0,0.0022615343,0.0,0.0,0.06422287,0.0
0.0,1.0,0.36764705,0.0,1.6426413e-05,0.0,0.0,0.0,0.0,0.0,0.0,0.0,0.0,0.0,0.0,0.0,0.0,0.0,0.0,0.0,0.0,0.0,0.03741423,0.9960861,0.0,0.0,0.0,0.0,1.0,0.0,0.0,0.6309142,0.9117004,1.0,0.03373187,0.0,0.004885033,0.0,0.0,0.063381284,0.0
0.0,0.0,0.7941176,0.2,0.0,0.0,0.0,0.0,0.0,0.0,0.0,0.0,0.0,0.0,0.0,0.0,0.0,0.0,0.0,0.0,0.0,0.002358526,0.016888827,0.039138943,0.0,0.0,1.0,1.0,0.16,0.07,0.0,0.77003,1.0,1.0,0.09164285,0.0,0.0030681938,0.0,0.0,0.077617794,0.0
0.013826561,0.0,0.04411765,0.3,0.0008993779,0.0,0.0,0.0,0.0,0.025538981,0.0,0.0,0.0,0.0,0.0,0.0,0.0016007125,0.0074909925,0.0,0.0,0.0,0.0449301,0.009618118,0.13502936,0.03,0.03,0.97,0.97,1.0,0.0,0.0,0.82930565,1.0,1.0,0.1133193,0.0,0.009229958,0.0,0.0,0.07872981,0.0
0.0,0.0,0.5882353,0.2,0.0,0.0,0.0,0.0,0.0,0.0,0.0,0.0,0.0,0.0,0.0,0.0,0.0,0.0,0.0,0.0,0.0,0.0032905042,0.016846187,0.02739726,0.0,0.0,1.0,1.0,0.06,0.07,0.0,0.7727277,1.0,1.0,0.09250616,0.0,0.0022861362,0.0,0.0,0.079468876,0.0
0.0,0.0,0.029411765,0.1,0.0,0.0,0.0,0.0,0.0,0.0,0.0,0.0,0.0,0.0,0.0,0.0,0.0,0.0,0.0,0.0,0.0,0.0,0.023278609,0.039138943,1.0,1.0,0.0,0.0,0.14,0.07,0.0,0.78037775,1.0,1.0,0.08914138,0.0,0.0,0.0,0.0,0.08948943,0.0
0.0,0.0,0.63235295,0.5,0.0,0.0,0.0,0.0,0.0,0.0,0.0,0.0,0.0,0.0,0.0,0.0,0.0,0.0,0.0,0.0,0.0,0.0,0.017371938,0.0019569471,0.0,0.0,1.0,1.0,0.01,0.08,0.0,0.75970066,1.0,1.0,0.088498406,0.0,0.0029091984,0.0,0.0,0.075938046,0.0
0.0,0.0,0.029411765,0.2,0.0,0.0,0.0,0.0,0.0,0.0,0.0,0.0,0.0,0.0,0.0,0.0,0.0,0.0,0.0,0.0,0.0,0.0027069747,0.016789414,0.021526419,0.0,0.0,1.0,1.0,0.04,0.06,0.0,0.77228165,1.0,1.0,0.09251996,0.0,0.0018999279,0.0,0.0,0.079815865,0.0
0.0,0.0,0.029411765,0.2,0.0,0.0,0.0,0.0,0.0,0.0,0.0,0.0,0.0,0.0,0.0,0.0,0.0,0.0,0.0,0.0,0.0,0.00018426776,0.017040595,0.02739726,0.0,0.0,0.99,1.0,0.11,0.07,0.0,0.76649034,1.0,1.0,0.09058244,0.0,0.0029883385,0.0,0.0,0.077097416,0.0
0.0,0.0,0.029411765,0.2,0.0,0.0,0.0,0.0,0.0,0.0,0.0,0.0,0.0,0.0,0.0,0.0,0.0,0.0,0.0,0.0,0.0,0.002632171,0.016834438,0.029354207,0.0,0.0,1.0,1.0,0.07,0.06,0.0,0.7714001,1.0,1.0,0.09215813,0.0,0.0024347454,0.0,0.0,0.07882962,0.0
0.0,0.0,0.14705883,0.5,0.0,0.0,0.0,0.0,0.0,0.0047288537,0.0,0.0,0.0,0.0,0.0,0.0,0.0,0.0,0.0,0.0,0.0,0.01612559,0.016049214,0.0058708414,0.0,0.0,1.0,1.0,0.23,0.31,0.0,0.79153705,1.0,1.0,0.09788781,0.0,0.004139796,0.0,0.0,0.0803372,0.0
0.0,0.0,0.04411765,0.1,0.0,0.0,0.0,0.0,0.0,0.02058521,0.0,0.0,0.0,0.0,0.0,0.0,0.0,6.455183e-05,0.0,0.0,0.0,0.035704494,0.01400701,0.019569471,1.0,1.0,0.0,0.0,1.0,0.0,0.0,0.82127213,1.0,1.0,0.10732458,0.0,0.0058386177,0.0,0.0,0.08402267,0.0
0.0,0.0,0.029411765,0.2,0.0,0.0,0.0,0.0,0.0,0.0,0.0,0.0,0.0,0.0,0.0,0.0,0.0,0.0,0.0,0.0,0.0,0.0021277964,0.016905911,0.02739726,0.0,0.0,1.0,1.0,0.07,0.07,0.0,0.77043915,1.0,1.0,0.09181803,0.0,0.00251396,0.0,0.0,0.07862452,0.0
0.013947847,0.0,0.04411765,0.3,0.0008872809,7.4298237e-07,0.0,0.0,0.0,0.043014795,0.0,0.0,0.0,0.0,0.0,0.00017602742,0.0036066175,0.023119897,0.0,0.0,0.0,0.064692944,0.00905624,0.04892368,0.0,0.0,1.0,1.0,1.0,0.0,0.0,0.86326754,1.0,1.0,0.12278677,0.0,0.009295329,0.0,0.0,0.08387616,0.0
0.0,0.0,0.5882353,0.2,0.0,0.0,0.0,0.0,0.0,0.0,0.0,0.0,0.0,0.0,0.0,0.0,0.0,0.0,0.0,0.0,0.0,0.0015633106,0.01692783,0.023483366,0.0,0.0,1.0,1.0,0.06,0.06,0.0,0.7695545,1.0,1.0,0.09157743,0.0,0.0024809241,0.0,0.0,0.07840708,0.0
0.0,0.0,0.029411765,0.2,0.0,0.0,0.0,0.0,0.0,0.0,0.0,0.0,0.0,0.0,0.0,0.0,0.0,0.0,0.0,0.0,0.0,0.004949391,0.016559668,0.037181996,0.0,0.0,1.0,1.0,0.06,0.05,0.0,0.77601826,1.0,1.0,0.0937273,0.0,0.0018904805,0.0,0.0,0.08046472,0.0
0.0,1.0,0.36764705,0.0,1.6044403e-05,0.0,0.0,0.0,0.0,0.0049509704,0.0,0.0,0.0,0.0,0.0,0.0,0.0,0.0,0.0,0.0,0.0,0.01682496,0.014874399,0.6947162,0.0,0.0,0.0,0.0,1.0,0.0,0.0,0.78812456,1.0,1.0,0.09834004,0.0,0.003534153,0.0,0.0,0.08747885,0.0
0.0,0.0,0.029411765,0.1,0.0,0.0,0.0,0.0,0.0,0.0,0.0,0.0,0.0,0.0,0.0,0.0,0.0,0.0,0.0,0.0,0.0,0.0,0.024469934,0.021526419,1.0,1.0,0.0,0.0,0.08,0.06,0.0,0.7559751,1.0,1.0,0.08159088,0.0,0.0,0.0,0.0,0.08389485,0.0
0.0,0.0,0.029411765,0.1,0.0,0.0,0.0,0.0,0.0,0.0,0.0,0.0,0.0,0.0,0.0,0.0,0.0,0.0,0.0,0.0,0.0,0.0,0.023207113,0.023483366,1.0,1.0,0.0,0.0,0.05,0.07,0.0,0.77851427,1.0,1.0,0.08883234,0.0,0.0,0.0,0.0,0.08957386,0.0
1.7326518e-05,0.0,0.22058824,0.0,4.1368454e-05,0.00019391839,0.0,0.0,0.0,0.0,0.0,0.0,0.0,0.0,0.0,0.0,0.0,0.0,0.0,0.0,0.0,0.0028932095,0.010961272,0.0039138943,0.0,0.0,0.0,0.0,1.0,0.0,0.0,0.75678945,1.0,1.0,0.0929211,0.0,0.009703994,0.0,0.0,0.065402746,0.0
0.0,0.0,0.029411765,0.2,0.0,0.0,0.0,0.0,0.0,0.0,0.0,0.0,0.0,0.0,0.0,0.0,0.0,0.0,0.0,0.0,0.0,0.0,0.017335035,0.007827789,0.0,0.0,1.0,1.0,0.04,0.06,0.0,0.7609205,1.0,1.0,0.08882167,0.0,0.0031056404,0.0,0.0,0.07584089,0.0
0.0,0.0,0.029411765,0.2,0.0,0.0,0.0,0.0,0.0,0.0,0.0,0.0,0.0,0.0,0.0,0.0,0.0,0.0,0.0,0.0,0.0,0.0,0.017104551,0.009784736,0.0,0.0,1.0,1.0,0.03,0.06,0.0,0.76574445,1.0,1.0,0.09042012,0.0,0.0024151057,0.0,0.0,0.077800184,0.0
0.0,1.0,0.36764705,0.0,1.6044403e-05,0.0,0.0,0.0,0.0,0.007810414,0.0,0.0,0.0,0.0,0.0,0.0,0.0,0.0,0.0,0.0,0.0,0.019040316,0.0150986165,0.9315069,0.0,0.0,0.0,0.0,1.0,0.0,0.0,0.7935703,1.0,1.0,0.09969058,0.0,0.0027138293,0.0,0.0,0.08919057,0.0
0.0,0.0,0.23529412,0.2,0.0,0.0,0.0,0.0,0.0,0.0,0.0,0.0,0.0,0.0,0.0,0.0,0.0,0.0,0.0,0.0,0.0,0.002773881,0.016782925,0.021526419,0.0,0.0,1.0,1.0,0.04,0.06,0.0,0.77242386,1.0,1.0,0.0925669,0.0,0.0018788129,0.0,0.0,0.07987434,0.0
0.0,0.0,0.029411765,0.2,0.0,0.0,0.0,0.0,0.0,0.0,0.0,0.0,0.0,0.0,0.0,0.0,0.0,0.0,0.0,0.0,0.0,0.0025874972,0.016838752,0.029354207,0.0,0.0,1.0,1.0,0.07,0.06,0.0,0.7713053,1.0,1.0,0.092126854,0.0,0.002448842,0.0,0.0,0.078790605,0.0
0.0,0.0,0.029411765,0.2,0.0,0.0,0.0,0.0,0.0,0.0,0.0,0.0,0.0,0.0,0.0,0.0,0.0,0.0,0.0,0.0,0.0,0.003257066,0.016907692,0.023483366,0.02,0.0,0.98,1.0,0.05,0.07,0.0,0.77306175,1.0,1.0,0.09257498,0.0,0.0020647794,0.0,0.0,0.07977784,0.0
0.0,1.0,0.36764705,0.0,1.6044403e-05,0.0,0.0,0.0,0.0,0.0,0.0,0.0,0.0,0.0,0.0,0.0,0.0,0.0,0.0,0.0,0.0,0.011237532,0.014146477,0.099804305,0.0,0.0,0.0,0.0,1.0,0.0,0.0,0.77613556,1.0,1.0,0.095765494,0.0,0.0049536973,0.0,0.0,0.08196917,0.0
0.12651823,0.0,0.13235295,0.0,0.0,3.2691223e-05,0.0,0.0,0.0,0.0,0.0,0.0,0.0,0.0,0.0,0.0,0.0,0.0,0.0,0.0,0.0,0.0,0.017866015,0.0019569471,0.0,0.0,0.0,0.0,1.0,0.0,0.0,0.7403611,1.0,1.0,0.0824291,0.0,0.0041872114,0.0,0.0,0.07536307,0.0
0.0,0.0,0.029411765,0.2,0.0,0.0,0.0,0.0,0.0,0.0,0.0,0.0,0.0,0.0,0.0,0.0,0.0,0.0,0.0,0.0,0.0,0.0009446144,0.016959026,0.01369863,0.0,0.0,1.0,1.0,0.03,0.06,0.0,0.76902723,1.0,1.0,0.09146703,0.0,0.002129361,0.0,0.0,0.07883859,0.0
0.1382483,0.0,0.13235295,0.0,0.0,3.2691223e-05,0.0,0.0,0.0,0.0,0.0,0.0,0.0,0.0,0.0,0.0,0.0,0.0,0.0,0.0,0.0,0.0,0.020933516,0.0019569471,0.0,0.0,0.0,0.0,1.0,0.0,0.0,0.72251904,1.0,1.0,0.07513883,0.0,0.0020470172,0.0,0.0,0.07478425,0.0
0.14084727,0.0,0.13235295,0.8,1.5917067e-08,1.1144735e-05,0.0,0.0,0.0,0.0,0.0,0.0,0.0,0.0,0.0,0.0,0.0,0.0,0.0,0.0,0.0,0.0,0.018857919,0.0019569471,1.0,1.0,0.0,0.0,1.0,0.0,0.0,0.75388896,1.0,1.0,0.08544571,0.0,0.0010978729,0.0,0.0,0.080447406,0.0
0.0,0.0,0.029411765,0.2,0.0,0.0,0.0,0.0,0.0,0.0,0.0,0.0,0.0,0.0,0.0,0.0,0.0,0.0,0.0,0.0,0.0,0.0,0.017356135,0.0039138943,0.0,0.0,1.0,1.0,0.02,0.06,0.0,0.7594284,1.0,1.0,0.0884318,0.0,0.003013149,0.0,0.0,0.07563597,0.0
0.0,0.0,0.47058824,0.2,0.0,0.0,0.0,0.0,0.0,0.0,0.0,0.0,0.0,0.0,0.0,0.0,0.0,0.0,0.0,0.0,0.0,0.0030431151,0.01687964,0.025440313,0.0,0.0,1.0,1.0,0.06,0.08,0.0,0.7722676,1.0,1.0,0.09234672,0.0,0.0023284405,0.0,0.0,0.07930431,0.0
0.0,0.0,0.25,0.5,0.0,0.0,0.0,0.0,0.0,0.0,0.0,0.0,0.0,0.0,0.0,0.0,0.0,0.0,0.0,0.0,0.0,0.0,0.01723732,0.01369863,0.0,0.0,1.0,1.0,0.06,0.08,0.0,0.7628609,1.0,1.0,0.08943366,0.0,0.0030454695,0.0,0.0,0.07630235,0.0
0.13332756,0.0,0.13235295,0.0,0.0,3.2691223e-05,0.0,0.0,0.0,0.0,0.0,0.0,0.0,0.0,0.0,0.0,0.0,0.0,0.0,0.0,0.0,0.0,0.019673593,0.0019569471,0.0,0.0,0.0,0.0,1.0,0.0,0.0,0.75732195,1.0,1.0,0.08544696,0.0,0.0018769354,0.0,0.0,0.08243245,0.0
0.1289786,0.0,0.13235295,0.0,0.0,3.2691223e-05,0.0,0.0,0.0,0.0,0.0,0.0,0.0,0.0,0.0,0.0,0.0,0.0,0.0,0.0,0.0,0.0013266206,0.017912999,0.0019569471,0.0,0.0,0.0,0.0,1.0,0.0,0.0,0.7667128,1.0,1.0,0.08933701,0.0,0.0035012513,0.0,0.0,0.08237454,0.0
0.13138698,0.0,0.13235295,0.0,0.0,3.2691223e-05,0.0,0.0,0.0,0.026960135,0.0,0.0,0.0,0.0,0.0,0.0,0.0,0.0,0.0,0.0,0.0,0.035461992,0.018900216,0.0019569471,0.0,0.0,0.0,0.0,1.0,0.0,0.0,0.83355975,1.0,1.0,0.10648305,0.0,0.0,0.0,0.0,0.09841967,0.0
0.0,0.0,0.04411765,0.0,0.0008681168,0.0061771553,0.0,0.0,0.0,0.0,0.0,0.0,0.0,0.0,0.0,0.0,0.0,0.0,0.0,0.0,0.0,0.004640192,0.010924101,0.007827789,0.0,0.0,0.0,0.0,1.0,0.0,0.0,0.7597022,1.0,1.0,0.093730666,0.0,0.009759694,0.0,0.0,0.06565207,0.0
0.015749805,0.0,0.04411765,0.3,3.9219653e-05,0.0,0.0,0.0,0.0,0.05826953,0.0,0.0,0.0,0.0,0.0,0.0039226413,0.004950732,0.03496307,0.0,0.0,0.0,0.081254035,0.008961722,0.0704501,0.39,0.39,0.58,0.58,1.0,0.0,0.0,0.8923472,1.0,1.0,0.13053036,0.0,0.008756772,0.0,0.0,0.09079984,0.0
0.13033007,0.0,0.13235295,0.0,0.0,3.2691223e-05,0.0,0.0,0.0,0.024303675,0.0,0.0,0.0,0.0,0.0,0.0,0.0,0.0,0.0,0.0,0.0,0.033136606,0.018661425,0.0019569471,0.0,0.0,0.0,0.0,1.0,0.0,0.0,0.8282739,1.0,1.0,0.10523697,0.0,8.741021e-05,0.0,0.0,0.09725866,0.0
0.0,0.0,0.029411765,0.2,0.0,0.0,0.0,0.0,0.0,0.0,0.0,0.0,0.0,0.0,0.0,0.0,0.0,0.0,0.0,0.0,0.0,0.0017396212,0.017009556,0.011741683,0.0,0.0,1.0,1.0,0.03,0.08,0.0,0.77046144,1.0,1.0,0.09178371,0.0,0.0020771623,0.0,0.0,0.07942477,0.0
0.0,0.0,0.04411765,0.1,0.0,0.0,0.0,0.0,0.0,0.055186123,0.0,0.0,0.0,0.0,0.0,0.0,0.002777949,0.025677204,0.0,0.0,0.0,0.07125479,0.01474572,0.15068494,1.0,1.0,0.0,0.0,1.0,0.0,0.0,0.8870989,1.0,1.0,0.12417408,0.0,0.0029278249,0.0,0.0,0.10216051,0.0
0.0,0.0,0.029411765,0.1,0.0,0.0,0.0,0.0,0.0,0.0,0.0,0.0,0.0,0.0,0.0,0.0,0.0,0.0,0.0,0.0,0.0,0.0,0.023392484,0.03522505,1.0,1.0,0.0,0.0,0.12,0.06,0.0,0.7762536,1.0,1.0,0.08794715,0.0,0.0,0.0,0.0,0.08850461,0.0
0.0,0.0,0.029411765,0.2,0.0,0.0,0.0,0.0,0.0,0.0,0.0,0.0,0.0,0.0,0.0,0.0,0.0,0.0,0.0,0.0,0.0,0.0032586753,0.016765133,0.023483366,0.0,0.0,1.0,1.0,0.04,0.06,0.0,0.7731595,1.0,1.0,0.09276616,0.0,0.0019453317,0.0,0.0,0.079889715,0.0
0.0,0.0,0.029411765,0.1,0.0,0.0,0.0,0.0,0.0,0.0,0.0,0.0,0.0,0.0,0.0,0.0,0.0,0.0,0.0,0.0,0.0,0.0,0.023073107,0.031311154,1.0,1.0,0.0,0.0,0.06,0.06,0.0,0.78102183,1.0,1.0,0.089636765,0.0,0.0,0.0,0.0,0.09024748,0.0
0.0,0.0,0.029411765,0.2,0.0,0.0,0.0,0.0,0.0,0.0,0.0,0.0,0.0,0.0,0.0,0.0,0.0,0.0,0.0,0.0,0.0,0.0028862357,0.016833134,0.02739726,0.0,0.0,1.0,1.0,0.06,0.07,0.0,0.7720518,1.0,1.0,0.09234982,0.0,0.0022743791,0.0,0.0,0.07928786,0.0
0.0,0.0,0.029411765,0.2,0.0,0.0,0.0,0.0,0.0,0.0,0.0,0.0,0.0,0.0,0.0,0.0,0.0,0.0,0.0,0.0,0.0,0.001884371,0.016920112,0.021526419,0.0,0.0,1.0,1.0,0.05,0.07,0.0,0.77034867,1.0,1.0,0.09181606,0.0,0.0022993684,0.0,0.0,0.07892382,0.0
0.0,0.0,0.029411765,0.2,0.0,0.0,0.0,0.0,0.0,0.0,0.0,0.0,0.0,0.0,0.0,0.0,0.0,0.0,0.0,0.0,0.0,0.0,0.017155565,0.021526419,0.0,0.0,1.0,1.0,0.1,0.07,0.0,0.7651309,1.0,1.0,0.09009551,0.0,0.0030745417,0.0,0.0,0.076777875,0.0
0.13810968,0.0,0.13235295,0.0,0.0,3.2691223e-05,0.0,0.0,0.0,0.0,0.0,0.0,0.0,0.0,0.0,0.0,0.0,0.0,0.0,0.0,0.0,0.0,0.021005027,0.0039138943,0.0,0.0,0.0,0.0,1.0,0.0,1.0,0.72086346,1.0,1.0,0.07461993,0.0,0.0021255463,0.0,0.0,0.07441071,0.0
1.7326518e-05,0.0,0.22058824,0.0,4.1368454e-05,0.00021769383,0.0,0.0,0.0,0.0,0.0,0.0,0.0,0.0,0.0,0.0,0.0,0.0,0.0,0.0,0.0,0.0,0.013415396,0.0039138943,0.0,0.0,0.0,0.0,1.0,0.0,0.0,0.75355256,1.0,1.0,0.08984821,0.0,0.0072381347,0.0,0.0,0.07336578,0.0
0.0,0.0,0.029411765,0.2,0.0,0.0,0.0,0.0,0.0,0.0,0.0,0.0,0.0,0.0,0.0,0.0,0.0,0.0,0.0,0.0,0.0,0.0018667281,0.016964488,0.015655577,0.0,0.0,1.0,1.0,0.04,0.08,0.0,0.77055454,1.0,1.0,0.09184528,0.0,0.002153024,0.0,0.0,0.0792481,0.0
0.0,0.0,0.029411765,0.2,0.0,0.0,0.0,0.0,0.0,0.0,0.0,0.0,0.0,0.0,0.0,0.0,0.0,0.0,0.0,0.0,0.0,0.0018270612,0.016920887,0.03522505,0.0,0.0,1.0,1.0,0.13,0.07,0.0,0.76926124,1.0,1.0,0.091424905,0.0,0.0029804707,0.0,0.0,0.07761341,0.0
0.0,1.0,0.36764705,0.0,1.6426413e-05,0.0,0.0,0.0,0.0,0.0,0.0,0.0,0.0,0.0,0.0,0.0,0.0,0.0,0.0,0.0,0.0,0.0,0.040594913,1.0,0.0,0.0,0.0,0.0,1.0,0.0,0.0,0.6173458,0.8942256,1.0,0.026718505,0.0,0.0055823475,0.0,0.0,0.062325403,0.0
0.0,0.0,0.073529415,0.1,0.0,0.0,0.0,0.0,0.0,0.0,0.0,0.0,0.0,0.0,0.0,0.0,0.0,0.0,0.0,0.0,0.0,0.0,0.023411721,0.017612524,1.0,1.0,0.0,0.0,0.06,0.1,0.0,0.77681446,1.0,1.0,0.08811467,0.0,0.0,0.0,0.0,0.088897765,0.0
0.0,0.0,0.029411765,0.1,0.0,0.0,0.0,0.0,0.0,0.0,0.0,0.0,0.0,0.0,0.0,0.0,0.0,0.0,0.0,0.0,0.0,0.0,0.02337055,0.03522505,1.0,1.0,0.0,0.0,0.12,0.06,0.0,0.7771541,1.0,1.0,0.0882059,0.0,0.0,0.0,0.0,0.08873376,0.0
0.0,0.0,0.04411765,0.0,0.0008681168,0.0061771553,0.0,0.0,0.0,0.0,0.0,0.0,0.0,0.0,0.0,0.0,0.0,0.0,0.0,0.0,0.0,0.007214129,0.010671616,0.009784736,0.0,0.0,0.4,0.4,1.0,0.0,0.0,0.76403546,1.0,1.0,0.09512261,0.0,0.009831026,0.0,0.0,0.06584403,0.0
0.0,0.0,0.7352941,0.5,0.0,0.0,0.0,0.0,0.0,0.0,0.0,0.0,0.0,0.0,0.0,0.0,0.0,0.0,0.0,0.0,0.0,0.003194511,0.01682318,0.023483366,0.0,0.0,1.0,1.0,0.05,0.07,0.0,0.7728393,1.0,1.0,0.09259399,0.0,0.0021051466,0.0,0.0,0.07966116,0.0
0.0,0.0,0.029411765,0.1,0.0,0.0,0.0,0.0,0.0,0.0,0.0,0.0,0.0,0.0,0.0,0.0,0.0,0.0,0.0,0.0,0.0,0.0,0.023346156,0.0058708414,1.0,1.0,0.0,0.0,0.01,0.08,0.0,0.7747878,1.0,1.0,0.0877398,0.0,0.0,0.0,0.0,0.08890846,0.0
0.0,0.0,0.30882353,0.1,0.0,0.0,0.0,0.0,0.0,0.0,0.0,0.0,0.0,0.0,0.0,0.0,0.0,0.0,0.0,0.0,0.0,0.0,0.023541518,0.007827789,1.0,1.0,0.0,0.0,0.03,0.09,0.0,0.77294934,1.0,1.0,0.08697983,0.0,0.0,0.0,0.0,0.08803809,0.0
0.12866673,0.0,0.13235295,0.0,0.0,3.2691223e-05,0.0,0.0,0.0,0.0,0.0,0.0,0.0,0.0,0.0,0.0,0.0,0.0,0.0,0.0,0.0,0.0,0.018387474,0.0019569471,0.0,0.0,0.0,0.0,1.0,0.0,0.0,0.73432565,1.0,1.0,0.08032819,0.0,0.0040278286,0.0,0.0,0.075460404,0.0
0.0,0.0,0.029411765,0.2,0.0,0.0,0.0,0.0,0.0,0.0,0.0,0.0,0.0,0.0,0.0,0.0,0.0,0.0,0.0,0.0,0.0,0.0,0.017384842,0.0019569471,0.0,0.0,1.0,1.0,0.01,0.07,0.0,0.7594161,1.0,1.0,0.088404514,0.0,0.0029514283,0.0,0.0,0.07582107,0.0
0.0,0.0,0.029411765,0.2,0.0,0.0,0.0,0.0,0.0,0.0,0.0,0.0,0.0,0.0,0.0,0.0,0.0,0.0,0.0,0.0,0.0,0.0018087626,0.016904235,0.023483366,0.0,0.0,1.0,1.0,0.06,0.06,0.0,0.7700764,1.0,1.0,0.09174948,0.0,0.002403438,0.0,0.0,0.078621745,0.0
0.0,1.0,0.36764705,0.0,8.08587e-06,0.0,0.0,0.0,0.0,0.0038638413,0.0,0.0,0.0,0.0,0.0,0.0,0.0,0.0,0.0,0.0,0.0,0.015982747,0.0147892535,0.6046967,0.0,0.0,0.0,0.0,1.0,0.0,0.0,0.78605425,1.0,1.0,0.09782659,0.0,0.00384596,0.0,0.0,0.08682811,0.0
0.0,0.0,0.5441176,0.5,0.0,0.0,0.0,0.0,0.0,0.0,0.0,0.0,0.0,0.0,0.0,0.0,0.0,0.0,0.0,0.0,0.0,0.0,0.017183825,0.0019569471,0.0,0.0,1.0,1.0,0.0,0.07,0.0,0.76483536,1.0,1.0,0.09012499,0.0,0.0022586137,0.0,0.0,0.07795298,0.0
0.0,0.0,0.8382353,0.5,0.0,0.0,0.0,0.0,0.0,0.0,0.0,0.0,0.0,0.0,0.0,0.0,0.0,0.0,0.0,0.0,0.0,0.0,0.017190076,0.017612524,0.0,0.0,1.0,1.0,0.08,0.06,0.0,0.7630012,1.0,1.0,0.089510866,0.0,0.0031142384,0.0,0.0,0.07614523,0.0
0.0,0.0,0.029411765,0.2,0.0,0.0,0.0,0.0,0.0,0.0,0.0,0.0,0.0,0.0,0.0,0.0,0.0,0.0,0.0,0.0,0.0,0.00052276254,0.0169904,0.007827789,0.0,0.0,1.0,1.0,0.02,0.06,0.0,0.7685573,1.0,1.0,0.09133994,0.0,0.0019711107,0.0,0.0,0.07898185,0.0
0.035952527,0.0,0.04411765,0.3,0.001155006,0.0,0.0,0.0,0.0,0.006037742,0.0,0.0,0.0,0.0,0.0,0.0,0.0,0.0,0.0,0.0,0.0,0.023365557,0.010536477,0.023483366,0.25,0.25,0.75,0.75,1.0,0.0,0.0,0.7922174,1.0,1.0,0.10265856,0.0,0.009505466,0.0,0.0,0.07182452,0.0
0.0,1.0,0.36764705,0.0,1.6426413e-05,0.0,0.0,0.0,0.0,0.0,0.0,0.0,0.0,0.0,0.0,0.0,0.0,0.0,0.0,0.0,0.0,0.0038028061,0.017190635,0.99804306,0.0,0.0,0.0,0.0,1.0,0.0,0.0,0.77015483,1.0,1.0,0.09154602,0.0,0.002289161,0.0,0.0,0.084584534,0.0
0.013999826,0.0,0.04411765,0.3,0.0009789632,7.4298237e-07,0.0,0.0,0.0,0.050370663,0.0,0.0,0.0,0.0,0.0,0.002191037,0.0044397116,0.02916205,0.0,0.0,0.0,0.072826296,0.008813374,0.078277886,0.03,0.03,0.98,0.98,1.0,0.0,0.0,0.8772948,1.0,1.0,0.12671259,0.0,0.009172574,0.0,0.0,0.08667967,0.0
0.013653296,0.0,0.04411765,0.3,1.6299076e-05,0.0,0.0,0.0,0.0,0.059397936,0.0,0.0,0.0,0.0,0.0,0.004552603,0.0053699613,0.03638169,0.0,0.0,0.0,0.08268109,0.008640423,0.10176125,0.12,0.12,0.88,0.88,1.0,0.0,0.0,0.89450276,1.0,1.0,0.13141057,0.0,0.008914575,0.0,0.0,0.09045768,0.0
0.0,0.0,0.029411765,0.2,0.0,0.0,0.0,0.0,0.0,0.0,0.0,0.0,0.0,0.0,0.0,0.0,0.0,0.0,0.0,0.0,0.0,0.0,0.017159693,0.021526419,0.0,0.0,1.0,1.0,0.1,0.07,0.0,0.7640755,1.0,1.0,0.089814045,0.0,0.0031190664,0.0,0.0,0.07644072,0.0
0.0,0.0,0.029411765,0.2,0.0,0.0,0.0,0.0,0.0,0.0,0.0,0.0,0.0,0.0,0.0,0.0,0.0,0.0,0.0,0.0,0.0,0.0,0.017151698,0.0019569471,0.0,0.0,1.0,1.0,0.0,0.08,0.0,0.7655468,1.0,1.0,0.090359606,0.0,0.00215289,0.0,0.0,0.07824564,0.0
0.1309365,0.0,0.13235295,0.0,0.0,3.2691223e-05,0.0,0.0,0.0,0.0,0.0,0.0,0.0,0.0,0.0,0.0,0.0,0.0,0.0,0.0,0.0,0.0,0.018690601,0.0019569471,0.0,0.0,0.0,0.0,1.0,0.0,0.0,0.7571367,1.0,1.0,0.086139165,0.0,0.003017798,0.0,0.0,0.08159697,0.0
0.014103786,0.0,0.04411765,0.3,0.0009226168,0.0,0.0,0.0,0.0,0.0,0.0,0.0,0.0,0.0,0.0,0.0,0.0,0.0,0.0,0.0,0.0,0.01622343,0.010435224,0.050880626,0.0,0.0,1.0,1.0,1.0,0.0,0.0,0.7796489,1.0,1.0,0.0994556,0.0,0.009672523,0.0,0.0,0.06903106,0.0
0.0,0.0,0.2647059,0.1,0.0,0.0,0.0,0.0,0.0,0.0,0.0,0.0,0.0,0.0,0.0,0.0,0.0,0.0,0.0,0.0,0.0,0.0,0.023512177,0.023483366,1.0,1.0,0.0,0.0,0.09,0.06,0.0,0.77316916,1.0,1.0,0.08703103,0.0,0.0,0.0,0.0,0.08783838,0.0
0.0,0.0,0.029411765,0.2,0.0,0.0,0.0,0.0,0.0,0.0,0.0,0.0,0.0,0.0,0.0,0.0,0.0,0.0,0.0,0.0,0.0,0.0019668937,0.016879357,0.025440313,0.0,0.0,1.0,1.0,0.06,0.06,0.0,0.77034676,1.0,1.0,0.09184634,0.0,0.002389297,0.0,0.0,0.07870823,0.0
0.0,0.0,0.029411765,0.2,0.0,0.0,0.0,0.0,0.0,0.0,0.0,0.0,0.0,0.0,0.0,0.0,0.0,0.0,0.0,0.0,0.0,0.0043506026,0.01673054,0.03522505,0.0,0.0,1.0,1.0,0.08,0.06,0.0,0.77444327,1.0,1.0,0.09306719,0.0,0.0023229271,0.0,0.0,0.07964775,0.0
0.0,0.0,0.04411765,0.3,0.0008681168,0.005423771,0.0,0.0,0.0,0.0,0.0,0.0,0.0,0.0,0.0,0.0,0.0,0.0,0.0,0.0,0.0,0.007578671,0.010704473,0.0058708414,0.0,0.0,0.33,0.33,1.0,0.0,0.0,0.76470876,1.0,1.0,0.0952627,0.0,0.009811789,0.0,0.0,0.06607282,0.0
6.930607e-05,0.0,0.04411765,0.0,0.0008681168,0.0061771553,0.0,0.0,0.0,0.0,0.0,0.0,0.0,0.0,0.0,0.0,0.0,0.0,0.0,0.0,0.0,0.008075088,0.010720201,0.0058708414,0.0,0.0,0.33,0.33,1.0,0.0,0.0,0.7656156,1.0,1.0,0.09549119,0.0,0.009763584,0.0,0.0,0.06637564,0.0
0.0,0.0,0.029411765,0.2,0.0,0.0,0.0,0.0,0.0,0.0,0.0,0.0,0.0,0.0,0.0,0.0,0.0,0.0,0.0,0.0,0.0,0.0033354163,0.016939513,0.029354207,0.04,0.0,0.96,1.0,0.07,0.06,0.0,0.7728311,1.0,1.0,0.09244027,0.0,0.0023245662,0.0,0.0,0.07935488,0.0
0.0,0.0,0.32352942,0.1,0.0,0.0,0.0,0.0,0.0,0.0,0.0,0.0,0.0,0.0,0.0,0.0,0.0,0.0,0.0,0.0,0.0,0.0,0.023315437,0.007827789,1.0,1.0,0.0,0.0,0.02,0.07,0.0,0.77481294,1.0,1.0,0.087789975,0.0,0.0,0.0,0.0,0.08890051,0.0
0.0,0.0,0.45588234,0.2,0.0,0.0,0.0,0.0,0.0,0.0,0.0,0.0,0.0,0.0,0.0,0.0,0.0,0.0,0.0,0.0,0.0,0.0042660236,0.016781323,0.029354207,0.0,0.0,1.0,1.0,0.06,0.07,0.0,0.7745068,1.0,1.0,0.09304952,0.0,0.0021976829,0.0,0.0,0.07991344,0.0
0.0,0.0,0.04411765,0.1,0.0,0.0,0.0,0.0,0.0,0.0037001371,0.0,0.0,0.0,0.0,0.0,0.0,0.0,0.0,0.0,0.0,0.0,0.007210523,0.022899061,0.017612524,1.0,1.0,0.0,0.0,0.38,0.17,0.0,0.7919122,1.0,1.0,0.09227457,0.0,0.0,0.0,0.0,0.0907875,0.0
0.0,0.0,0.5735294,0.1,0.0,0.0,0.0,0.0,0.0,0.0,0.0,0.0,0.0,0.0,0.0,0.0,0.0,0.0,0.0,0.0,0.0,0.0,0.023712449,0.007827789,1.0,1.0,0.0,0.0,0.08,0.17,0.0,0.774245,1.0,1.0,0.08704417,0.0,0.0,0.0,0.0,0.08793259,0.0
0.0,0.0,0.04411765,0.1,0.0,0.0,0.0,0.0,0.0,0.021733195,0.0,0.0,0.0,0.0,0.0,0.0,0.0,0.0007431805,0.0,0.0,0.0,0.0368675,0.014107823,0.019569471,1.0,1.0,0.0,0.0,1.0,0.0,0.0,0.82344365,1.0,1.0,0.10779714,0.0,0.0057215393,0.0,0.0,0.08487332,0.0
1.7326518e-05,0.0,0.22058824,0.0,4.1368454e-05,0.00021769383,0.0,0.0,0.0,0.0,0.0,0.0,0.0,0.0,0.0,0.0,0.0,0.0,0.0,0.0,0.0,0.002149433,0.01100868,0.0058708414,0.0,0.0,0.0,0.0,0.75,0.5,0.0,0.7555157,1.0,1.0,0.092538975,0.0,0.009691626,0.0,0.0,0.06529781,0.0
0.0,0.0,0.04411765,0.0,0.0008681168,0.0061771553,0.0,0.0,0.0,0.0,0.0,0.0,0.0,0.0,0.0,0.0,0.0,0.0,0.0,0.0,0.0,0.0034077168,0.010810904,0.019569471,0.25,0.1,0.0,0.0,1.0,0.0,0.2,0.75754476,1.0,1.0,0.09328092,0.0,0.009814963,0.0,0.0,0.064843,0.0
0.013410725,0.0,0.04411765,0.3,0.0013873952,0.0,0.0,0.0,0.0,0.0,0.0,0.0,0.0,0.0,0.0,0.0,0.0,0.0,0.0,0.0,0.0,0.00025460124,0.011504151,0.01369863,0.0,0.0,1.0,1.0,1.0,0.0,0.0,0.7526827,1.0,1.0,0.09133109,0.0,0.009750664,0.0,0.0,0.06412676,0.0
0.0,0.0,0.23529412,0.1,0.0,0.0,0.0,0.0,0.0,0.0,0.0,0.0,0.0,0.0,0.0,0.0,0.0,0.0,0.0,0.0,0.0,0.0,0.018971324,0.019569471,0.14,0.4,0.86,0.6,0.04,0.06,0.0,0.77162707,1.0,1.0,0.09049865,0.0,0.0,0.0,0.0,0.08292505,0.0
0.0,0.0,0.029411765,0.1,0.0,0.0,0.0,0.0,0.0,0.0,0.0,0.0,0.0,0.0,0.0,0.0,0.0,0.0,0.0,0.0,0.0,0.0,0.023030803,0.0039138943,0.89,1.0,0.11,0.0,0.01,0.07,0.0,0.7699586,1.0,1.0,0.08671873,0.0,0.0,0.0,0.0,0.0870398,0.0
0.0,0.0,0.04411765,0.0,0.0008681168,0.0061771553,0.0,0.0,0.0,0.0,0.0,0.0,0.0,0.0,0.0,0.0,0.0,0.0,0.0,0.0,0.0,0.009180218,0.010685593,0.009784736,0.0,0.0,0.0,0.0,1.0,0.0,0.0,0.76752365,1.0,1.0,0.09602701,0.0,0.009747624,0.0,0.0,0.06674519,0.0
0.0,0.0,0.029411765,0.2,0.0,0.0,0.0,0.0,0.0,0.0,0.0,0.0,0.0,0.0,0.0,0.0,0.0,0.0,0.0,0.0,0.0,0.0048677027,0.01666198,0.031311154,0.0,0.0,1.0,1.0,0.06,0.06,0.0,0.77590394,1.0,1.0,0.09358444,0.0,0.0019040257,0.0,0.0,0.0805603,0.0
0.0,0.0,0.25,0.5,0.0,0.0,0.0,0.0,0.0,0.0,0.0,0.0,0.0,0.0,0.0,0.0,0.0,0.0,0.0,0.0,0.0,0.0010929108,0.0169821,0.029354207,0.0,0.0,1.0,1.0,0.11,0.06,0.0,0.7681272,1.0,1.0,0.09107887,0.0,0.0029210001,0.0,0.0,0.077483445,0.0
0.0,0.0,0.029411765,0.2,0.0,0.0,0.0,0.0,0.0,0.0,0.0,0.0,0.0,0.0,0.0,0.0,0.0,0.0,0.0,0.0,0.0,0.0,0.017247245,0.007827789,0.0,0.0,1.0,1.0,0.03,0.06,0.0,0.7628652,1.0,1.0,0.08946296,0.0,0.0028167218,0.0,0.0,0.076640755,0.0
0.0,0.0,0.029411765,0.1,0.0,0.0,0.0,0.0,0.0,0.0,0.0,0.0,0.0,0.0,0.0,0.0,0.0,0.0,0.0,0.0,0.0,0.0,0.023253083,0.011741683,1.0,1.0,0.0,0.0,0.02,0.06,0.0,0.77557576,1.0,1.0,0.088059686,0.0,0.0,0.0,0.0,0.08916059,0.0
0.0,0.0,0.04411765,0.1,0.0,0.0,0.0,0.0,0.0,0.03895712,0.0,0.0,0.0,0.0,0.0,0.0,0.001474537,0.015159786,0.0,0.0,0.0,0.055794954,0.013431586,0.08219178,0.64,0.64,0.33,0.33,1.0,0.0,0.0,0.8562821,1.0,1.0,0.117120735,0.0,0.005366817,0.0,0.0,0.091104746,0.0
0.0,0.0,0.029411765,0.1,0.0,0.0,0.0,0.0,0.0,0.0,0.0,0.0,0.0,0.0,0.0,0.0,0.0,0.0,0.0,0.0,0.0,0.0,0.023447737,0.0332681,1.0,1.0,0.0,0.0,0.14,0.07,0.0,0.77614844,1.0,1.0,0.087844856,0.0,0.0,0.0,0.0,0.0883787,0.0
0.0,0.0,0.014705882,0.1,0.0,0.0,0.0,0.0,0.0,0.0,0.0,0.0,0.0,0.0,0.0,0.0,0.0,0.0,0.0,0.0,0.0,0.0,0.023407415,0.007827789,1.0,1.0,0.0,0.0,0.02,0.06,0.0,0.7735646,1.0,1.0,0.087337695,0.0,0.0,0.0,0.0,0.08845061,0.0
0.0,0.0,0.19117647,0.2,0.0,0.0,0.0,0.0,0.0,0.0,0.0,0.0,0.0,0.0,0.0,0.0,0.0,0.0,0.0,0.0,0.0,0.0027320385,0.01683876,0.021526419,0.0,0.0,1.0,1.0,0.04,0.07,0.0,0.7721511,1.0,1.0,0.09241044,0.0,0.0020315945,0.0,0.0,0.079665154,0.0
0.0,0.0,0.4852941,0.2,0.0,0.0,0.0,0.0,0.0,0.0,0.0,0.0,0.0,0.0,0.0,0.0,0.0,0.0,0.0,0.0,0.0,0.0009919703,0.017006367,0.01369863,0.0,0.0,1.0,1.0,0.03,0.07,0.0,0.76894414,1.0,1.0,0.09137311,0.0,0.0022538602,0.0,0.0,0.07870746,0.0
0.0,0.0,0.029411765,0.2,0.0,0.0,0.0,0.0,0.0,0.0,0.0,0.0,0.0,0.0,0.0,0.0,0.0,0.0,0.0,0.0,0.0,0.0,0.017136097,0.021526419,0.0,0.0,1.0,1.0,0.09,0.06,0.0,0.7645973,1.0,1.0,0.08998608,0.0,0.0030415207,0.0,0.0,0.07665533,0.0
0.0,1.0,0.36764705,0.0,1.6426413e-05,0.0,0.0,0.0,0.0,0.0072196424,0.0,0.0,0.0,0.0,0.0,0.0,0.0,0.0,0.0,0.0,0.0,0.018582612,0.015052304,0.88258314,0.0,0.0,0.0,0.0,1.0,0.0,0.0,0.7924452,1.0,1.0,0.09941154,0.0,0.0028833002,0.0,0.0,0.08883697,0.0
0.0,0.0,0.13235295,0.8,0.0,3.2691223e-05,0.0,0.0,0.0,0.0,0.0,0.0,0.0,0.0,0.0,0.0,0.0,0.0,0.0,0.0,0.0,0.0,0.020064972,0.0019569471,1.0,1.0,0.0,0.0,1.0,0.0,0.0,0.7348975,1.0,1.0,0.079194866,0.0,0.0020715147,0.0,0.0,0.07768792,0.0
0.03564065,0.0,0.04411765,0.3,0.001155006,0.0,0.0,0.0,0.0,0.01842159,0.0,0.0,0.0,0.0,0.0,0.0,0.00047210604,0.0017673075,0.0,0.0,0.0,0.03720662,0.010110691,0.021526419,0.0,0.0,1.0,1.0,1.0,0.0,0.0,0.81603837,1.0,1.0,0.109335,0.0,0.009423196,0.0,0.0,0.07599419,0.0
0.0,0.0,0.029411765,0.2,0.0,0.0,0.0,0.0,0.0,0.0,0.0,0.0,0.0,0.0,0.0,0.0,0.0,0.0,0.0,0.0,0.0,0.0,0.017082594,0.0039138943,0.0,0.0,1.0,1.0,0.01,0.07,0.0,0.76742077,1.0,1.0,0.090934254,0.0,0.0020502955,0.0,0.0,0.07872921,0.0
0.0,0.0,0.029411765,0.2,0.0,0.0,0.0,0.0,0.0,0.0,0.0,0.0,0.0,0.0,0.0,0.0,0.0,0.0,0.0,0.0,0.0,0.004800737,0.016668387,0.031311154,0.0,0.0,1.0,1.0,0.06,0.06,0.0,0.7757616,1.0,1.0,0.0935375,0.0,0.0019251257,0.0,0.0,0.080501825,0.0
0.0,0.0,0.029411765,0.2,0.0,0.0,0.0,0.0,0.0,0.0,0.0,0.0,0.0,0.0,0.0,0.0,0.0,0.0,0.0,0.0,0.0,0.0023449361,0.016913198,0.037181996,0.0,0.0,1.0,1.0,0.15,0.07,0.0,0.7701125,1.0,1.0,0.09164684,0.0,0.0029923767,0.0,0.0,0.07784182,0.0
0.0,0.0,0.029411765,0.1,0.0,0.0,0.0,0.0,0.0,0.0,0.0,0.0,0.0,0.0,0.0,0.0,0.0,0.0,0.0,0.0,0.0,0.0,0.023016192,0.037181996,1.0,1.0,0.0,0.0,0.08,0.06,0.0,0.78252375,1.0,1.0,0.090080254,0.0,0.0,0.0,0.0,0.09056607,0.0
0.0,1.0,0.36764705,0.0,1.6044403e-05,0.0,0.0,0.0,0.0,0.0,0.0,0.0,0.0,0.0,0.0,0.0,0.0,0.0,0.0,0.0,0.0,0.01085186,0.0139905885,0.02739726,0.0,0.0,0.0,0.0,1.0,0.0,0.0,0.7752274,1.0,1.0,0.09566616,0.0,0.0051128417,0.0,0.0,0.08128995,0.0
0.0,0.0,0.029411765,0.1,0.0,0.0,0.0,0.0,0.0,0.0,0.0,0.0,0.0,0.0,0.0,0.0,0.0,0.0,0.0,0.0,0.0,0.0,0.0248935,0.021526419,1.0,1.0,0.0,0.0,0.09,0.06,0.0,0.74833107,1.0,1.0,0.07914948,0.0,0.0,0.0,0.0,0.08206925,0.0
0.0,0.0,0.029411765,0.2,0.0,0.0,0.0,0.0,0.0,0.0,0.0,0.0,0.0,0.0,0.0,0.0,0.0,0.0,0.0,0.0,0.0,0.00058299303,0.016951136,0.019569471,0.0,0.0,1.0,1.0,0.05,0.06,0.0,0.768015,1.0,1.0,0.09117185,0.0,0.002395466,0.0,0.0,0.0781827,0.0
0.0,0.0,0.13235295,0.8,0.0,3.2691223e-05,0.0,0.0,0.0,0.012388974,0.0,0.0,0.0,0.0,0.0,0.0,0.0,0.0,0.0,0.0,0.0,0.018521696,0.018880472,0.0019569471,1.0,1.0,0.0,0.0,1.0,0.0,0.0,0.8052461,1.0,1.0,0.099154554,0.0,0.0,0.0,0.0,0.092549056,0.0
0.0,0.0,0.029411765,0.1,0.0,0.0,0.0,0.0,0.0,0.0,0.0,0.0,0.0,0.0,0.0,0.0,0.0,0.0,0.0,0.0,0.0,0.0,0.023484789,0.017612524,1.0,1.0,0.0,0.0,0.06,0.06,0.0,0.77341366,1.0,1.0,0.08715265,0.0,0.0,0.0,0.0,0.08805367,0.0
0.0,0.0,0.029411765,0.2,0.0,0.0,0.0,0.0,0.0,0.0,0.0,0.0,0.0,0.0,0.0,0.0,0.0,0.0,0.0,0.0,0.0,0.0021120906,0.016940892,0.015655577,0.0,0.0,1.0,1.0,0.03,0.07,0.0,0.7710762,1.0,1.0,0.09201736,0.0,0.0020754784,0.0,0.0,0.07946265,0.0
0.0,0.0,0.029411765,0.2,0.0,0.0,0.0,0.0,0.0,0.0,0.0,0.0,0.0,0.0,0.0,0.0,0.0,0.0,0.0,0.0,0.0,0.001445055,0.016905695,0.03522505,0.0,0.0,1.0,1.0,0.12,0.05,0.0,0.76863277,1.0,1.0,0.09128418,0.0,0.002961591,0.0,0.0,0.077451915,0.0
0.0,0.0,0.029411765,0.2,0.0,0.0,0.0,0.0,0.0,0.0,0.0,0.0,0.0,0.0,0.0,0.0,0.0,0.0,0.0,0.0,0.0,0.0,0.017337963,0.0019569471,0.0,0.0,1.0,1.0,0.01,0.07,0.0,0.76142,1.0,1.0,0.08899882,0.0,0.0027659684,0.0,0.0,0.07654834,0.0
0.0,0.0,0.029411765,0.1,0.0,0.0,0.0,0.0,0.0,0.0,0.0,0.0,0.0,0.0,0.0,0.0,0.0,0.0,0.0,0.0,0.0,0.0,0.023415878,0.021526419,1.0,1.0,0.0,0.0,0.07,0.09,0.0,0.77607274,1.0,1.0,0.08790683,0.0,0.0,0.0,0.0,0.088710964,0.0
0.13783245,0.0,0.13235295,0.0,0.0,3.2691223e-05,0.0,0.0,0.0,0.0,0.0,0.0,0.0,0.0,0.0,0.0,0.0,0.0,0.0,0.0,0.0,0.0,0.02088581,0.0019569471,0.0,0.0,0.0,0.0,1.0,0.0,0.0,0.720961,1.0,1.0,0.07473072,0.0,0.0022806823,0.0,0.0,0.07435554,0.0
0.0,0.0,0.029411765,0.2,0.0,0.0,0.0,0.0,0.0,0.0,0.0,0.0,0.0,0.0,0.0,0.0,0.0,0.0,0.0,0.0,0.0,0.00040131807,0.017048523,0.029354207,0.0,0.0,1.0,1.0,0.14,0.06,0.0,0.76665664,1.0,1.0,0.090593986,0.0,0.0031394064,0.0,0.0,0.07687867,0.0
0.0,0.0,0.029411765,0.1,0.0,0.0,0.0,0.0,0.0,0.0,0.0,0.0,0.0,0.0,0.0,0.0,0.0,0.0,0.0,0.0,0.0,0.0,0.023798399,0.0019569471,1.0,1.0,0.0,0.0,0.01,0.07,0.0,0.7660725,1.0,1.0,0.084882416,0.0,0.0,0.0,0.0,0.08626902,0.0
0.0,1.0,0.36764705,0.0,1.6426413e-05,0.0,0.0,0.0,0.0,0.0013457239,0.0,0.0,0.0,0.0,0.0,0.0,0.0,0.0,0.0,0.0,0.0,0.013758153,0.014509596,0.3737769,0.0,0.0,0.0,0.0,1.0,0.0,0.0,0.78139603,1.0,1.0,0.09683477,0.0,0.004362613,0.0,0.0,0.08462143,0.0
0.0,0.0,0.04411765,0.0,0.0008681168,0.0061771553,0.0,0.0,0.0,0.0,0.0,0.0,0.0,0.0,0.0,0.0,0.0,0.0,0.0,0.0,0.0,0.0033608675,0.010814019,0.0039138943,0.0,0.0,0.0,0.0,1.0,0.0,0.0,0.75745964,1.0,1.0,0.093255006,0.0,0.009823993,0.0,0.0,0.064794004,0.0
0.0,0.0,0.04411765,0.1,0.0,0.0,0.0,0.0,0.0,0.05762905,0.0,0.0,0.0,0.0,0.0,0.0,0.0022313371,0.024011612,0.0,0.0,0.0,0.070400774,0.017567918,0.2485323,1.0,1.0,0.0,0.0,1.0,0.0,0.0,0.8919517,1.0,1.0,0.12306108,0.0,0.0,0.0,0.0,0.109777,0.0
0.035675302,0.0,0.04411765,0.3,0.001155006,0.0,0.0,0.0,0.0,0.027509868,0.0,0.0,0.0,0.0,0.0,0.0,0.0015512332,0.009649962,0.0,0.0,0.0,0.04736924,0.009797797,0.017612524,0.0,0.0,1.0,1.0,1.0,0.0,0.0,0.8335552,1.0,1.0,0.11424666,0.0,0.009369135,0.0,0.0,0.07896033,0.0
0.03583124,0.0,0.04411765,0.3,0.001483216,0.0,0.0,0.0,0.0,0.0,0.0,0.0,0.0,0.0,0.0,0.0,0.0,0.0,0.0,0.0,0.0,0.0,0.011452988,0.009784736,0.0,0.0,0.8,0.8,1.0,0.0,0.0,0.7433163,1.0,1.0,0.08889539,0.0,0.0097498745,0.0,0.0,0.06331158,0.0
0.0,0.0,0.029411765,0.2,0.0,0.0,0.0,0.0,0.0,0.0,0.0,0.0,0.0,0.0,0.0,0.0,0.0,0.0,0.0,0.0,0.0,0.0,0.017333314,0.0019569471,0.0,0.0,1.0,1.0,0.01,0.06,0.0,0.75959396,1.0,1.0,0.0885297,0.0,0.0028126985,0.0,0.0,0.07599118,0.0
0.0,0.0,0.029411765,0.2,0.0,0.0,0.0,0.0,0.0,0.0,0.0,0.0,0.0,0.0,0.0,0.0,0.0,0.0,0.0,0.0,0.0,0.0,0.01725655,0.009784736,0.0,0.0,1.0,1.0,0.04,0.07,0.0,0.76237667,1.0,1.0,0.08930958,0.0,0.0029153973,0.0,0.0,0.07641512,0.0
0.0,1.0,0.36764705,0.0,8.08587e-06,0.0,0.0,0.0,0.0,0.0070677698,0.0,0.0,0.0,0.0,0.0,0.0,0.0,0.0,0.0,0.0,0.0,0.017650068,0.015442699,1.0,0.0,0.0,0.0,0.0,1.0,0.0,0.0,0.7923862,1.0,1.0,0.09910285,0.0,0.002311036,0.0,0.0,0.089018434,0.0
0.0,0.0,0.029411765,0.2,0.0,0.0,0.0,0.0,0.0,0.0,0.0,0.0,0.0,0.0,0.0,0.0,0.0,0.0,0.0,0.0,0.0,0.0,0.01721207,0.011741683,0.0,0.0,1.0,1.0,0.04,0.06,0.0,0.76211345,1.0,1.0,0.08929705,0.0,0.0028683841,0.0,0.0,0.07637906,0.0
0.0,0.0,0.22058824,0.1,0.0,0.0,0.0,0.0,0.0,0.0,0.0,0.0,0.0,0.0,0.0,0.0,0.0,0.0,0.0,0.0,0.0,0.0,0.023799561,0.0019569471,1.0,1.0,0.0,0.0,0.01,0.06,0.0,0.7654538,1.0,1.0,0.08472576,0.0,0.0,0.0,0.0,0.0861415,0.0
0.0,0.0,0.04411765,0.1,0.0,0.0,0.0,0.0,0.0,0.03609401,0.0,0.0,0.0,0.0,0.0,0.0,0.0012227893,0.013230711,0.0,0.0,0.0,0.052945107,0.013317332,0.0704501,0.58,0.58,0.39,0.39,1.0,0.0,0.0,0.8508905,1.0,1.0,0.11578982,0.0,0.0056845844,0.0,0.0,0.08933249,0.0
0.0,0.0,0.029411765,0.2,0.0,0.0,0.0,0.0,0.0,0.0,0.0,0.0,0.0,0.0,0.0,0.0,0.0,0.0,0.0,0.0,0.0,0.0043384135,0.018027656,0.023483366,0.1,0.17,0.9,0.83,0.05,0.06,0.0,0.777604,1.0,1.0,0.09282408,0.0,0.00067809224,0.0,0.0,0.0835872,0.0
0.035935197,0.0,0.04411765,0.8,0.0008993779,0.0,0.0,0.0,0.0,0.005960077,0.0,0.0,0.0,0.0,0.0,0.0,0.0,0.0,0.0,0.0,0.0,0.023295343,0.010541134,0.017612524,0.44,0.44,0.56,0.56,1.0,0.0,0.0,0.7920898,1.0,1.0,0.10261973,0.0,0.009518936,0.0,0.0,0.07175124,0.0
0.0,0.0,0.029411765,0.2,0.0,0.0,0.0,0.0,0.0,0.0,0.0,0.0,0.0,0.0,0.0,0.0,0.0,0.0,0.0,0.0,0.0,0.002824068,0.016881794,0.021526419,0.0,0.0,1.0,1.0,0.05,0.07,0.0,0.7721629,1.0,1.0,0.09234779,0.0,0.0021420568,0.0,0.0,0.079573095,0.0
0.0,0.0,0.029411765,0.2,0.0,0.0,0.0,0.0,0.0,0.0,0.0,0.0,0.0,0.0,0.0,0.0,0.0,0.0,0.0,0.0,0.0,0.0007466078,0.017029896,0.01369863,0.0,0.0,1.0,1.0,0.03,0.07,0.0,0.76842237,1.0,1.0,0.09120103,0.0,0.0023314357,0.0,0.0,0.07849288,0.0
0.0,1.0,0.36764705,0.0,8.08587e-06,0.0,0.0,0.0,0.0,0.0014939904,0.0,0.0,0.0,0.0,0.0,0.0,0.0,0.0,0.0,0.0,0.0,0.013890386,0.014526434,0.38747555,0.0,0.0,0.0,0.0,1.0,0.0,0.0,0.78166974,1.0,1.0,0.09689226,0.0,0.0043331385,0.0,0.0,0.08475456,0.0
0.0,0.0,0.38235295,0.2,0.0,0.0,0.0,0.0,0.0,0.0,0.0,0.0,0.0,0.0,0.0,0.0,0.0,0.0,0.0,0.0,0.0,0.0039024353,0.016783312,0.0332681,0.0,0.0,1.0,1.0,0.08,0.07,0.0,0.77355623,1.0,1.0,0.09276699,0.0,0.0024285764,0.0,0.0,0.079307616,0.0
0.1263623,0.0,0.13235295,0.0,0.0,3.2691223e-05,0.0,0.0,0.0,0.0,0.0,0.0,0.0,0.0,0.0,0.0,0.0,0.0,0.0,0.0,0.0,0.0,0.017855242,0.0019569471,0.0,0.0,0.0,0.0,1.0,0.0,0.0,0.741426,1.0,1.0,0.08272415,0.0,0.004171565,0.0,0.0,0.07548222,0.0
0.0,0.0,0.029411765,0.1,0.0,0.0,0.0,0.0,0.0,0.0,0.0,0.0,0.0,0.0,0.0,0.0,0.0,0.0,0.0,0.0,0.0,0.0,0.023405,0.0039138943,1.0,1.0,0.0,0.0,0.01,0.07,0.0,0.7728267,1.0,1.0,0.08716764,0.0,0.0,0.0,0.0,0.08839995,0.0
0.0,0.0,0.029411765,0.2,0.0,0.0,0.0,0.0,0.0,0.0,0.0,0.0,0.0,0.0,0.0,0.0,0.0,0.0,0.0,0.0,0.0,0.0,0.017307125,0.0019569471,0.06,0.0,0.94,1.0,0.0,0.08,0.0,0.76656187,1.0,1.0,0.09047379,0.0,0.0021021217,0.0,0.0,0.078608155,0.0
0.0,0.0,0.04411765,0.0,0.0008681168,0.0061771553,0.0,0.0,0.0,0.0,0.0,0.0,0.0,0.0,0.0,0.0,0.0,0.0,0.0,0.0,0.0,0.0026764274,0.0108466,0.009784736,0.0,0.0,0.0,0.0,1.0,0.0,0.4,0.75626504,1.0,1.0,0.092907034,0.0,0.009824425,0.0,0.0,0.06466529,0.0
0.0,0.0,0.029411765,0.1,0.0,0.0,0.0,0.0,0.0,0.0,0.0,0.0,0.0,0.0,0.0,0.0,0.0,0.0,0.0,0.0,0.0,0.0,0.02336163,0.037181996,1.0,1.0,0.0,0.0,0.13,0.06,0.0,0.7772335,1.0,1.0,0.08823133,0.0,0.0,0.0,0.0,0.08875489,0.0
0.0,0.0,0.29411766,0.1,0.0,0.0,0.0,0.0,0.0,0.0,0.0,0.0,0.0,0.0,0.0,0.0,0.0,0.0,0.0,0.0,0.0,0.0,0.023441799,0.03522505,1.0,1.0,0.0,0.0,0.15,0.08,0.0,0.77618766,1.0,1.0,0.08785575,0.0,0.0,0.0,0.0,0.0883854,0.0
0.0,0.0,0.1764706,0.2,0.0,0.0,0.0,0.0,0.0,0.0,0.0,0.0,0.0,0.0,0.0,0.0,0.0,0.0,0.0,0.0,0.0,0.0035717487,0.016796142,0.029354207,0.0,0.0,1.0,1.0,0.07,0.07,0.0,0.77321434,1.0,1.0,0.092689805,0.0,0.0022774488,0.0,0.0,0.07947886,0.0
0.0,0.0,0.7647059,0.1,0.0,0.0,0.0,0.0,0.0,0.0,0.0,0.0,0.0,0.0,0.0,0.0,0.0,0.0,0.0,0.0,0.0,0.0,0.02348569,0.0039138943,1.0,1.0,0.0,0.0,0.01,0.09,0.0,0.7729362,1.0,1.0,0.087072395,0.0,0.0,0.0,0.0,0.0882487,0.0
0.12755783,0.0,0.13235295,0.0,0.0,3.2691223e-05,0.0,0.0,0.0,0.0,0.0,0.0,0.0,0.0,0.0,0.0,0.0,0.0,0.0,0.0,0.0,0.0,0.018094994,0.0019569471,0.0,0.0,0.0,0.0,1.0,0.0,0.0,0.73569846,1.0,1.0,0.08095514,0.0,0.0042007715,0.0,0.0,0.07518813,0.0
0.0,0.0,0.029411765,0.1,0.0,0.0,0.0,0.0,0.0,0.0,0.0,0.0,0.0,0.0,0.0,0.0,0.0,0.0,0.0,0.0,0.0,0.0,0.023601376,0.0058708414,1.0,1.0,0.0,0.0,0.02,0.1,0.0,0.7713243,1.0,1.0,0.08648514,0.0,0.0,0.0,0.0,0.08766028,0.0
0.0137919085,0.0,0.04411765,0.3,0.0009226168,0.0,0.0,0.0,0.0,0.022583097,0.0,0.0,0.0,0.0,0.0,0.0,0.0012563318,0.004820645,0.0,0.0,0.0,0.0415847,0.009709507,0.14872798,0.03,0.03,0.97,0.97,1.0,0.0,0.0,0.8235462,1.0,1.0,0.1117162,0.0,0.00921765,0.0,0.0,0.077888966,0.0
0.0,0.0,0.44117647,0.2,0.0,0.0,0.0,0.0,0.0,0.0,0.0,0.0,0.0,0.0,0.0,0.0,0.0,0.0,0.0,0.0,0.0,0.0,0.017218985,0.015655577,0.0,0.0,1.0,1.0,0.07,0.07,0.0,0.7639494,1.0,1.0,0.08973383,0.0,0.003022015,0.0,0.0,0.07662848,0.0
0.0,0.0,0.029411765,0.1,0.0,0.0,0.0,0.0,0.0,0.0,0.0,0.0,0.0,0.0,0.0,0.0,0.0,0.0,0.0,0.0,0.0,0.0,0.023080915,0.02739726,1.0,1.0,0.0,0.0,0.05,0.06,0.0,0.7789588,1.0,1.0,0.08910211,0.0,0.0,0.0,0.0,0.089927495,0.0
0.0,0.0,0.029411765,0.2,0.0,0.0,0.0,0.0,0.0,0.0,0.0,0.0,0.0,0.0,0.0,0.0,0.0,0.0,0.0,0.0,0.0,0.0053990185,0.016630009,0.03522505,0.0,0.0,1.0,1.0,0.07,0.06,0.0,0.7766727,1.0,1.0,0.093802296,0.0,0.0019916743,0.0,0.0,0.08056471,0.0
0.0,0.0,0.029411765,0.1,0.0,0.0,0.0,0.0,0.0,0.0,0.0,0.0,0.0,0.0,0.0,0.0,0.0,0.0,0.0,0.0,0.0,0.0,0.023300827,0.02739726,1.0,1.0,0.0,0.0,0.08,0.08,0.0,0.77776146,1.0,1.0,0.08848547,0.0,0.0,0.0,0.0,0.08919221,0.0
0.0,0.0,0.13235295,0.5,0.0,0.0,0.0,0.0,0.0,0.004791975,0.0,0.0,0.0,0.0,0.0,0.0,0.0,0.0,0.0,0.0,0.0,0.01566723,0.01603482,0.039138943,0.0,0.0,1.0,1.0,0.26,0.05,0.0,0.79142535,1.0,1.0,0.0979448,0.0,0.003727004,0.0,0.0,0.08076948,0.0
0.0156805,0.0,0.04411765,0.3,0.0009923336,0.0,0.0,0.0,0.0,0.004075855,0.0,0.0,0.0,0.0,0.0,0.0,0.0,0.0,0.0,0.0,0.0,0.021205813,0.010230444,0.09393346,0.02,0.02,0.96,0.96,1.0,0.0,0.0,0.78822696,1.0,1.0,0.10191714,0.0,0.009593651,0.0,0.0,0.07067415,0.0
0.14089924,0.0,0.13235295,0.0,0.0,1.1144735e-05,0.0,0.0,0.0,0.0,0.0,0.0,0.0,0.0,0.0,0.0,0.0,0.0,0.0,0.0,0.0,0.0,0.021336421,0.0019569471,0.0,0.0,0.0,0.0,1.0,0.0,0.0,0.73857725,1.0,1.0,0.079261295,0.0,0.00043012202,0.0,0.0,0.078822374,0.0
0.0,0.0,0.029411765,0.2,0.0,0.0,0.0,0.0,0.0,0.0,0.0,0.0,0.0,0.0,0.0,0.0,0.0,0.0,0.0,0.0,0.0,0.0,0.020235784,0.029354207,0.37,0.67,0.63,0.33,0.13,0.08,0.0,0.76540756,1.0,1.0,0.087653466,0.0,0.0,0.0,0.0,0.081483394,0.0
0.0,0.0,0.029411765,0.2,0.0,0.0,0.0,0.0,0.0,0.0,0.0,0.0,0.0,0.0,0.0,0.0,0.0,0.0,0.0,0.0,0.0,0.0,0.017070554,0.02739726,0.0,0.0,1.0,1.0,0.12,0.08,0.0,0.7658262,1.0,1.0,0.09036342,0.0,0.003086999,0.0,0.0,0.07682422,0.0
0.0,1.0,0.36764705,0.0,1.6426413e-05,0.0,0.0,0.0,0.0,0.0,0.0,0.0,0.0,0.0,0.0,0.0,0.0,0.0,0.0,0.0,0.0,0.0,0.022974275,1.0,0.0,0.0,0.0,0.0,1.0,0.0,0.0,0.6977862,0.9963504,1.0,0.06692567,0.0,0.0018032789,0.0,0.0,0.06960505,0.0
0.0,0.0,0.029411765,0.2,0.0,0.0,0.0,0.0,0.0,0.025329351,0.0,0.0,0.0,0.0,0.0,0.0,0.00049090385,0.0,0.0,0.0,0.0,0.034800857,0.016480096,0.01369863,0.0,0.0,1.0,1.0,0.16,0.09,0.0,0.8288213,1.0,1.0,0.107452385,0.0,0.00080543756,0.0,0.0,0.0953874,0.0
1.7326518e-05,0.0,0.22058824,0.0,4.1368454e-05,0.00021769383,0.0,0.0,0.0,0.0,0.0,0.0,0.0,0.0,0.0,0.0,0.0,0.0,0.0,0.0,0.0,0.0013765395,0.012786396,0.0039138943,0.0,0.0,0.0,0.0,1.0,0.0,0.0,0.7564274,1.0,1.0,0.09110198,0.0,0.007858127,0.0,0.0,0.073194,0.0
0.0,0.0,0.029411765,0.2,0.0,0.0,0.0,0.0,0.0,0.0,0.0,0.0,0.0,0.0,0.0,0.0,0.0,0.0,0.0,0.0,0.0,0.0062874258,0.016563654,0.039138943,0.0,0.0,1.0,1.0,0.07,0.06,0.0,0.7782004,1.0,1.0,0.09427052,0.0,0.0019666106,0.0,0.0,0.08088124,0.0
1.7326518e-05,0.0,0.22058824,0.0,4.1368454e-05,0.00021769383,0.0,0.0,0.0,0.0,0.0,0.0,0.0,0.0,0.0,0.0,0.0,0.0,0.0,0.0,0.0,0.0058320463,0.01133164,0.0058708414,0.0,0.0,0.0,0.0,1.0,0.0,0.0,0.76232266,1.0,1.0,0.093986414,0.0,0.0091518015,0.0,0.0,0.069273084,0.0
1.7326518e-05,0.0,0.22058824,0.0,4.1368454e-05,0.00021769383,0.0,0.0,0.0,0.0,0.0,0.0,0.0,0.0,0.0,0.0,0.0,0.0,0.0,0.0,0.0,0.0,0.013581671,0.0058708414,0.0,0.0,0.0,0.0,1.0,0.0,0.0,0.75182295,1.0,1.0,0.08925388,0.0,0.0071588755,0.0,0.0,0.072960466,0.0
0.0,0.0,0.029411765,0.5,0.0,0.0,0.0,0.0,0.0,0.0,0.0,0.0,0.0,0.0,0.0,0.0,0.0,0.0,0.0,0.0,0.0,0.0029112399,0.016883157,0.019569471,0.0,0.0,1.0,1.0,0.04,0.07,0.0,0.7724143,1.0,1.0,0.092422985,0.0,0.0020786375,0.0,0.0,0.079701215,0.0
0.0,0.0,0.45588234,0.2,0.0,0.0,0.0,0.0,0.0,0.0,0.0,0.0,0.0,0.0,0.0,0.0,0.0,0.0,0.0,0.0,0.0,0.0,0.017128155,0.0019569471,0.0,0.0,1.0,1.0,0.0,0.06,0.0,0.76606846,1.0,1.0,0.09053167,0.0,0.002075389,0.0,0.0,0.07846016,0.0
0.0,0.0,0.029411765,0.1,0.0,0.0,0.0,0.0,0.0,0.0,0.0,0.0,0.0,0.0,0.0,0.0,0.0,0.0,0.0,0.0,0.0,0.0,0.022663668,0.01369863,0.81,1.0,0.19,0.0,0.03,0.06,0.0,0.7711456,1.0,1.0,0.08734419,0.0,0.0,0.0,0.0,0.08681199,0.0
0.12911722,0.0,0.13235295,0.0,0.0,3.2691223e-05,0.0,0.0,0.0,0.0,0.0,0.0,0.0,0.0,0.0,0.0,0.0,0.0,0.0,0.0,0.0,0.00066384673,0.01793161,0.0019569471,0.0,0.0,0.0,0.0,1.0,0.0,0.0,0.7655668,1.0,1.0,0.08901899,0.0,0.0034995526,0.0,0.0,0.082199305,0.0
0.0,1.0,0.36764705,0.0,1.6426413e-05,0.0,0.0,0.0,0.0,0.0073378086,0.0,0.0,0.0,0.0,0.0,0.0,0.0,0.0,0.0,0.0,0.0,0.018674135,0.015061602,0.8923679,0.0,0.0,0.0,0.0,1.0,0.0,0.0,0.79267013,1.0,1.0,0.09946736,0.0,0.0028494,0.0,0.0,0.08890766,0.0
0.0,0.0,0.2647059,0.2,0.0,0.0,0.0,0.0,0.0,0.0,0.0,0.0,0.0,0.0,0.0,0.0,0.0,0.0,0.0,0.0,0.0,0.0004362166,0.017050438,0.007827789,0.0,0.0,1.0,1.0,0.02,0.07,0.0,0.76818955,1.0,1.0,0.091152154,0.0,0.0021380037,0.0,0.0,0.07873365,0.0
0.013878541,0.0,0.04411765,0.3,0.0012014838,0.0,0.0,0.0,0.0,0.0,0.0,0.0,0.0,0.0,0.0,0.0,0.0,0.0,0.0,0.0,0.0,0.012943029,0.010580078,0.04892368,0.0,0.0,1.0,1.0,1.0,0.0,0.0,0.7740568,1.0,1.0,0.09784674,0.0,0.009692341,0.0,0.0,0.0679889,0.0
0.0,0.0,0.5294118,0.2,0.0,0.0,0.0,0.0,0.0,0.0,0.0,0.0,0.0,0.0,0.0,0.0,0.0,0.0,0.0,0.0,0.0,0.0043741465,0.016657516,0.031311154,0.0,0.0,1.0,1.0,0.06,0.06,0.0,0.77503836,1.0,1.0,0.09336551,0.0,0.0019203275,0.0,0.0,0.080301315,0.0
0.0,0.0,0.029411765,0.2,0.0,0.0,0.0,0.0,0.0,0.0,0.0,0.0,0.0,0.0,0.0,0.0,0.0,0.0,0.0,0.0,0.0,0.0,0.017125443,0.007827789,0.0,0.0,1.0,1.0,0.02,0.07,0.0,0.76652944,1.0,1.0,0.090604715,0.0,0.0023845732,0.0,0.0,0.07805085,0.0
0.0,0.0,0.029411765,0.1,0.0,0.0,0.0,0.0,0.0,0.0,0.0,0.0,0.0,0.0,0.0,0.0,0.0,0.0,0.0,0.0,0.0,0.0011103153,0.018187441,0.0332681,0.02,0.18,0.98,0.82,0.14,0.06,0.0,0.7702292,1.0,1.0,0.09053651,0.0,0.0019025952,0.0,0.0,0.080569595,0.0
0.0,0.0,0.45588234,0.2,0.0,0.0,0.0,0.0,0.0,0.0,0.0,0.0,0.0,0.0,0.0,0.0,0.0,0.0,0.0,0.0,0.0,0.0054416955,0.016635656,0.0332681,0.0,0.0,1.0,1.0,0.06,0.06,0.0,0.77682924,1.0,1.0,0.09384621,0.0,0.0019423515,0.0,0.0,0.08065373,0.0
0.0,0.0,0.30882353,0.1,0.0,0.0,0.0,0.0,0.0,0.0,0.0,0.0,0.0,0.0,0.0,0.0,0.0,0.0,0.0,0.0,0.0,0.0,0.022993661,0.0332681,1.0,1.0,0.0,0.0,0.06,0.06,0.0,0.7823101,1.0,1.0,0.09007702,0.0,0.0,0.0,0.0,0.09059939,0.0
0.0,0.0,0.029411765,0.2,0.0,0.0,0.0,0.0,0.0,0.0,0.0,0.0,0.0,0.0,0.0,0.0,0.0,0.0,0.0,0.0,0.0,0.0027600229,0.016850322,0.039138943,0.0,0.0,1.0,1.0,0.14,0.06,0.0,0.7708839,1.0,1.0,0.09192438,0.0,0.002941355,0.0,0.0,0.077968925,0.0
0.0,0.0,0.029411765,0.2,0.0,0.0,0.0,0.0,0.0,0.0,0.0,0.0,0.0,0.0,0.0,0.0,0.0,0.0,0.0,0.0,0.0,0.0042147636,0.016753376,0.0332681,0.0,0.0,1.0,1.0,0.08,0.07,0.0,0.77422047,1.0,1.0,0.09298595,0.0,0.0023299158,0.0,0.0,0.079580754,0.0
0.0,0.0,0.029411765,0.1,0.0,0.0,0.0,0.0,0.0,0.0,0.0,0.0,0.0,0.0,0.0,0.0,0.0,0.0,0.0,0.0,0.0,0.0,0.023281857,0.02739726,1.0,1.0,0.0,0.0,0.08,0.1,0.0,0.7786217,1.0,1.0,0.08872964,0.0,0.0,0.0,0.0,0.08940688,0.0
0.0,0.0,0.029411765,0.1,0.0,0.0,0.0,0.0,0.0,0.0,0.0,0.0,0.0,0.0,0.0,0.0,0.0,0.0,0.0,0.0,0.0,0.0,0.023244068,0.029354207,1.0,1.0,0.0,0.0,0.08,0.08,0.0,0.7793461,1.0,1.0,0.08896554,0.0,0.0,0.0,0.0,0.08955556,0.0
0.0,1.0,0.36764705,0.0,1.6426413e-05,0.0,0.0,0.0,0.0,0.0007225871,0.0,0.0,0.0,0.0,0.0,0.0,0.0,0.0,0.0,0.0,0.0,0.013246268,0.014366396,0.27984345,0.0,0.0,0.0,0.0,1.0,0.0,0.0,0.78023684,1.0,1.0,0.096657984,0.0,0.00453414,0.0,0.0,0.0838916,0.0
0.13958243,0.0,0.13235295,0.8,1.5917067e-08,1.1144735e-05,0.0,0.0,0.0,0.0,0.0,0.0,0.0,0.0,0.0,0.0,0.0,0.0,0.0,0.0,0.0,0.0012291372,0.018087417,0.0019569471,1.0,1.0,0.0,0.0,1.0,0.0,0.0,0.7733009,1.0,1.0,0.09141425,0.0,0.00029097497,0.0,0.0,0.085338,0.0
0.0,0.0,0.029411765,0.2,0.0,0.0,0.0,0.0,0.0,0.0,0.0,0.0,0.0,0.0,0.0,0.0,0.0,0.0,0.0,0.0,0.0,0.0,0.017303556,0.0058708414,0.0,0.0,1.0,1.0,0.02,0.06,0.0,0.7612759,1.0,1.0,0.08898216,0.0,0.0028770417,0.0,0.0,0.07627413,0.0
0.0,0.0,0.04411765,0.0,0.0008681168,0.0061771553,0.0,0.0,0.0,0.0,0.0,0.0,0.0,0.0,0.0,0.0,0.0,0.0,0.0,0.0,0.0,0.0063509047,0.010803483,0.011741683,0.0,0.0,0.0,0.0,1.0,0.0,0.33,0.7626262,1.0,1.0,0.094619624,0.0,0.00976561,0.0,0.0,0.06600928,0.0
0.0,0.0,0.04411765,0.0,0.0008681168,0.0061771553,0.0,0.0,0.0,0.0,0.0,0.0,0.0,0.0,0.0,0.0,0.0,0.0,0.0,0.0,0.0,0.0054542124,0.010871984,0.009784736,0.0,0.0,0.0,0.0,1.0,0.0,0.0,0.7611035,1.0,1.0,0.09415164,0.0,0.009758487,0.0,0.0,0.06583035,0.0
0.013774582,0.0,0.04411765,0.3,0.0009789632,7.4298237e-07,0.0,0.0,0.0,0.040266067,0.0,0.0,0.0,0.0,0.0,0.0,0.0032941625,0.020521253,0.0,0.0,0.0,0.06153485,0.009135082,0.078277886,0.0,0.0,1.0,1.0,1.0,0.0,0.0,0.8578479,1.0,1.0,0.121287234,0.0,0.00924705,0.0,0.0,0.08323085,0.0
0.1412631,0.0,0.13235295,0.0,0.0,1.1144735e-05,0.0,0.0,0.0,0.0,0.0,0.0,0.0,0.0,0.0,0.0,0.0,0.0,0.0,0.0,0.0,0.0,0.019086435,0.0019569471,0.0,0.0,0.0,0.0,1.0,0.0,0.0,0.7419667,1.0,1.0,0.08197179,0.0,0.0018874258,0.0,0.0,0.077174485,0.0
0.035952527,0.0,0.04411765,0.3,0.001155006,0.0,0.0,0.0,0.0,0.0,0.0,0.0,0.0,0.0,0.0,0.0,0.0,0.0,0.0,0.0,0.0,0.003381133,0.011150293,0.015655577,0.0,0.0,1.0,1.0,1.0,0.0,0.0,0.75768745,1.0,1.0,0.09297382,0.0,0.009702936,0.0,0.0,0.065666646,0.0
0.0,0.0,0.38235295,0.1,0.0,0.0,0.0,0.0,0.0,0.0,0.0,0.0,0.0,0.0,0.0,0.0,0.0,0.0,0.0,0.0,0.0,2.8461218e-05,0.023020916,0.03522505,1.0,1.0,0.0,0.0,0.07,0.07,0.0,0.78310335,1.0,1.0,0.09022602,0.0,0.0,0.0,0.0,0.09068692,0.0
0.0,0.0,0.029411765,0.2,0.0,0.0,0.0,0.0,0.0,0.0,0.0,0.0,0.0,0.0,0.0,0.0,0.0,0.0,0.0,0.0,0.0,0.0021354854,0.016910225,0.039138943,0.0,0.0,1.0,1.0,0.17,0.06,0.0,0.7695558,1.0,1.0,0.09148642,0.0,0.0031386763,0.0,0.0,0.07742268,0.0
1.7326518e-05,0.0,0.22058824,0.0,4.1368454e-05,0.00021769383,0.0,0.0,0.0,0.0,0.0,0.0,0.0,0.0,0.0,0.0,0.0,0.0,0.0,0.0,0.0,0.0042572916,0.011624977,0.0058708414,0.0,0.0,0.0,0.0,1.0,0.0,0.0,0.7596053,1.0,1.0,0.09296503,0.0,0.009053215,0.0,0.0,0.069862485,0.0
0.0,0.0,0.029411765,0.2,0.0,0.0,0.0,0.0,0.0,0.0,0.0,0.0,0.0,0.0,0.0,0.0,0.0,0.0,0.0,0.0,0.0,0.0038374662,0.016779795,0.03522505,0.0,0.0,1.0,1.0,0.09,0.06,0.0,0.77335227,1.0,1.0,0.09270742,0.0,0.0024849623,0.0,0.0,0.079199076,0.0
0.0,0.0,0.029411765,0.2,0.0,0.0,0.0,0.0,0.0,0.0,0.0,0.0,0.0,0.0,0.0,0.0,0.0,0.0,0.0,0.0,0.0,0.0019958913,0.01690939,0.021526419,0.0,0.0,1.0,1.0,0.05,0.06,0.0,0.7705858,1.0,1.0,0.09189426,0.0,0.0022641271,0.0,0.0,0.079021424,0.0
0.0,0.0,0.029411765,0.1,0.0,0.0,0.0,0.0,0.0,0.0,0.0,0.0,0.0,0.0,0.0,0.0,0.0,0.0,0.0,0.0,0.0,0.0,0.02311936,0.029354207,1.0,1.0,0.0,0.0,0.06,0.07,0.0,0.78103745,1.0,1.0,0.08957831,0.0,0.0,0.0,0.0,0.09016517,0.0
0.0,0.0,0.04411765,0.0,0.0008681168,0.0061771553,0.0,0.0,0.0,0.0,0.0,0.0,0.0,0.0,0.0,0.0,0.0,0.0,0.0,0.0,0.0,0.0060856044,0.010707781,0.025440313,0.0,0.0,0.0,0.0,1.0,0.0,0.15,0.76208496,1.0,1.0,0.09457385,0.0,0.00985153,0.0,0.0,0.06545004,0.0
0.0,0.0,0.029411765,0.1,0.0,0.0,0.0,0.0,0.0,0.0,0.0,0.0,0.0,0.0,0.0,0.0,0.0,0.0,0.0,0.0,0.0,0.0,0.023460954,0.01369863,1.0,1.0,0.0,0.0,0.04,0.09,0.0,0.77477336,1.0,1.0,0.08754002,0.0,0.0,0.0,0.0,0.08847278,0.0
0.0,0.0,0.47058824,0.1,0.0,0.0,0.0,0.0,0.0,0.0,0.0,0.0,0.0,0.0,0.0,0.0,0.0,0.0,0.0,0.0,0.0,0.0,0.02333565,0.039138943,1.0,1.0,0.0,0.0,0.13,0.06,0.0,0.77779675,1.0,1.0,0.088408925,0.0,0.0,0.0,0.0,0.08884549,0.0
0.0,0.0,0.029411765,0.2,0.0,0.0,0.0,0.0,0.0,0.0,0.0,0.0,0.0,0.0,0.0,0.0,0.0,0.0,0.0,0.0,0.0,0.003308028,0.016803049,0.017612524,0.0,0.0,1.0,1.0,0.03,0.06,0.0,0.7735077,1.0,1.0,0.09284233,0.0,0.0017778426,0.0,0.0,0.080272555,0.0
0.0,0.0,0.029411765,0.2,0.0,0.0,0.0,0.0,0.0,0.0,0.0,0.0,0.0,0.0,0.0,0.0,0.0,0.0,0.0,0.0,0.0,0.0010996163,0.017014384,0.025440313,0.0,0.0,1.0,1.0,0.09,0.07,0.0,0.7683189,1.0,1.0,0.091111116,0.0,0.002802834,0.0,0.0,0.07777718,0.0
0.0,0.0,0.029411765,0.2,0.0,0.0,0.0,0.0,0.0,0.0,0.0,0.0,0.0,0.0,0.0,0.0,0.0,0.0,0.0,0.0,0.0,3.796816e-05,0.017008148,0.0058708414,0.0,0.0,1.0,1.0,0.01,0.06,0.0,0.76782167,1.0,1.0,0.09114071,0.0,0.0019046217,0.0,0.0,0.07896641,0.0
0.0,1.0,0.36764705,0.0,1.6426413e-05,0.0,0.0,0.0,0.0,0.0018540919,0.0,0.0,0.0,0.0,0.0,0.0,0.0,0.0,0.0,0.0,0.0,0.014211565,0.014567301,0.42074364,0.0,0.0,0.0,0.0,1.0,0.0,0.0,0.7823343,1.0,1.0,0.09703196,0.0,0.0042615086,0.0,0.0,0.08507779,0.0
0.0,0.0,0.7352941,0.5,0.0,0.0,0.0,0.0,0.0,0.0,0.0,0.0,0.0,0.0,0.0,0.0,0.0,0.0,0.0,0.0,0.0,0.0,0.017478228,0.0019569471,0.0,0.0,1.0,1.0,0.01,0.08,0.0,0.7625247,1.0,1.0,0.089112304,0.0,0.002735749,0.0,0.0,0.07738438,0.0
0.0,1.0,0.36764705,0.0,8.276875e-06,0.0,0.0,0.0,0.0,0.0,0.0,0.0,0.0,0.0,0.0,0.0,0.0,0.0,0.0,0.0,0.0,0.011268824,0.014159039,0.105675146,0.0,0.0,0.0,0.0,1.0,0.0,0.0,0.77620924,1.0,1.0,0.095773585,0.0,0.0049408376,0.0,0.0,0.08202419,0.0
0.0,0.0,0.7058824,0.2,0.0,0.0,0.0,0.0,0.0,0.0,0.0,0.0,0.0,0.0,0.0,0.0,0.0,0.0,0.0,0.0,0.0,0.0058162212,0.016557008,0.039138943,0.0,0.0,1.0,1.0,0.07,0.06,0.0,0.7773824,1.0,1.0,0.09406727,0.0,0.0019759685,0.0,0.0,0.08064169,0.0
0.0,0.0,0.13235295,0.8,0.0,3.2691223e-05,0.0,0.0,0.0,0.017678797,0.0,0.0,0.0,0.0,0.0,0.0,0.0,0.0,0.0,0.0,0.0,0.024411827,0.018957242,0.0019569471,0.5,1.0,0.5,0.0,0.5,1.0,0.0,0.81555927,1.0,1.0,0.101794265,0.0,0.0,0.0,0.0,0.094702005,0.0
0.0,0.0,0.029411765,0.2,0.0,0.0,0.0,0.0,0.0,0.0,0.0,0.0,0.0,0.0,0.0,0.0,0.0,0.0,0.0,0.0,0.0,0.0,0.01724638,0.011741683,0.0,0.0,1.0,1.0,0.05,0.06,0.0,0.76135457,1.0,1.0,0.089046784,0.0,0.0029810965,0.0,0.0,0.07606697,0.0
0.0,1.0,0.36764705,0.0,1.6044403e-05,0.0,0.0,0.0,0.0,0.0073378086,0.0,0.0,0.0,0.0,0.0,0.0,0.0,0.0,0.0,0.0,0.0,0.018674135,0.015061602,0.8923679,0.0,0.0,0.0,0.0,1.0,0.0,0.0,0.79267013,1.0,1.0,0.09946736,0.0,0.0028494,0.0,0.0,0.08890766,0.0
0.0,0.0,0.029411765,0.2,0.0,0.0,0.0,0.0,0.0,0.0,0.0,0.0,0.0,0.0,0.0,0.0,0.0,0.0,0.0,0.0,0.0,0.0005518198,0.017019846,0.011741683,0.0,0.0,1.0,1.0,0.03,0.07,0.0,0.7683034,1.0,1.0,0.09120514,0.0,0.0021732599,0.0,0.0,0.07873103,0.0
0.0,1.0,0.36764705,0.0,1.6426413e-05,0.0,0.0,0.0,0.0,0.0005530715,0.0,0.0,0.0,0.0,0.0,0.0,0.0,0.0,0.0,0.0,0.0,0.013095051,0.0143472105,0.26418787,0.0,0.0,0.0,0.0,1.0,0.0,0.0,0.7799239,1.0,1.0,0.09659221,0.0,0.004567817,0.0,0.0,0.08373949,0.0
0.0,0.0,0.029411765,0.2,0.0,0.0,0.0,0.0,0.0,0.0,0.0,0.0,0.0,0.0,0.0,0.0,0.0,0.0,0.0,0.0,0.0,0.0026965141,0.016962953,0.021526419,0.05,0.0,0.95,1.0,0.05,0.06,0.0,0.77219474,1.0,1.0,0.09230163,0.0,0.0020153075,0.0,0.0,0.07971677,0.0
0.0,0.0,0.029411765,0.2,0.0,0.0,0.0,0.0,0.0,0.0,0.0,0.0,0.0,0.0,0.0,0.0,0.0,0.0,0.0,0.0,0.0,0.0027475357,0.01680503,0.017612524,0.0,0.0,1.0,1.0,0.03,0.06,0.0,0.7724998,1.0,1.0,0.09257644,0.0,0.0018153489,0.0,0.0,0.07995498,0.0
0.13951312,0.0,0.13235295,0.8,1.5917067e-08,1.1144735e-05,0.0,0.0,0.0,0.0,0.0,0.0,0.0,0.0,0.0,0.0,0.0,0.0,0.0,0.0,0.0,0.001911521,0.01805827,0.0019569471,1.0,1.0,0.0,0.0,1.0,0.0,0.0,0.7745769,1.0,1.0,0.09178867,0.0,0.00021363795,0.0,0.0,0.08568683,0.0
0.0,0.0,0.8382353,0.5,0.0,0.0,0.0,0.0,0.0,0.0,0.0,0.0,0.0,0.0,0.0,0.0,0.0,0.0,0.0,0.0,0.0,0.00024715066,0.017054088,0.023483366,0.0,0.0,1.0,1.0,0.09,0.06,0.0,0.76675594,1.0,1.0,0.09065456,0.0,0.0028966665,0.0,0.0,0.07725608,0.0
0.0,0.0,0.5147059,0.2,0.0,0.0,0.0,0.0,0.0,0.0,0.0,0.0,0.0,0.0,0.0,0.0,0.0,0.0,0.0,0.0,0.0,0.0,0.017371826,0.0019569471,0.0,0.0,1.0,1.0,0.01,0.07,0.0,0.7587402,1.0,1.0,0.088248186,0.0,0.0029395968,0.0,0.0,0.07564002,0.0
0.0,0.0,0.19117647,0.2,0.0,0.0,0.0,0.0,0.0,0.0,0.0,0.0,0.0,0.0,0.0,0.0,0.0,0.0,0.0,0.0,0.0,0.0027347505,0.016890325,0.021526419,0.0,0.0,1.0,1.0,0.05,0.07,0.0,0.77197313,1.0,1.0,0.09228524,0.0,0.0021702796,0.0,0.0,0.0794951,0.0
0.0,1.0,0.36764705,0.0,8.276875e-06,0.0,0.0,0.0,0.0,0.0,0.0,0.0,0.0,0.0,0.0,0.0,0.0,0.0,0.0,0.0,0.0,0.0,0.019679457,0.9960861,0.0,0.0,0.0,0.0,1.0,0.0,0.0,0.72532606,1.0,1.0,0.077589355,0.0,0.0024918169,0.0,0.0,0.07221252,0.0
0.0,1.0,0.36764705,0.0,8.08587e-06,0.0,0.0,0.0,0.0,0.0,0.0,0.0,0.0,0.0,0.0,0.0,0.0,0.0,0.0,0.0,0.0,0.0,0.02550269,1.0,0.0,0.0,0.0,0.0,1.0,0.0,0.0,0.68472075,0.98189443,1.0,0.060939245,0.0,0.0018148124,0.0,0.0,0.06498268,0.0
0.0,0.0,0.04411765,0.0,0.0008681168,0.0061771553,0.0,0.0,0.0,0.0,0.0,0.0,0.0,0.0,0.0,0.0,0.0,0.0,0.0,0.0,0.0,0.0044872165,0.010945171,0.0039138943,0.0,0.0,0.5,0.5,1.0,0.0,0.0,0.7594532,1.0,1.0,0.09364482,0.0,0.009764895,0.0,0.0,0.06557807,0.0
0.0,0.0,0.029411765,0.1,0.0,0.0,0.0,0.0,0.0,0.0,0.0,0.0,0.0,0.0,0.0,0.0,0.0,0.0,0.0,0.0,0.0,0.0,0.02305527,0.029354207,1.0,1.0,0.0,0.0,0.06,0.07,0.0,0.78130496,1.0,1.0,0.08974264,0.0,0.0,0.0,0.0,0.090356916,0.0
0.0,0.0,0.029411765,0.2,0.0,0.0,0.0,0.0,0.0,0.0,0.0,0.0,0.0,0.0,0.0,0.0,0.0,0.0,0.0,0.0,0.0,0.0039512813,0.017061554,0.029354207,0.12,0.0,0.88,1.0,0.07,0.07,0.0,0.77431965,1.0,1.0,0.09274631,0.0,0.002088815,0.0,0.0,0.08001757,0.0
0.0,0.0,0.029411765,0.2,0.0,0.0,0.0,0.0,0.0,0.0,0.0,0.0,0.0,0.0,0.0,0.0,0.0,0.0,0.0,0.0,0.0,0.005109042,0.016657755,0.03522505,0.0,0.0,1.0,1.0,0.07,0.07,0.0,0.77605605,1.0,1.0,0.093599014,0.0,0.0020833313,0.0,0.0,0.08031106,0.0
0.0,0.0,0.1764706,0.2,0.0,0.0,0.0,0.0,0.0,0.0,0.0,0.0,0.0,0.0,0.0,0.0,0.0,0.0,0.0,0.0,0.0,0.0029511452,0.016837284,0.017612524,0.0,0.0,1.0,1.0,0.03,0.06,0.0,0.7727488,1.0,1.0,0.09259208,0.0,0.0018906444,0.0,0.0,0.079960436,0.0
0.0,0.0,0.13235295,0.8,0.0,3.2691223e-05,0.0,0.0,0.0,0.01861775,0.0,0.0,0.0,0.0,0.0,0.0,0.0,0.0,0.0,0.0,0.0,0.025492191,0.019006409,0.0019569471,1.0,1.0,0.0,0.0,1.0,0.0,0.0,0.81742704,1.0,1.0,0.102234475,0.0,0.0,0.0,0.0,0.095098585,0.0
0.0,0.0,0.5147059,0.2,0.0,0.0,0.0,0.0,0.0,0.0,0.0,0.0,0.0,0.0,0.0,0.0,0.0,0.0,0.0,0.0,0.0,0.0014024675,0.016900048,0.037181996,0.0,0.0,1.0,1.0,0.14,0.06,0.0,0.76847625,1.0,1.0,0.091240294,0.0,0.0030108988,0.0,0.0,0.077362746,0.0
0.0,0.0,0.029411765,0.2,0.0,0.0,0.0,0.0,0.0,0.0,0.0,0.0,0.0,0.0,0.0,0.0,0.0,0.0,0.0,0.0,0.0,0.0,0.01704035,0.009784736,0.0,0.0,1.0,1.0,0.02,0.06,0.0,0.76716745,1.0,1.0,0.09088934,0.0,0.0022036731,0.0,0.0,0.07838553,0.0
0.0,0.0,0.60294116,0.1,0.0,0.0,0.0,0.0,0.0,0.0,0.0,0.0,0.0,0.0,0.0,0.0,0.0,0.0,0.0,0.0,0.0,0.0,0.023272872,0.021526419,1.0,1.0,0.0,0.0,0.05,0.07,0.0,0.77680874,1.0,1.0,0.08830846,0.0,0.0,0.0,0.0,0.08916703,0.0
0.0,0.0,0.29411766,0.2,0.0,0.0,0.0,0.0,0.0,0.0,0.0,0.0,0.0,0.0,0.0,0.0,0.0,0.0,0.0,0.0,0.0,0.0019066036,0.016918562,0.01369863,0.0,0.0,1.0,1.0,0.03,0.07,0.0,0.77088904,1.0,1.0,0.092014395,0.0,0.0019649416,0.0,0.0,0.07950735,0.0
0.0,0.0,0.7941176,0.1,0.0,0.0,0.0,0.0,0.0,0.0,0.0,0.0,0.0,0.0,0.0,0.0,0.0,0.0,0.0,0.0,0.0,0.0,0.023457088,0.029354207,1.0,1.0,0.0,0.0,0.11,0.06,0.0,0.7752495,1.0,1.0,0.087616526,0.0,0.0,0.0,0.0,0.08826995,0.0
0.0,0.0,0.4117647,0.1,0.0,0.0,0.0,0.0,0.0,0.0,0.0,0.0,0.0,0.0,0.0,0.0,0.0,0.0,0.0,0.0,0.0,0.0,0.024429515,0.0019569471,1.0,1.0,0.0,0.0,0.01,0.07,0.0,0.72043574,1.0,1.0,0.07205623,0.0,0.0,0.0,0.0,0.0767917,0.0
0.0,1.0,0.36764705,0.0,1.6044403e-05,0.0,0.0,0.0,0.0,0.0,0.0,0.0,0.0,0.0,0.0,0.0,0.0,0.0,0.0,0.0,0.0,0.010799766,0.01396957,0.017612524,0.0,0.0,0.0,0.0,1.0,0.0,0.0,0.77510464,1.0,1.0,0.09565274,0.0,0.005134344,0.0,0.0,0.081198215,0.0
0.0,0.0,0.029411765,0.2,0.0,0.0,0.0,0.0,0.0,0.0,0.0,0.0,0.0,0.0,0.0,0.0,0.0,0.0,0.0,0.0,0.0,9.2059374e-05,0.01708769,0.0019569471,0.0,0.0,1.0,1.0,0.0,0.07,0.0,0.76793027,1.0,1.0,0.091079034,0.0,0.001911059,0.0,0.0,0.07912901,0.0
0.0,0.0,0.029411765,0.1,0.0,0.0,0.0,0.0,0.0,0.0,0.0,0.0,0.0,0.0,0.0,0.0,0.0,0.0,0.0,0.0,0.0,0.0027430654,0.021335557,0.02739726,0.85,0.57,0.15,0.43,0.05,0.06,0.0,0.7827815,1.0,1.0,0.0914688,0.0,0.0,0.0,0.0,0.088998556,0.0
0.0,0.0,0.04411765,0.1,0.0,0.0,0.0,0.0,0.0,0.056064963,0.0,0.0,0.0,0.0,0.0,0.0,0.0026106834,0.025714308,0.0,0.0,0.0,0.07165107,0.015292056,0.14872798,1.0,1.0,0.0,0.0,1.0,0.0,0.0,0.8888582,1.0,1.0,0.124157526,0.0,0.00238733,0.0,0.0,0.10374391,0.0
0.0,0.0,0.029411765,0.2,0.0,0.0,0.0,0.0,0.0,0.0,0.0,0.0,0.0,0.0,0.0,0.0,0.0,0.0,0.0,0.0,0.0,0.0,0.01700382,0.0019569471,0.0,0.0,1.0,1.0,0.0,0.06,0.0,0.76785934,1.0,1.0,0.09118868,0.0,0.0016970932,0.0,0.0,0.07929367,0.0
0.0,1.0,0.36764705,0.0,1.6426413e-05,0.0,0.0,0.0,0.0,0.0,0.0,0.0,0.0,0.0,0.0,0.0,0.0,0.0,0.0,0.0,0.0,0.0,0.039257057,1.0,0.0,0.0,0.0,0.0,1.0,0.0,0.0,0.6230061,0.9015182,1.0,0.029648453,0.0,0.0053340346,0.0,0.0,0.06273723,0.0
0.0,0.0,0.029411765,0.2,0.0,0.0,0.0,0.0,0.0,0.0,0.0,0.0,0.0,0.0,0.0,0.0,0.0,0.0,0.0,0.0,0.0,0.0023460388,0.016843565,0.017612524,0.0,0.0,1.0,1.0,0.03,0.06,0.0,0.771646,1.0,1.0,0.092294924,0.0,0.0019421428,0.0,0.0,0.07960385,0.0
0.0,0.0,0.029411765,0.2,0.0,0.0,0.0,0.0,0.0,0.0,0.0,0.0,0.0,0.0,0.0,0.0,0.0,0.0,0.0,0.0,0.0,0.0002617836,0.017048284,0.0039138943,0.0,0.0,1.0,1.0,0.01,0.07,0.0,0.7681798,1.0,1.0,0.09118449,0.0,0.0019375533,0.0,0.0,0.07904142,0.0
0.0,0.0,0.11764706,0.1,0.0,0.0,0.0,0.0,0.0,0.0,0.0,0.0,0.0,0.0,0.0,0.0,0.0,0.0,0.0,0.0,0.0,0.0,0.023306675,0.021526419,1.0,1.0,0.0,0.0,0.05,0.06,0.0,0.77574706,1.0,1.0,0.08799138,0.0,0.0,0.0,0.0,0.08887982,0.0
0.0,0.0,0.04411765,0.0,0.0008681168,0.0061771553,0.0,0.0,0.0,0.0,0.0,0.0,0.0,0.0,0.0,0.0,0.0,0.0,0.0,0.0,0.0,0.0071181655,0.010754555,0.04696673,0.0,0.0,0.0,0.0,1.0,0.0,0.08,0.7639425,1.0,1.0,0.095014684,0.0,0.009773478,0.0,0.0,0.066138685,0.0
0.0,0.0,0.029411765,0.2,0.0,0.0,0.0,0.0,0.0,0.0,0.0,0.0,0.0,0.0,0.0,0.0,0.0,0.0,0.0,0.0,0.0,0.0,0.017126173,0.009784736,0.0,0.0,1.0,1.0,0.03,0.06,0.0,0.7662306,1.0,1.0,0.09051388,0.0,0.0024551451,0.0,0.0,0.07790324,0.0
0.015628519,0.0,0.04411765,0.3,0.0009226168,0.0,0.0,0.0,0.0,0.0020255148,0.0,0.0,0.0,0.0,0.0,0.0,0.0,0.0,0.0,0.0,0.0,0.018948704,0.010302782,0.08219178,0.02,0.02,0.95,0.95,1.0,0.0,0.0,0.78432584,1.0,1.0,0.100819595,0.0,0.009634569,0.0,0.0,0.06988606,0.0
0.0,0.0,0.05882353,0.1,0.0,0.0,0.0,0.0,0.0,0.0,0.0,0.0,0.0,0.0,0.0,0.0,0.0,0.0,0.0,0.0,0.0,0.0,0.020863153,0.0039138943,0.01,1.0,0.99,0.0,0.01,0.07,0.0,0.75427794,1.0,1.0,0.084409885,0.0,0.0,0.0,0.0,0.07965559,0.0
0.0,0.0,0.029411765,0.2,0.0,0.0,0.0,0.0,0.0,0.0,0.0,0.0,0.0,0.0,0.0,0.0,0.0,0.0,0.0,0.0,0.0,0.0030849278,0.016824432,0.017612524,0.0,0.0,1.0,1.0,0.03,0.06,0.0,0.77303326,1.0,1.0,0.09268593,0.0,0.0018482804,0.0,0.0,0.08007747,0.0
0.0,1.0,0.36764705,0.0,1.6044403e-05,0.0,0.0,0.0,0.0,0.0030615926,0.0,0.0,0.0,0.0,0.0,0.0,0.0,0.0,0.0,0.0,0.0,0.015288293,0.014704369,0.5322896,0.0,0.0,0.0,0.0,1.0,0.0,0.0,0.78456295,1.0,1.0,0.09750032,0.0,0.0040213466,0.0,0.0,0.08616158,0.0
0.0,0.0,0.2647059,0.2,0.0,0.0,0.0,0.0,0.0,0.0,0.0,0.0,0.0,0.0,0.0,0.0,0.0,0.0,0.0,0.0,0.0,0.0012182891,0.016904108,0.011741683,0.0,0.0,1.0,1.0,0.02,0.06,0.0,0.7699044,1.0,1.0,0.09179958,0.0,0.0018231571,0.0,0.0,0.07948646,0.0
0.0,0.0,0.029411765,0.2,0.0,0.0,0.0,0.0,0.0,0.0,0.0,0.0,0.0,0.0,0.0,0.0,0.0,0.0,0.0,0.0,0.0,0.0002577901,0.017067656,0.007827789,0.0,0.0,1.0,1.0,0.02,0.06,0.0,0.7678101,1.0,1.0,0.091027044,0.0,0.0021943748,0.0,0.0,0.07857752,0.0
0.12818158,0.0,0.13235295,0.0,0.0,3.2691223e-05,0.0,0.0,0.0,0.018910468,0.0,0.0,0.0,0.0,0.0,0.0,0.0,0.0,0.0,0.0,0.0,0.028453141,0.018227883,0.0019569471,0.0,0.0,0.0,0.0,1.0,0.0,0.0,0.8176218,1.0,1.0,0.10267042,0.0,0.0012031645,0.0,0.0,0.09485036,0.0
0.0,0.0,0.029411765,0.2,0.0,0.0,0.0,0.0,0.0,0.0,0.0,0.0,0.0,0.0,0.0,0.0,0.0,0.0,0.0,0.0,0.0,0.0,0.01710055,0.02739726,0.0,0.0,1.0,1.0,0.14,0.06,0.0,0.7651622,1.0,1.0,0.09014445,0.0,0.0031856447,0.0,0.0,0.07655114,0.0
1.7326518e-05,0.0,0.22058824,0.0,4.1368454e-05,0.00021769383,0.0,0.0,0.0,0.0,0.0,0.0,0.0,0.0,0.0,0.0,0.0,0.0,0.0,0.0,0.0,0.0026493967,0.012101427,0.0058708414,0.0,0.0,0.0,0.0,1.0,0.0,0.0,0.75684786,1.0,1.0,0.09174023,0.0,0.008870959,0.0,0.0,0.07120693,0.0
0.0,0.0,0.0882353,0.1,0.0,0.0,0.0,0.0,0.0,0.0,0.0,0.0,0.0,0.0,0.0,0.0,0.0,0.0,0.0,0.0,0.0,0.0,0.023532651,0.009784736,1.0,1.0,0.0,0.0,0.03,0.09,0.0,0.77302873,1.0,1.0,0.08700528,0.0,0.0,0.0,0.0,0.08805925,0.0
0.0,0.0,0.04411765,0.0,0.0008681168,0.0061771553,0.0,0.0,0.0,0.0,0.0,0.0,0.0,0.0,0.0,0.0,0.0,0.0,0.0,0.0,0.0,0.0,0.011353537,0.011741683,0.0,0.0,0.0,0.0,1.0,0.0,0.0,0.74520934,1.0,1.0,0.08949677,0.0,0.0097504705,0.0,0.0,0.06357363,0.0
0.0,0.0,0.029411765,0.1,0.0,0.0,0.0,0.0,0.0,0.0,0.0,0.0,0.0,0.0,0.0,0.0,0.0,0.0,0.0,0.0,0.0,0.0,0.023070566,0.023483366,1.0,1.0,0.0,0.0,0.04,0.06,0.0,0.7803668,1.0,1.0,0.089503445,0.0,0.0,0.0,0.0,0.09024155,0.0
0.0,0.0,0.04411765,0.0,0.0008681168,0.0061771553,0.0,0.0,0.0,0.0,0.0,0.0,0.0,0.0,0.0,0.0,0.0,0.0,0.0,0.0,0.0,0.0063509047,0.010803483,0.019569471,0.0,0.0,0.0,0.0,1.0,0.0,0.2,0.7626262,1.0,1.0,0.094619624,0.0,0.00976561,0.0,0.0,0.06600928,0.0
0.0,0.0,0.029411765,0.2,0.0,0.0,0.0,0.0,0.0,0.0,0.0,0.0,0.0,0.0,0.0,0.0,0.0,0.0,0.0,0.0,0.0,0.0,0.017303616,0.009784736,0.0,0.0,1.0,1.0,0.05,0.06,0.0,0.7613331,1.0,1.0,0.08896547,0.0,0.0030704439,0.0,0.0,0.07598594,0.0
0.0,0.0,0.20588236,0.1,0.0,0.0,0.0,0.0,0.0,0.0,0.0,0.0,0.0,0.0,0.0,0.0,0.0,0.0,0.0,0.0,0.0,0.0,0.023322232,0.023483366,1.0,1.0,0.0,0.0,0.07,0.1,0.0,0.77875936,1.0,1.0,0.088718615,0.0,0.0,0.0,0.0,0.08937597,0.0
0.0,0.0,0.029411765,0.1,0.0,0.0,0.0,0.0,0.0,0.0,0.0,0.0,0.0,0.0,0.0,0.0,0.0,0.0,0.0,0.0,0.0,0.0,0.023519486,0.0058708414,1.0,1.0,0.0,0.0,0.02,0.08,0.0,0.7718332,1.0,1.0,0.086737,0.0,0.0,0.0,0.0,0.087939054,0.0
1.7326518e-05,0.0,0.22058824,0.0,4.1368454e-05,0.00021769383,0.0,0.0,0.0,0.0,0.0,0.0,0.0,0.0,0.0,0.0,0.0,0.0,0.0,0.0,0.0,0.0,0.014255829,0.0058708414,0.0,0.0,0.0,0.0,1.0,0.0,0.0,0.7458637,1.0,1.0,0.087236844,0.0,0.006434813,0.0,0.0,0.07094222,0.0
0.0,0.0,0.22058824,0.5,0.0,0.0,0.0,0.0,0.0,0.0,0.0,0.0,0.0,0.0,0.0,0.0,0.0,0.0,0.0,0.0,0.0,0.0015301108,0.017006561,0.01369863,0.0,0.0,1.0,1.0,0.03,0.07,0.0,0.7699046,1.0,1.0,0.09162327,0.0,0.002223432,0.0,0.0,0.07900554,0.0
0.0,1.0,0.36764705,0.0,8.276875e-06,0.0,0.0,0.0,0.0,0.0007738173,0.0,0.0,0.0,0.0,0.0,0.0,0.0,0.0,0.0,0.0,0.0,0.013248146,0.014444672,0.32093933,0.0,0.0,0.0,0.0,1.0,0.0,0.0,0.78034043,1.0,1.0,0.09661294,0.0,0.0044763833,0.0,0.0,0.084108055,0.0
0.0,0.0,0.7647059,0.2,0.0,0.0,0.0,0.0,0.0,0.0,0.0,0.0,0.0,0.0,0.0,0.0,0.0,0.0,0.0,0.0,0.0,0.002997011,0.016761497,0.021526419,0.0,0.0,1.0,1.0,0.04,0.05,0.0,0.7728983,1.0,1.0,0.09272333,0.0,0.0018083602,0.0,0.0,0.08006939,0.0
0.0,0.0,0.04411765,0.1,0.0,0.0,0.0,0.0,0.0,0.015866727,0.0,0.0,0.0,0.0,0.0,0.0,0.0,0.0,0.0,0.0,0.0,0.031144232,0.013241902,0.06849315,0.06,0.06,0.94,0.94,1.0,0.0,0.0,0.8123205,1.0,1.0,0.10571312,0.0,0.006538078,0.0,0.0,0.079654306,0.0
0.0,0.0,0.029411765,0.2,0.0,0.0,0.0,0.0,0.0,0.0,0.0,0.0,0.0,0.0,0.0,0.0,0.0,0.0,0.0,0.0,0.0,0.005353749,0.016572699,0.037181996,0.0,0.0,1.0,1.0,0.07,0.05,0.0,0.7766942,1.0,1.0,0.09388364,0.0,0.0019023567,0.0,0.0,0.08064574,0.0
0.12509747,0.0,0.13235295,0.0,0.0,3.2691223e-05,0.0,0.0,0.0,0.0,0.0,0.0,0.0,0.0,0.0,0.0,0.0,0.0,0.0,0.0,0.0,0.0,0.017629772,0.0019569471,0.0,0.0,0.0,0.0,1.0,0.0,0.0,0.7473359,1.0,1.0,0.08453827,0.0,0.0041478574,0.0,0.0,0.075577945,0.0
0.0,0.0,0.6617647,0.5,0.0,0.0,0.0,0.0,0.0,0.0,0.0,0.0,0.0,0.0,0.0,0.0,0.0,0.0,0.0,0.0,0.0,0.0,0.017185919,0.0019569471,0.0,0.0,1.0,1.0,0.0,0.08,0.0,0.7647879,1.0,1.0,0.09010937,0.0,0.002265647,0.0,0.0,0.07793346,0.0
0.0,0.0,0.029411765,0.2,0.0,0.0,0.0,0.0,0.0,0.0,0.0,0.0,0.0,0.0,0.0,0.0,0.0,0.0,0.0,0.0,0.0,0.00061276555,0.017042696,0.01369863,0.0,0.0,1.0,1.0,0.04,0.06,0.0,0.7681378,1.0,1.0,0.09110721,0.0,0.0023737252,0.0,0.0,0.07837579,0.0
0.0,1.0,0.36764705,0.0,1.6426413e-05,0.0,0.0,0.0,0.0,0.0025355518,0.0,0.0,0.0,0.0,0.0,0.0,0.0,0.0,0.0,0.0,0.0,0.0128623545,0.015878193,0.9960861,0.0,0.0,0.0,0.0,1.0,0.0,0.0,0.7842188,1.0,1.0,0.09655916,0.0,0.002450347,0.0,0.0,0.0869188,0.0
0.035657976,0.0,0.04411765,0.3,0.001155006,0.0,0.0,0.0,0.0,0.028726041,0.0,0.0,0.0,0.0,0.0,0.0,0.0017007738,0.010749459,0.0,0.0,0.0,0.04873833,0.009759933,0.015655577,0.0,0.0,1.0,1.0,1.0,0.0,0.0,0.8359238,1.0,1.0,0.11490751,0.0,0.009368345,0.0,0.0,0.07930642,0.0
0.0,0.0,0.029411765,0.1,0.0,0.0,0.0,0.0,0.0,0.0,0.0,0.0,0.0,0.0,0.0,0.0,0.0,0.0,0.0,0.0,0.0,0.0,0.0233358,0.017612524,1.0,1.0,0.0,0.0,0.05,0.09,0.0,0.777243,1.0,1.0,0.088337325,0.0,0.0,0.0,0.0,0.08914766,0.0
0.0,0.0,0.47058824,0.1,0.0,0.0,0.0,0.0,0.0,0.0,0.0,0.0,0.0,0.0,0.0,0.0,0.0,0.0,0.0,0.0,0.0,0.0,0.023019172,0.0332681,1.0,1.0,0.0,0.0,0.07,0.07,0.0,0.7825663,1.0,1.0,0.09010231,0.0,0.0,0.0,0.0,0.09059626,0.0
0.0,0.0,0.029411765,0.1,0.0,0.0,0.0,0.0,0.0,0.0,0.0,0.0,0.0,0.0,0.0,0.0,0.0,0.0,0.0,0.0,0.0,0.0,0.02193442,0.029354207,0.82,0.8,0.18,0.2,0.13,0.06,0.0,0.7704284,1.0,1.0,0.08755813,0.0,0.0,0.0,0.0,0.08497587,0.0
0.0,0.0,0.13235295,0.8,0.0,3.2691223e-05,0.0,0.0,0.0,0.020532578,0.0,0.0,0.0,0.0,0.0,0.0,0.0,0.0,0.0,0.0,0.0,0.02777192,0.018934347,0.0019569471,1.0,1.0,0.0,0.0,1.0,0.0,0.0,0.8210882,1.0,1.0,0.10324415,0.0,0.0,0.0,0.0,0.0958319,0.0
0.013722602,0.0,0.04411765,0.3,0.00093312206,0.0,0.0,0.0,0.0,0.04269433,0.0,0.0,0.0,0.0,0.0,7.70241e-05,0.003558576,0.02281472,0.0,0.0,0.0,0.064335376,0.009065688,0.04696673,0.0,0.0,1.0,1.0,1.0,0.0,0.0,0.8626369,1.0,1.0,0.122609966,0.0,0.009298205,0.0,0.0,0.083801806,0.0
0.0,0.0,0.029411765,0.1,0.0,0.0,0.0,0.0,0.0,0.0,0.0,0.0,0.0,0.0,0.0,0.0,0.0,0.0,0.0,0.0,0.0,0.0,0.023391299,0.037181996,1.0,1.0,0.0,0.0,0.14,0.07,0.0,0.7768307,1.0,1.0,0.088085465,0.0,0.0,0.0,0.0,0.088609725,0.0
0.0,0.0,0.04411765,0.1,0.0,0.0,0.0,0.0,0.0,0.0,0.0,0.0,0.0,0.0,0.0,0.0,0.0,0.0,0.0,0.0,0.0,0.0,0.023842327,0.0332681,1.0,1.0,0.0,0.0,1.0,0.0,0.0,0.75256264,1.0,1.0,0.08104295,0.0,0.0,0.0,0.0,0.08286446,0.0
0.0,0.0,0.38235295,0.2,0.0,0.0,0.0,0.0,0.0,0.0,0.0,0.0,0.0,0.0,0.0,0.0,0.0,0.0,0.0,0.0,0.0,0.0004643798,0.01703678,0.011741683,0.02,0.0,0.98,1.0,0.02,0.07,0.0,0.768361,1.0,1.0,0.091229014,0.0,0.0020476133,0.0,0.0,0.07886845,0.0
0.0,0.0,0.20588236,0.2,0.0,0.0,0.0,0.0,0.0,0.0,0.0,0.0,0.0,0.0,0.0,0.0,0.0,0.0,0.0,0.0,0.0,0.0030666888,0.01680664,0.021526419,0.0,0.0,1.0,1.0,0.04,0.06,0.0,0.77286255,1.0,1.0,0.09264506,0.0,0.0019259155,0.0,0.0,0.07995778,0.0
0.0,0.0,0.029411765,0.1,0.0,0.0,0.0,0.0,0.0,0.0,0.0,0.0,0.0,0.0,0.0,0.0,0.0,0.0,0.0,0.0,0.0,0.0,0.023654915,0.009784736,1.0,1.0,0.0,0.0,0.04,0.07,0.0,0.76956177,1.0,1.0,0.08595189,0.0,0.0,0.0,0.0,0.087096065,0.0
0.0,0.0,0.3382353,0.1,0.0,0.0,0.0,0.0,0.0,0.0,0.0,0.0,0.0,0.0,0.0,0.0,0.0,0.0,0.0,0.0,0.0,0.0,0.023292564,0.02739726,1.0,1.0,0.0,0.0,0.08,0.1,0.0,0.7790793,1.0,1.0,0.08882787,0.0,0.0,0.0,0.0,0.08947638,0.0
0.12849346,0.0,0.13235295,0.0,0.0,3.2691223e-05,0.0,0.0,0.0,0.0,0.0,0.0,0.0,0.0,0.0,0.0,0.0,0.0,0.0,0.0,0.0,0.002101779,0.017810322,0.0019569471,0.0,0.0,0.0,0.0,1.0,0.0,0.0,0.7679324,1.0,1.0,0.0897493,0.0,0.0035490692,0.0,0.0,0.0824821,0.0
0.0,0.0,0.47058824,0.2,0.0,0.0,0.0,0.0,0.0,0.0,0.0,0.0,0.0,0.0,0.0,0.0,0.0,0.0,0.0,0.0,0.0,0.0,0.017056733,0.007827789,0.0,0.0,1.0,1.0,0.02,0.06,0.0,0.76708686,1.0,1.0,0.090855084,0.0,0.0021895617,0.0,0.0,0.07837707,0.0
0.0,0.0,0.7647059,0.2,0.0,0.0,0.0,0.0,0.0,0.0,0.0,0.0,0.0,0.0,0.0,0.0,0.0,0.0,0.0,0.0,0.0,0.0,0.017130546,0.0058708414,0.0,0.0,1.0,1.0,0.01,0.07,0.0,0.76703894,1.0,1.0,0.090749525,0.0,0.0022453666,0.0,0.0,0.07845056,0.0
1.7326518e-05,0.0,0.22058824,0.0,4.1368454e-05,0.00021769383,0.0,0.0,0.0,0.0,0.0,0.0,0.0,0.0,0.0,0.0,0.0,0.0,0.0,0.0,0.0,0.00094246864,0.012757331,0.0039138943,0.0,0.0,0.0,0.0,1.0,0.0,0.0,0.7555311,1.0,1.0,0.09088164,0.0,0.007935584,0.0,0.0,0.07294962,0.0
0.0,0.0,0.60294116,0.5,0.0,0.0,0.0,0.0,0.0,0.0,0.0,0.0,0.0,0.0,0.0,0.0,0.0,0.0,0.0,0.0,0.0,0.0052185953,0.016657017,0.0332681,0.0,0.0,1.0,1.0,0.06,0.06,0.0,0.7763548,1.0,1.0,0.09368985,0.0,0.0020128042,0.0,0.0,0.08045867,0.0
0.017603742,0.0,0.04411765,0.3,6.214023e-05,0.0,0.0,0.0,0.0,0.05629617,0.0,0.0,0.0,0.0,0.0,0.003556341,0.0048607513,0.033759028,0.0,0.0,0.0,0.07925129,0.008883335,0.05479452,0.29,0.29,0.71,0.71,1.0,0.0,0.0,0.8886769,1.0,1.0,0.12963793,0.0,0.008945867,0.0,0.0,0.08944324,0.0
0.0,0.0,0.29411766,0.2,0.0,0.0,0.0,0.0,0.0,0.0,0.0,0.0,0.0,0.0,0.0,0.0,0.0,0.0,0.0,0.0,0.0,0.0,0.0171104,0.007827789,0.0,0.0,1.0,1.0,0.02,0.08,0.0,0.76686144,1.0,1.0,0.09071424,0.0,0.0023353249,0.0,0.0,0.078187376,0.0
0.0,0.0,0.029411765,0.1,0.0,0.0,0.0,0.0,0.0,0.0,0.0,0.0,0.0,0.0,0.0,0.0,0.0,0.0,0.0,0.0,0.0,0.0,0.023505822,0.029354207,1.0,1.0,0.0,0.0,0.12,0.06,0.0,0.77398646,1.0,1.0,0.08722646,0.0,0.0,0.0,0.0,0.087910265,0.0
0.0,0.0,0.3382353,0.1,0.0,0.0,0.0,0.0,0.0,0.0,0.0,0.0,0.0,0.0,0.0,0.0,0.0,0.0,0.0,0.0,0.0,0.0,0.022963755,0.02739726,1.0,1.0,0.0,0.0,0.05,0.05,0.0,0.78173375,1.0,1.0,0.089992024,0.0,0.0,0.0,0.0,0.09071931,0.0
0.0,0.0,0.029411765,0.1,0.0,0.0,0.0,0.0,0.0,0.0,0.0,0.0,0.0,0.0,0.0,0.0,0.0,0.0,0.0,0.0,0.0,0.0,0.023558997,0.019569471,1.0,1.0,0.0,0.0,0.08,0.07,0.0,0.77236533,1.0,1.0,0.08676959,0.0,0.0,0.0,0.0,0.08766851,0.0
0.0,0.0,0.029411765,0.2,0.0,0.0,0.0,0.0,0.0,0.0,0.0,0.0,0.0,0.0,0.0,0.0,0.0,0.0,0.0,0.0,0.0,0.0049975514,0.016668506,0.03522505,0.0,0.0,1.0,1.0,0.07,0.07,0.0,0.77581894,1.0,1.0,0.09352078,0.0,0.002118528,0.0,0.0,0.08021352,0.0
0.12644893,0.0,0.13235295,0.0,0.0,3.2691223e-05,0.0,0.0,0.0,0.0,0.0,0.0,0.0,0.0,0.0,0.0,0.0,0.0,0.0,0.0,0.0,0.0,0.017855242,0.0019569471,0.0,0.0,0.0,0.0,1.0,0.0,0.0,0.741426,1.0,1.0,0.08272415,0.0,0.004171565,0.0,0.0,0.07548222,0.0
0.0,0.0,0.029411765,0.5,0.0,0.0,0.0,0.0,0.0,0.0,0.0,0.0,0.0,0.0,0.0,0.0,0.0,0.0,0.0,0.0,0.0,2.8133392e-05,0.017055541,0.02739726,0.0,0.0,1.0,1.0,0.11,0.07,0.0,0.7661582,1.0,1.0,0.090472974,0.0,0.0030376762,0.0,0.0,0.07696077,0.0
0.0,0.0,0.11764706,0.2,0.0,0.0,0.0,0.0,0.0,0.0,0.0,0.0,0.0,0.0,0.0,0.0,0.0,0.0,0.0,0.0,0.0,0.00063705444,0.017031215,0.007827789,0.0,0.0,1.0,1.0,0.02,0.07,0.0,0.76861656,1.0,1.0,0.09129297,0.0,0.0020745844,0.0,0.0,0.07890919,0.0
0.013878541,0.0,0.04411765,0.3,0.00096909463,0.0,0.0,0.0,0.0,0.03261152,0.0,0.0,0.0,0.0,0.0,0.0,0.0024346784,0.013329029,0.0,0.0,0.0,0.052736223,0.009370983,0.16829745,0.02,0.02,0.98,0.98,1.0,0.0,0.0,0.8427894,1.0,1.0,0.11710901,0.0,0.009104684,0.0,0.0,0.08139014,0.0
0.0,0.0,0.13235295,0.8,0.0,3.2691223e-05,0.0,0.0,0.0,0.0,0.0,0.0,0.0,0.0,0.0,0.0,0.0,0.0,0.0,0.0,0.0,0.0,0.021463066,0.0019569471,1.0,1.0,0.0,0.0,1.0,0.0,0.0,0.70435953,1.0,1.0,0.0696136,0.0,0.0032628626,0.0,0.0,0.07052156,0.0
0.0,1.0,0.36764705,0.0,1.6426413e-05,0.0,0.0,0.0,0.0,0.0,0.0,0.0,0.0,0.0,0.0,0.0,0.0,0.0,0.0,0.0,0.0,0.0,0.035597064,1.0,0.0,0.0,0.0,0.0,1.0,0.0,0.0,0.63887405,0.9224472,1.0,0.03780885,0.0,0.005706385,0.0,0.0,0.06160803,0.0
0.0,0.0,0.029411765,0.1,0.0,0.0,0.0,0.0,0.0,0.0,0.0,0.0,0.0,0.0,0.0,0.0,0.0,0.0,0.0,0.0,0.0,0.0,0.023124047,0.023483366,1.0,1.0,0.0,0.0,0.05,0.07,0.0,0.779642,1.0,1.0,0.08924084,0.0,0.0,0.0,0.0,0.089980245,0.0
0.0,0.0,0.029411765,0.1,0.0,0.0,0.0,0.0,0.0,0.0,0.0,0.0,0.0,0.0,0.0,0.0,0.0,0.0,0.0,0.0,0.0,0.0,0.023407437,0.009784736,1.0,1.0,0.0,0.0,0.02,0.07,0.0,0.7735231,1.0,1.0,0.08731934,0.0,0.0,0.0,0.0,0.08842823,0.0
0.0,0.0,0.30882353,0.2,0.0,0.0,0.0,0.0,0.0,0.0,0.0,0.0,0.0,0.0,0.0,0.0,0.0,0.0,0.0,0.0,0.0,0.0014032722,0.016961507,0.03522505,0.0,0.0,1.0,1.0,0.15,0.08,0.0,0.76836,1.0,1.0,0.09112776,0.0,0.0031144172,0.0,0.0,0.0772427,0.0
0.0,0.0,0.5588235,0.5,0.0,0.0,0.0,0.0,0.0,0.0,0.0,0.0,0.0,0.0,0.0,0.0,0.0,0.0,0.0,0.0,0.0,0.0011821985,0.016972966,0.037181996,0.0,0.0,1.0,1.0,0.18,0.08,0.0,0.76782405,1.0,1.0,0.09095869,0.0,0.003220126,0.0,0.0,0.07699755,0.0
0.015819112,0.0,0.04411765,0.3,0.0012479617,0.0,0.0,0.0,0.0,0.0,0.0,0.0,0.0,0.0,0.0,0.0,0.0,0.0,0.0,0.0,0.0,0.014481306,0.01044444,0.06262231,0.03,0.03,0.94,0.94,1.0,0.0,0.0,0.7766087,1.0,1.0,0.09865033,0.0,0.009707436,0.0,0.0,0.06835893,0.0
0.0,0.0,0.029411765,0.1,0.0,0.0,0.0,0.0,0.0,0.0,0.0,0.0,0.0,0.0,0.0,0.0,0.0,0.0,0.0,0.0,0.0,0.00025847554,0.022954576,0.039138943,1.0,1.0,0.0,0.0,0.07,0.06,0.0,0.7835703,1.0,1.0,0.090432934,0.0,0.0,0.0,0.0,0.0908308,0.0
0.0,0.0,0.029411765,0.1,0.0,0.0,0.0,0.0,0.0,0.0,0.0,0.0,0.0,0.0,0.0,0.0,0.0,0.0,0.0,0.0,0.0,0.0,0.02326405,0.025440313,1.0,1.0,0.0,0.0,0.07,0.08,0.0,0.7789047,1.0,1.0,0.08883544,0.0,0.0,0.0,0.0,0.08951631,0.0
0.0,0.0,0.073529415,0.2,0.0,0.0,0.0,0.0,0.0,0.0,0.0,0.0,0.0,0.0,0.0,0.0,0.0,0.0,0.0,0.0,0.0,0.0013995171,0.016938545,0.011741683,0.0,0.0,1.0,1.0,0.02,0.06,0.0,0.77010596,1.0,1.0,0.09179949,0.0,0.001905486,0.0,0.0,0.07947239,0.0
0.12615438,0.0,0.13235295,0.0,0.0,3.2691223e-05,0.0,0.0,0.0,0.0,0.0,0.0,0.0,0.0,0.0,0.0,0.0,0.0,0.0,0.0,0.0,0.0,0.017821267,0.0019569471,0.0,0.0,0.0,0.0,1.0,0.0,0.0,0.7427362,1.0,1.0,0.0831063,0.0,0.0041546375,0.0,0.0,0.07564542,0.0
0.0,0.0,0.029411765,0.2,0.0,0.0,0.0,0.0,0.0,0.0,0.0,0.0,0.0,0.0,0.0,0.0,0.0,0.0,0.0,0.0,0.0,0.0,0.01722005,0.017612524,0.0,0.0,1.0,1.0,0.09,0.06,0.0,0.7623372,1.0,1.0,0.08929192,0.0,0.0032128394,0.0,0.0,0.07587215,0.0
0.0,0.0,0.25,0.5,0.0,0.0,0.0,0.0,0.0,0.0,0.0,0.0,0.0,0.0,0.0,0.0,0.0,0.0,0.0,0.0,0.0,0.0,0.017349914,0.0039138943,0.0,0.0,1.0,1.0,0.02,0.07,0.0,0.7605312,1.0,1.0,0.0887289,0.0,0.002961591,0.0,0.0,0.075992554,0.0
0.0,0.0,0.029411765,0.2,0.0,0.0,0.0,0.0,0.0,0.0,0.0,0.0,0.0,0.0,0.0,0.0,0.0,0.0,0.0,0.0,0.0,0.00421679,0.01674337,0.03522505,0.0,0.0,1.0,1.0,0.08,0.07,0.0,0.7741587,1.0,1.0,0.092973374,0.0,0.0023652017,0.0,0.0,0.079530716,0.0
0.0,0.0,0.029411765,0.1,0.0,0.0,0.0,0.0,0.0,0.0,0.0,0.0,0.0,0.0,0.0,0.0,0.0,0.0,0.0,0.0,0.0,3.0994415e-05,0.022959784,0.0332681,1.0,1.0,0.0,0.0,0.06,0.06,0.0,0.7833717,1.0,1.0,0.09039413,0.0,0.0,0.0,0.0,0.09088656,0.0
0.0,0.0,0.029411765,0.2,0.0,0.0,0.0,0.0,0.0,0.0,0.0,0.0,0.0,0.0,0.0,0.0,0.0,0.0,0.0,0.0,0.0,0.0031498969,0.016827404,0.023483366,0.0,0.0,1.0,1.0,0.05,0.07,0.0,0.7727444,1.0,1.0,0.09256276,0.0,0.0021192431,0.0,0.0,0.07962206,0.0
0.0,0.0,0.05882353,0.2,0.0,0.0,0.0,0.0,0.0,0.0,0.0,0.0,0.0,0.0,0.0,0.0,0.0,0.0,0.0,0.0,0.0,0.0,0.017070398,0.0058708414,0.0,0.0,1.0,1.0,0.01,0.06,0.0,0.7674066,1.0,1.0,0.09093731,0.0,0.0020785183,0.0,0.0,0.078698665,0.0
0.0137919085,0.0,0.04411765,0.3,0.0012014838,0.0,0.0,0.0,0.0,0.019533426,0.0,0.0,0.0,0.0,0.0,0.0,0.0008961484,0.0023123026,0.0,0.0,0.0,0.038222432,0.009816498,0.1330724,0.03,0.03,0.97,0.97,1.0,0.0,0.0,0.81773686,1.0,1.0,0.11008281,0.0,0.009274542,0.0,0.0,0.076731265,0.0
0.0,0.0,0.029411765,0.2,0.0,0.0,0.0,0.0,0.0,0.0,0.0,0.0,0.0,0.0,0.0,0.0,0.0,0.0,0.0,0.0,0.0,0.0023731291,0.016882993,0.019569471,0.0,0.0,1.0,1.0,0.04,0.07,0.0,0.77145386,1.0,1.0,0.092172764,0.0,0.0021090955,0.0,0.0,0.0794031,0.0
0.0,0.0,0.5147059,0.2,0.0,0.0,0.0,0.0,0.0,0.0,0.0,0.0,0.0,0.0,0.0,0.0,0.0,0.0,0.0,0.0,0.0,0.0,0.01731848,0.0058708414,0.0,0.0,1.0,1.0,0.02,0.07,0.0,0.7609439,1.0,1.0,0.08887269,0.0,0.0029264241,0.0,0.0,0.07613754,0.0
0.0,1.0,0.36764705,0.0,2.3557259e-05,0.0,0.0,0.33333334,0.0,0.0,0.0,0.0,0.0,0.0,0.0,0.0,0.0,0.0,0.0,0.0,0.0,0.0,0.02121716,0.0058708414,0.0,0.0,0.0,0.0,1.0,0.0,0.67,0.6952963,0.9953001,1.0,0.0672896,0.0,0.0067676753,0.0,0.0,0.06383756,0.0
0.0,0.0,0.029411765,0.2,0.0,0.0,0.0,0.0,0.0,0.0,0.0,0.0,0.0,0.0,0.0,0.0,0.0,0.0,0.0,0.0,0.0,0.0,0.017128952,0.019569471,0.0,0.0,1.0,1.0,0.08,0.05,0.0,0.7650385,1.0,1.0,0.090123825,0.0,0.002949953,0.0,0.0,0.07686147,0.0
0.0,1.0,0.36764705,0.0,1.6426413e-05,0.0,0.0,0.0,0.0,0.0,0.0,0.0,0.0,0.0,0.0,0.0,0.0,0.0,0.0,0.0,0.0,0.011383504,0.014205344,0.12720157,0.0,0.0,0.0,0.0,1.0,0.0,0.0,0.7764791,1.0,1.0,0.095803104,0.0,0.0048935562,0.0,0.0,0.0822261,0.0
0.015611193,0.0,0.04411765,0.3,0.0009923336,0.0,0.0,0.0,0.0,0.021270663,0.0,0.0,0.0,0.0,0.0,0.0,0.0012423992,0.0038669705,0.0,0.0,0.0,0.040180415,0.009629242,0.17612524,0.01,0.01,0.98,0.98,1.0,0.0,0.0,0.8210038,1.0,1.0,0.11112999,0.0,0.0092861205,0.0,0.0,0.07715252,0.0
0.0140691325,0.0,0.04411765,0.3,0.00096909463,7.4298237e-07,0.0,0.0,0.0,0.008004725,0.0,0.0,0.0,0.0,0.0,0.0,0.0,0.0,0.0,0.0,0.0,0.02553925,0.010140829,0.09393346,0.0,0.0,1.0,1.0,1.0,0.0,0.0,0.79575646,1.0,1.0,0.10398387,0.0,0.009519473,0.0,0.0,0.072184205,0.0
0.0,0.0,0.04411765,0.0,0.0008681168,0.0061771553,0.0,0.0,0.0,0.0,0.0,0.0,0.0,0.0,0.0,0.0,0.0,0.0,0.0,0.0,0.0,0.008121878,0.010717124,0.023483366,0.0,0.0,0.0,0.0,1.0,0.0,0.17,0.7657007,1.0,1.0,0.09551706,0.0,0.009754524,0.0,0.0,0.06642452,0.0
0.0,0.0,0.029411765,0.2,0.0,0.0,0.0,0.0,0.0,0.0,0.0,0.0,0.0,0.0,0.0,0.0,0.0,0.0,0.0,0.0,0.0,0.0017464757,0.01695288,0.017612524,0.0,0.0,1.0,1.0,0.04,0.06,0.0,0.7701874,1.0,1.0,0.091747455,0.0,0.0022711307,0.0,0.0,0.07890698,0.0
0.0,0.0,0.029411765,0.2,0.0,0.0,0.0,0.0,0.0,0.0,0.0,0.0,0.0,0.0,0.0,0.0,0.0,0.0,0.0,0.0,0.0,0.001755178,0.016975172,0.015655577,0.0,0.0,1.0,1.0,0.04,0.07,0.0,0.7703173,1.0,1.0,0.091767095,0.0,0.0021882802,0.0,0.0,0.07915056,0.0
0.0,0.0,0.029411765,0.1,0.0,0.0,0.0,0.0,0.0,0.0,0.0,0.0,0.0,0.0,0.0,0.0,0.0,0.0,0.0,0.0,0.0,0.0,0.023248367,0.039138943,1.0,1.0,0.0,0.0,0.12,0.06,0.0,0.77958333,1.0,1.0,0.088988595,0.0,0.0,0.0,0.0,0.089394,0.0
0.0,0.0,0.04411765,0.0,0.0008681168,0.0061771553,0.0,0.0,0.0,0.0,0.0,0.0,0.0,0.0,0.0,0.0,0.0,0.0,0.0,0.0,0.0,0.009734333,0.01062344,0.0058708414,0.0,0.0,0.33,0.33,1.0,0.0,0.0,0.7684405,1.0,1.0,0.096327715,0.0,0.00977771,0.0,0.0,0.06674266,0.0
0.12922117,0.0,0.13235295,0.0,0.0,3.2691223e-05,0.0,0.0,0.0,0.021566987,0.0,0.0,0.0,0.0,0.0,0.0,0.0,0.0,0.0,0.0,0.0,0.03083089,0.018421263,0.0019569471,0.0,0.0,0.0,0.0,1.0,0.0,0.0,0.82288575,1.0,1.0,0.10395222,0.0,0.00070756674,0.0,0.0,0.095956266,0.0
0.14055271,0.0,0.13235295,0.0,0.0,1.1144735e-05,0.0,0.0,0.0,0.0,0.0,0.0,0.0,0.0,0.0,0.0,0.0,0.0,0.0,0.0,0.0,0.0,0.021100186,0.0019569471,0.0,0.0,0.0,0.0,1.0,0.0,0.0,0.73535216,1.0,1.0,0.07859347,0.0,0.0007248521,0.0,0.0,0.078054756,0.0
0.0,0.0,0.30882353,0.2,0.0,0.0,0.0,0.0,0.0,0.0,0.0,0.0,0.0,0.0,0.0,0.0,0.0,0.0,0.0,0.0,0.0,0.000908792,0.01698558,0.011741683,0.0,0.0,1.0,1.0,0.02,0.07,0.0,0.7690624,1.0,1.0,0.09145544,0.0,0.0020605624,0.0,0.0,0.07904318,0.0
0.0,0.0,0.029411765,0.2,0.0,0.0,0.0,0.0,0.0,0.0,0.0,0.0,0.0,0.0,0.0,0.0,0.0,0.0,0.0,0.0,0.0,0.003437221,0.016747445,0.031311154,0.0,0.0,1.0,1.0,0.07,0.06,0.0,0.773046,1.0,1.0,0.092708565,0.0,0.0022162944,0.0,0.0,0.0794819,0.0
0.0,0.0,0.014705882,0.5,0.0,0.0,0.0,0.0,0.0,0.0,0.0,0.0,0.0,0.0,0.0,0.0,0.0,0.0,0.0,0.0,0.0,0.005148977,0.016611896,0.0332681,0.0,0.0,1.0,1.0,0.06,0.06,0.0,0.77639055,1.0,1.0,0.09376811,0.0,0.0018952936,0.0,0.0,0.08057028,0.0
0.0,0.0,0.04411765,0.0,0.0008681168,0.0061771553,0.0,0.0,0.0,0.0,0.0,0.0,0.0,0.0,0.0,0.0,0.0,0.0,0.0,0.0,0.0,0.0063509047,0.010803483,0.009784736,0.0,0.0,0.0,0.0,1.0,0.0,0.0,0.7626262,1.0,1.0,0.094619624,0.0,0.00976561,0.0,0.0,0.06600928,0.0
0.0,0.0,0.029411765,0.2,0.0,0.0,0.0,0.0,0.0,0.0,0.0,0.0,0.0,0.0,0.0,0.0,0.0,0.0,0.0,0.0,0.0,0.00015032291,0.01705841,0.011741683,0.0,0.0,1.0,1.0,0.03,0.06,0.0,0.76744974,1.0,1.0,0.09092357,0.0,0.0023000985,0.0,0.0,0.0783799,0.0
0.0,0.0,0.13235295,0.8,0.0,3.2691223e-05,0.0,0.0,0.0,0.0053714514,0.0,0.0,0.0,0.0,0.0,0.0,0.0,0.0,0.0,0.0,0.0,0.010899216,0.018492006,0.0019569471,1.0,1.0,0.0,0.0,1.0,0.0,0.0,0.7913481,1.0,1.0,0.09584772,0.0,0.0,0.0,0.0,0.089508355,0.0
0.0,1.0,0.36764705,0.0,1.6044403e-05,0.0,0.0,0.0,0.0,0.00276497,0.0,0.0,0.0,0.0,0.0,0.0,0.0,0.0,0.0,0.0,0.0,0.015023828,0.014670692,0.50489235,0.0,0.0,0.0,0.0,1.0,0.0,0.0,0.7840154,1.0,1.0,0.097385235,0.0,0.004080355,0.0,0.0,0.08589536,0.0
0.0,0.0,0.8382353,0.5,0.0,0.0,0.0,0.0,0.0,0.0,0.0,0.0,0.0,0.0,0.0,0.0,0.0,0.0,0.0,0.0,0.0,0.0018920302,0.016924404,0.0332681,0.0,0.0,1.0,1.0,0.12,0.06,0.0,0.7694652,1.0,1.0,0.091484495,0.0,0.0029241145,0.0,0.0,0.07772198,0.0
0.0,0.0,0.029411765,0.2,0.0,0.0,0.0,0.0,0.0,0.0,0.0,0.0,0.0,0.0,0.0,0.0,0.0,0.0,0.0,0.0,0.0,9.101629e-05,0.017069094,0.023483366,0.0,0.0,1.0,1.0,0.09,0.06,0.0,0.76642394,1.0,1.0,0.09054511,0.0,0.0029459745,0.0,0.0,0.0771195,0.0
0.0,1.0,0.36764705,0.0,1.6044403e-05,0.0,0.0,0.0,0.0,0.006132573,0.0,0.0,0.0,0.0,0.0,0.0,0.0,0.0,0.0,0.0,0.0,0.017740428,0.014967099,0.7925636,0.0,0.0,0.0,0.0,1.0,0.0,0.0,0.7903749,1.0,1.0,0.098898105,0.0,0.0031951368,0.0,0.0,0.088186204,0.0
0.0,0.0,0.13235295,0.8,0.0,3.2691223e-05,0.0,0.0,0.0,0.0086072385,0.0,0.0,0.0,0.0,0.0,0.0,0.0,0.0,0.0,0.0,0.0,0.014370799,0.018615358,0.0019569471,1.0,1.0,0.0,0.0,1.0,0.0,0.0,0.79770255,1.0,1.0,0.09741583,0.0,0.0,0.0,0.0,0.0908792,0.0
0.0,1.0,0.36764705,0.0,1.6044403e-05,0.0,0.0,0.0,0.0,0.0073141754,0.0,0.0,0.0,0.0,0.0,0.0,0.0,0.0,0.0,0.0,0.0,0.018655807,0.015059717,0.89041096,0.0,0.0,0.0,0.0,1.0,0.0,0.0,0.7926252,1.0,1.0,0.09945617,0.0,0.00285618,0.0,0.0,0.08889353,0.0
0.0,0.0,0.029411765,0.2,0.0,0.0,0.0,0.0,0.0,0.0,0.0,0.0,0.0,0.0,0.0,0.0,0.0,0.0,0.0,0.0,0.0,0.0,0.017200239,0.0039138943,0.0,0.0,1.0,1.0,0.01,0.08,0.0,0.764812,1.0,1.0,0.09007398,0.0,0.0024378896,0.0,0.0,0.07765618,0.0
0.0,0.0,0.5441176,0.1,0.0,0.0,0.0,0.0,0.0,0.0,0.0,0.0,0.0,0.0,0.0,0.0,0.0,0.0,0.0,0.0,0.0,0.0,0.02337385,0.02739726,1.0,1.0,0.0,0.0,0.1,0.1,0.0,0.7773733,1.0,1.0,0.08827733,0.0,0.0,0.0,0.0,0.08895698,0.0
0.0,0.0,0.029411765,0.1,0.0,0.0,0.0,0.0,0.0,0.0,0.0,0.0,0.0,0.0,0.0,0.0,0.0,0.0,0.0,0.0,0.0,0.0,0.023324318,0.009784736,1.0,1.0,0.0,0.0,0.02,0.07,0.0,0.7746507,1.0,1.0,0.08772788,0.0,0.0,0.0,0.0,0.08883464,0.0
0.0,0.0,0.23529412,0.2,0.0,0.0,0.0,0.0,0.0,0.0,0.0,0.0,0.0,0.0,0.0,0.0,0.0,0.0,0.0,0.0,0.0,0.00075131655,0.017072074,0.007827789,0.0,0.0,1.0,1.0,0.02,0.07,0.0,0.7686757,1.0,1.0,0.09124597,0.0,0.0021779984,0.0,0.0,0.07883662,0.0
0.0,0.0,0.029411765,0.1,0.0,0.0,0.0,0.0,0.0,0.0,0.0,0.0,0.0,0.0,0.0,0.0,0.0,0.0,0.0,0.0,0.0,0.0,0.02334302,0.023483366,1.0,1.0,0.0,0.0,0.08,0.09,0.0,0.77847755,1.0,1.0,0.0886165,0.0,0.0,0.0,0.0,0.08927438,0.0
0.0,0.0,0.04411765,0.1,0.0,0.0,0.0,0.0,0.0,0.02440849,0.0,0.0,0.0,0.0,0.0,0.0,0.0,0.0024506748,0.0,0.0,0.0,0.03961411,0.014242776,0.021526419,1.0,1.0,0.0,0.0,1.0,0.0,0.0,0.82848144,1.0,1.0,0.108993344,0.0,0.0054873675,0.0,0.0,0.086639404,0.0
0.0,0.0,0.38235295,0.2,0.0,0.0,0.0,0.0,0.0,0.0,0.0,0.0,0.0,0.0,0.0,0.0,0.0,0.0,0.0,0.0,0.0,0.0036406815,0.01677972,0.031311154,0.0,0.0,1.0,1.0,0.07,0.07,0.0,0.77329504,1.0,1.0,0.09272415,0.0,0.0022915602,0.0,0.0,0.079487294,0.0
0.0,0.0,0.0,0.1,0.0,0.0,0.0,0.0,0.0,0.0,0.0,0.0,0.0,0.0,0.0,0.0,0.0,0.0,0.0,0.0,0.0,0.0,0.023171194,0.009784736,1.0,1.0,0.0,0.0,0.02,0.05,0.0,0.77612627,1.0,1.0,0.08832993,0.0,0.0,0.0,0.0,0.08946177,0.0
0.0,0.0,0.029411765,0.2,0.0,0.0,0.0,0.0,0.0,0.0,0.0,0.0,0.0,0.0,0.0,0.0,0.0,0.0,0.0,0.0,0.0,0.0014801025,0.016907081,0.021526419,0.0,0.0,1.0,1.0,0.05,0.06,0.0,0.76967275,1.0,1.0,0.09165972,0.0,0.0022875518,0.0,0.0,0.07874277,0.0
0.0,0.0,0.029411765,0.2,0.0,0.0,0.0,0.0,0.0,0.0,0.0,0.0,0.0,0.0,0.0,0.0,0.0,0.0,0.0,0.0,0.0,0.0021217763,0.016935252,0.029354207,0.0,0.0,1.0,1.0,0.09,0.07,0.0,0.77013123,1.0,1.0,0.09167316,0.0,0.0027354658,0.0,0.0,0.07821074,0.0
0.0,0.0,0.30882353,0.2,0.0,0.0,0.0,0.0,0.0,0.0,0.0,0.0,0.0,0.0,0.0,0.0,0.0,0.0,0.0,0.0,0.0,0.0,0.017192364,0.0019569471,0.0,0.0,1.0,1.0,0.0,0.07,0.0,0.7646456,1.0,1.0,0.09006246,0.0,0.002286762,0.0,0.0,0.07787496,0.0
0.0,0.0,0.04411765,0.0,0.0008681168,0.0061771553,0.0,0.0,0.0,0.0,0.0,0.0,0.0,0.0,0.0,0.0,0.0,0.0,0.0,0.0,0.0,0.0,0.011382505,0.007827789,0.0,0.0,0.25,0.25,1.0,0.0,0.0,0.7443721,1.0,1.0,0.08924698,0.0,0.009754017,0.0,0.0,0.0634498,0.0
0.0,0.0,0.029411765,0.2,0.0,0.0,0.0,0.0,0.0,0.0,0.0,0.0,0.0,0.0,0.0,0.0,0.0,0.0,0.0,0.0,0.0,0.0014369488,0.016998284,0.0332681,0.0,0.0,1.0,1.0,0.14,0.06,0.0,0.7685275,1.0,1.0,0.091144465,0.0,0.0030609518,0.0,0.0,0.077344686,0.0
0.035588667,0.0,0.04411765,0.3,0.001155006,0.0,0.0,0.0,0.0,0.021824867,0.0,0.0,0.0,0.0,0.0,0.0,0.0008946359,0.004776418,0.0,0.0,0.0,0.04101923,0.009986766,0.017612524,0.0,0.0,1.0,1.0,1.0,0.0,0.0,0.82261705,1.0,1.0,0.111186944,0.0,0.009410903,0.0,0.0,0.07703614,0.0
0.0,0.0,0.029411765,0.1,0.0,0.0,0.0,0.0,0.0,0.0,0.0,0.0,0.0,0.0,0.0,0.0,0.0,0.0,0.0,0.0,0.0,0.0,0.023456194,0.015655577,1.0,1.0,0.0,0.0,0.05,0.09,0.0,0.7741939,1.0,1.0,0.08739429,0.0,0.0,0.0,0.0,0.088351905,0.0
0.0,1.0,0.36764705,0.0,1.6044403e-05,0.0,0.0,0.0,0.0,0.004431069,0.0,0.0,0.0,0.0,0.0,0.0,0.0,0.0,0.0,0.0,0.0,0.016422212,0.0148336515,0.6516634,0.0,0.0,0.0,0.0,1.0,0.0,0.0,0.7871344,1.0,1.0,0.098094516,0.0,0.003683269,0.0,0.0,0.08716768,0.0
0.0,0.0,0.42647058,0.2,0.0,0.0,0.0,0.0,0.0,0.0,0.0,0.0,0.0,0.0,0.0,0.0,0.0,0.0,0.0,0.0,0.0,0.0,0.017118119,0.023483366,0.0,0.0,1.0,1.0,0.11,0.05,0.0,0.76437247,1.0,1.0,0.089935146,0.0,0.0031385124,0.0,0.0,0.07637268,0.0
0.0,0.0,0.029411765,0.2,0.0,0.0,0.0,0.0,0.0,0.0,0.0,0.0,0.0,0.0,0.0,0.0,0.0,0.0,0.0,0.0,0.0,0.0017059147,0.016937256,0.021526419,0.0,0.0,1.0,1.0,0.05,0.06,0.0,0.7699692,1.0,1.0,0.09169089,0.0,0.0023557395,0.0,0.0,0.07876781,0.0
0.0,0.0,0.029411765,0.2,0.0,0.0,0.0,0.0,0.0,0.0,0.0,0.0,0.0,0.0,0.0,0.0,0.0,0.0,0.0,0.0,0.0,0.0,0.017146796,0.021526419,0.0,0.0,1.0,1.0,0.1,0.07,0.0,0.7643602,1.0,1.0,0.08990788,0.0,0.003076747,0.0,0.0,0.076557845,0.0
0.0,0.0,0.029411765,0.2,0.0,0.0,0.0,0.0,0.0,0.0,0.0,0.0,0.0,0.0,0.0,0.0,0.0,0.0,0.0,0.0,0.0,0.0,0.017249353,0.007827789,0.0,0.0,1.0,1.0,0.03,0.07,0.0,0.76281786,1.0,1.0,0.08944733,0.0,0.002823785,0.0,0.0,0.076621205,0.0
0.12672615,0.0,0.13235295,0.0,0.0,3.2691223e-05,0.0,0.0,0.0,0.015179753,0.0,0.0,0.0,0.0,0.0,0.0,0.0,0.0,0.0,0.0,0.0,0.0250884,0.018122837,0.0019569471,0.0,0.0,0.0,0.0,1.0,0.0,0.0,0.8104203,1.0,1.0,0.10077294,0.0,0.0018494576,0.0,0.0,0.09325865,0.0
0.0,1.0,0.36764705,0.0,8.276875e-06,0.0,0.0,0.0,0.0,0.0015152395,0.0,0.0,0.0,0.0,0.0,0.0,0.0,0.0,0.0,0.0,0.0,0.01390928,0.014528833,0.3894325,0.0,0.0,0.0,0.0,1.0,0.0,0.0,0.78170884,1.0,1.0,0.096900485,0.0,0.0043289065,0.0,0.0,0.08477363,0.0
0.0,0.0,0.029411765,0.2,0.0,0.0,0.0,0.0,0.0,0.0,0.0,0.0,0.0,0.0,0.0,0.0,0.0,0.0,0.0,0.0,0.0,0.0006041527,0.017019264,0.031311154,0.0,0.0,1.0,1.0,0.14,0.06,0.0,0.767022,1.0,1.0,0.090722136,0.0,0.0031112432,0.0,0.0,0.077004254,0.0
0.14124578,0.0,0.13235295,0.0,0.0,1.1144735e-05,0.0,0.0,0.0,0.0,0.0,0.0,0.0,0.0,0.0,0.0,0.0,0.0,0.0,0.0,0.0,0.0,0.021604761,0.0019569471,0.0,0.0,0.0,0.0,1.0,0.0,0.0,0.7416568,1.0,1.0,0.07986615,0.0,9.74983e-05,0.0,0.0,0.07958096,0.0
1.7326518e-05,0.0,0.22058824,0.0,4.1368454e-05,0.00021769383,0.0,0.0,0.0,0.0,0.0,0.0,0.0,0.0,0.0,0.0,0.0,0.0,0.0,0.0,0.0,0.0028735101,0.010985069,0.0058708414,0.0,0.0,0.0,0.0,0.75,0.5,0.0,0.7567507,1.0,1.0,0.092885084,0.0,0.009683013,0.0,0.0,0.065568656,0.0
0.1317855,0.0,0.13235295,0.0,0.0,3.2691223e-05,0.0,0.0,0.0,0.0,0.0,0.0,0.0,0.0,0.0,0.0,0.0,0.0,0.0,0.0,0.0,0.0,0.019164063,0.0019569471,0.0,0.0,0.0,0.0,1.0,0.0,0.0,0.7490165,1.0,1.0,0.08362099,0.0,0.0026420504,0.0,0.0,0.08058393,0.0
0.0,0.0,0.029411765,0.2,0.0,0.0,0.0,0.0,0.0,0.0,0.0,0.0,0.0,0.0,0.0,0.0,0.0,0.0,0.0,0.0,0.0,0.0034216642,0.016781844,0.02739726,0.0,0.0,1.0,1.0,0.06,0.07,0.0,0.7731904,1.0,1.0,0.09272518,0.0,0.0021052212,0.0,0.0,0.07975605,0.0
0.0,1.0,0.36764705,0.0,1.6044403e-05,0.0,0.0,0.0,0.0,0.001472801,0.0,0.0,0.0,0.0,0.0,0.0,0.0,0.0,0.0,0.0,0.0,0.013871491,0.014524035,0.38551858,0.0,0.0,0.0,0.0,1.0,0.0,0.0,0.78163064,1.0,1.0,0.09688405,0.0,0.0043373257,0.0,0.0,0.08473551,0.0
0.0,0.0,0.3970588,0.2,0.0,0.0,0.0,0.0,0.0,0.0,0.0,0.0,0.0,0.0,0.0,0.0,0.0,0.0,0.0,0.0,0.0,0.0018863082,0.01691074,0.015655577,0.0,0.0,1.0,1.0,0.03,0.06,0.0,0.77077985,1.0,1.0,0.09198614,0.0,0.0020073056,0.0,0.0,0.07943776,0.0
0.0137919085,0.0,0.04411765,0.3,0.00094585575,0.0,0.0,0.0,0.0,0.022557199,0.0,0.0,0.0,0.0,0.0,0.0,0.0012523532,0.004811734,0.0,0.0,0.0,0.041561276,0.009711109,0.14677104,0.03,0.03,0.97,0.97,1.0,0.0,0.0,0.8235035,1.0,1.0,0.11170327,0.0,0.009222165,0.0,0.0,0.0778645,0.0
0.0,0.0,0.029411765,0.2,0.0,0.0,0.0,0.0,0.0,0.0,0.0,0.0,0.0,0.0,0.0,0.0,0.0,0.0,0.0,0.0,0.0,0.0,0.0170796,0.023483366,0.0,0.0,1.0,1.0,0.09,0.05,0.0,0.76522624,1.0,1.0,0.0902167,0.0,0.0030116588,0.0,0.0,0.076723814,0.0
0.0,0.0,0.029411765,0.1,0.0,0.0,0.0,0.0,0.0,0.0,0.0,0.0,0.0,0.0,0.0,0.0,0.0,0.0,0.0,0.0,0.0,0.0033946931,0.017629594,0.019569471,0.04,0.1,0.96,0.9,0.04,0.07,0.0,0.77479076,1.0,1.0,0.09239697,0.0,0.0012750328,0.0,0.0,0.08206111,0.0
0.12932514,0.0,0.13235295,0.0,0.0,3.2691223e-05,0.0,0.0,0.0,0.0,0.0,0.0,0.0,0.0,0.0,0.0,0.0,0.0,0.0,0.0,0.0,0.00033080578,0.018005319,0.0019569471,0.0,0.0,0.0,0.0,1.0,0.0,0.0,0.76509726,1.0,1.0,0.08882966,0.0,0.0034471005,0.0,0.0,0.0822576,0.0
0.0,0.0,0.029411765,0.2,0.0,0.0,0.0,0.0,0.0,0.0,0.0,0.0,0.0,0.0,0.0,0.0,0.0,0.0,0.0,0.0,0.0,0.00078445673,0.016993403,0.017612524,0.0,0.0,1.0,1.0,0.04,0.05,0.0,0.76832557,1.0,1.0,0.09120006,0.0,0.002435431,0.0,0.0,0.07823819,0.0
0.0,0.0,0.029411765,0.2,0.0,0.0,0.0,0.0,0.0,0.0,0.0,0.0,0.0,0.0,0.0,0.0,0.0,0.0,0.0,0.0,0.0,6.303191e-05,0.017057583,0.0058708414,0.0,0.0,1.0,1.0,0.01,0.07,0.0,0.76769114,1.0,1.0,0.09103111,0.0,0.0020362139,0.0,0.0,0.07881582,0.0
0.0,0.0,0.029411765,0.2,0.0,0.0,0.0,0.0,0.0,0.0,0.0,0.0,0.0,0.0,0.0,0.0,0.0,0.0,0.0,0.0,0.0,0.004439026,0.016661078,0.029354207,0.0,0.0,1.0,1.0,0.05,0.06,0.0,0.7752422,1.0,1.0,0.09342503,0.0,0.0018639266,0.0,0.0,0.080409825,0.0
0.0,1.0,0.36764705,0.0,1.6426413e-05,0.0,0.0,0.0,0.0,0.0013881624,0.0,0.0,0.0,0.0,0.0,0.0,0.0,0.0,0.0,0.0,0.0,0.013795972,0.014514409,0.3776908,0.0,0.0,0.0,0.0,1.0,0.0,0.0,0.78147423,1.0,1.0,0.09685122,0.0,0.004354179,0.0,0.0,0.08465946,0.0
0.0,0.0,0.13235295,0.1,0.0,0.0,0.0,0.0,0.0,0.002952963,0.0,0.0,0.0,0.0,0.0,0.0,0.0,0.0,0.0,0.0,0.0,0.0064338148,0.022757709,0.01369863,1.0,1.0,0.0,0.0,0.21,0.12,0.0,0.79033566,1.0,1.0,0.09199142,0.0,0.0,0.0,0.0,0.09044576,0.0
0.0,1.0,0.36764705,0.0,1.6426413e-05,0.0,0.0,0.0,0.0,2.3841858e-06,0.0,0.0,0.0,0.0,0.0,0.0,0.0,0.0,0.0,0.0,0.0,0.012603968,0.014284678,0.21330725,0.0,0.0,0.0,0.0,1.0,0.0,0.0,0.7789074,1.0,1.0,0.0963786,0.0,0.00467737,0.0,0.0,0.08324516,0.0
0.0,1.0,0.36764705,0.0,1.6426413e-05,0.0,0.0,0.0,0.0,0.0,0.0,0.0,0.0,0.0,0.0,0.0,0.0,0.0,0.0,0.0,0.0,0.0,0.03680978,0.9941292,0.0,0.0,0.0,0.0,1.0,0.0,0.0,0.6335037,0.91503286,1.0,0.03507285,0.0,0.0047432333,0.0,0.0,0.06358877,0.0
0.0,0.0,0.14705883,0.1,0.0,0.0,0.0,0.0,0.0,0.0019943416,0.0,0.0,0.0,0.0,0.0,0.0,0.0,0.0,0.0,0.0,0.0,0.005552441,0.022881314,0.0058708414,1.0,1.0,0.0,0.0,0.3,0.3,0.0,0.7886689,1.0,1.0,0.09140634,0.0,0.0,0.0,0.0,0.08997443,0.0
0.0156805,0.0,0.04411765,0.3,0.0012479617,0.0,0.0,0.0,0.0,0.0030765533,0.0,0.0,0.0,0.0,0.0,0.0,0.0,0.0,0.0,0.0,0.0,0.020100653,0.010265075,0.09001957,0.02,0.02,0.96,0.96,1.0,0.0,0.0,0.7863189,1.0,1.0,0.10138128,0.0,0.009609595,0.0,0.0,0.0703046,0.0
0.0,0.0,0.029411765,0.2,0.0,0.0,0.0,0.0,0.0,0.0,0.0,0.0,0.0,0.0,0.0,0.0,0.0,0.0,0.0,0.0,0.0,0.0,0.017320171,0.007827789,0.0,0.0,1.0,1.0,0.04,0.07,0.0,0.762213,1.0,1.0,0.089181386,0.0,0.0030259192,0.0,0.0,0.0762755,0.0
0.0,0.0,0.13235295,0.1,0.0,0.0,0.0,0.0,0.0,0.0029129982,0.0,0.0,0.0,0.0,0.0,0.0,0.0,0.0,0.0,0.0,0.0,0.006598115,0.022682913,0.017612524,1.0,1.0,0.0,0.0,0.31,0.1,0.0,0.7902329,1.0,1.0,0.092000656,0.0,0.0,0.0,0.0,0.09035155,0.0
0.013965174,0.0,0.04411765,0.3,0.0008993779,0.0,0.0,0.0,0.0,0.009708613,0.0,0.0,0.0,0.0,0.0,0.0,0.0,0.0,0.0,0.0,0.0,0.027415276,0.010079555,0.10176125,0.0,0.0,1.0,1.0,1.0,0.0,0.0,0.7989844,1.0,1.0,0.104891695,0.0,0.009485826,0.0,0.0,0.07287347,0.0
1.7326518e-05,0.0,0.22058824,0.0,4.1368454e-05,0.00021769383,0.0,0.0,0.0,0.0,0.0,0.0,0.0,0.0,0.0,0.0,0.0,0.0,0.0,0.0,0.0,0.0035064518,0.012023911,0.0058708414,0.0,0.0,0.0,0.0,1.0,0.0,0.0,0.75833035,1.0,1.0,0.09221011,0.0,0.0088863075,0.0,0.0,0.07124379,0.0
0.0,1.0,0.36764705,0.0,1.6426413e-05,0.0,0.0,0.0,0.0,0.0040765405,0.0,0.0,0.0,0.0,0.0,0.0,0.0,0.0,0.0,0.0,0.0,0.016147584,0.014805861,0.6223092,0.0,0.0,0.0,0.0,1.0,0.0,0.0,0.7864593,1.0,1.0,0.097927056,0.0,0.003785029,0.0,0.0,0.08695543,0.0
0.13109244,0.0,0.13235295,0.0,0.0,3.2691223e-05,0.0,0.0,0.0,0.0,0.0,0.0,0.0,0.0,0.0,0.0,0.0,0.0,0.0,0.0,0.0,0.0,0.019009925,0.0019569471,0.0,0.0,0.0,0.0,1.0,0.0,0.0,0.74527717,1.0,1.0,0.08273926,0.0,0.0029515475,0.0,0.0,0.07955089,0.0
0.0,0.0,0.11764706,0.2,0.0,0.0,0.0,0.0,0.0,0.0,0.0,0.0,0.0,0.0,0.0,0.0,0.0,0.0,0.0,0.0,0.0,0.0047493577,0.01664047,0.03522505,0.0,0.0,1.0,1.0,0.07,0.06,0.0,0.775475,1.0,1.0,0.09347393,0.0,0.0020573735,0.0,0.0,0.08016911,0.0
6.930607e-05,0.0,0.04411765,0.3,0.0007204064,0.0032542627,0.0,0.0,0.0,0.0,0.0,0.0,0.0,0.0,0.0,0.0,0.0,0.0,0.0,0.0,0.0,0.008743912,0.010704115,0.007827789,0.0,0.0,0.5,0.5,1.0,0.0,0.0,0.766767,1.0,1.0,0.09580698,0.0,0.009778738,0.0,0.0,0.066500425,0.0
0.0,0.0,0.029411765,0.1,0.0,0.0,0.0,0.0,0.0,0.0,0.0,0.0,0.0,0.0,0.0,0.0,0.0,0.0,0.0,0.0,0.0,0.0,0.023800895,0.0019569471,1.0,1.0,0.0,0.0,0.02,0.16,0.0,0.7702749,1.0,1.0,0.08591267,0.0,0.0,0.0,0.0,0.0871332,0.0
0.0,0.0,0.029411765,0.1,0.0,0.0,0.0,0.0,0.0,0.0,0.0,0.0,0.0,0.0,0.0,0.0,0.0,0.0,0.0,0.0,0.0,0.0,0.023185566,0.015655577,1.0,1.0,0.0,0.0,0.03,0.06,0.0,0.7766615,1.0,1.0,0.088423215,0.0,0.0,0.0,0.0,0.08943206,0.0
0.0,0.0,0.029411765,0.1,0.0,0.0,0.0,0.0,0.0,0.0,0.0,0.0,0.0,0.0,0.0,0.0,0.0,0.0,0.0,0.0,0.0,0.0,0.023305364,0.007827789,1.0,1.0,0.0,0.0,0.02,0.07,0.0,0.7755524,1.0,1.0,0.08799031,0.0,0.0,0.0,0.0,0.08907169,0.0
0.0,0.0,0.029411765,0.2,0.0,0.0,0.0,0.0,0.0,0.0,0.0,0.0,0.0,0.0,0.0,0.0,0.0,0.0,0.0,0.0,0.0,0.0,0.017153077,0.021526419,0.0,0.0,1.0,1.0,0.1,0.06,0.0,0.7632574,1.0,1.0,0.08961076,0.0,0.0031283647,0.0,0.0,0.0762012,0.0
0.0,0.0,0.029411765,0.2,0.0,0.0,0.0,0.0,0.0,0.0,0.0,0.0,0.0,0.0,0.0,0.0,0.0,0.0,0.0,0.0,0.0,0.0017038882,0.016947202,0.019569471,0.0,0.0,1.0,1.0,0.05,0.07,0.0,0.77003074,1.0,1.0,0.09170354,0.0,0.0023204833,0.0,0.0,0.078817844,0.0
0.0,0.0,0.029411765,0.1,0.0,0.0,0.0,0.0,0.0,0.0,0.0,0.0,0.0,0.0,0.0,0.0,0.0,0.0,0.0,0.0,0.0,0.0,0.023156255,0.037181996,1.0,1.0,0.0,0.0,0.1,0.08,0.0,0.78182805,1.0,1.0,0.08969324,0.0,0.0,0.0,0.0,0.09012446,0.0
0.0,0.0,0.029411765,0.2,0.0,0.0,0.0,0.0,0.0,0.0,0.0,0.0,0.0,0.0,0.0,0.0,0.0,0.0,0.0,0.0,0.0,0.0,0.017309122,0.007827789,0.0,0.0,1.0,1.0,0.04,0.06,0.0,0.76052916,1.0,1.0,0.088759206,0.0,0.0030515343,0.0,0.0,0.075776935,0.0
0.015593867,0.0,0.04411765,0.3,0.0008872809,0.0,0.0,0.0,0.0,0.039614767,0.0,0.0,0.0,0.0,0.0,0.0,0.0033009872,0.020386785,0.0,0.0,0.0,0.061001092,0.009062022,0.058708414,0.0,0.0,1.0,1.0,1.0,0.0,0.0,0.856737,1.0,1.0,0.12106233,0.0,0.009410098,0.0,0.0,0.08242044,0.0
0.0,1.0,0.36764705,0.0,1.6426413e-05,0.0,0.0,0.0,0.0,0.0033157766,0.0,0.0,0.0,0.0,0.0,0.0,0.0,0.0,0.0,0.0,0.0,0.015515,0.01473321,0.555773,0.0,0.0,0.0,0.0,1.0,0.0,0.0,0.78503203,1.0,1.0,0.09759887,0.0,0.0039708167,0.0,0.0,0.08638975,0.0
0.015628519,0.0,0.04411765,0.3,0.001178245,0.0,0.0,0.0,0.0,0.03003624,0.0,0.0,0.0,0.0,0.0,0.0,0.0021906644,0.0122283995,0.0,0.0,0.0,0.050324142,0.009383254,0.050880626,0.0,0.0,1.0,1.0,1.0,0.0,0.0,0.8383367,1.0,1.0,0.115911,0.0,0.009497702,0.0,0.0,0.07911578,0.0
0.0137919085,0.0,0.04411765,0.3,0.00093312206,7.4298237e-07,0.0,0.0,0.0,0.054098964,0.0,0.0,0.0,0.0,0.0,0.0032168627,0.0048693493,0.03219542,0.0,0.0,0.0,0.07693592,0.00868123,0.09589041,0.02,0.02,0.98,0.98,1.0,0.0,0.0,0.8843813,1.0,1.0,0.128705,0.0,0.009102538,0.0,0.0,0.0881325,0.0
0.0,0.0,0.029411765,0.1,0.0,0.0,0.0,0.0,0.0,0.0,0.0,0.0,0.0,0.0,0.0,0.0,0.0,0.0,0.0,0.0,0.0,0.0,0.02348037,0.0332681,1.0,1.0,0.0,0.0,0.15,0.06,0.0,0.77570546,1.0,1.0,0.0876844,0.0,0.0,0.0,0.0,0.088219136,0.0
0.0,0.0,0.13235295,0.8,0.0,3.2691223e-05,0.0,0.0,0.0,0.027908921,0.0,0.0,0.0,0.0,0.0,0.0,0.0,0.0,0.0,0.0,0.0,0.036091864,0.019026786,0.0019569471,1.0,1.0,0.0,0.0,1.0,0.0,0.0,0.83545005,1.0,1.0,0.106917314,0.0,0.0,0.0,0.0,0.09887931,0.0
0.0,0.0,0.0,0.2,0.0,0.0,0.0,0.0,0.0,0.0,0.0,0.0,0.0,0.0,0.0,0.0,0.0,0.0,0.0,0.0,0.0,0.005281359,0.016723216,0.043052837,0.01,0.0,0.99,0.82,0.08,0.07,0.09,0.77626836,1.0,1.0,0.093571745,0.0,0.0021615475,0.0,0.0,0.08030984,0.0
0.013774582,0.0,0.04411765,0.3,0.0009226168,0.0,0.0,0.0,0.0,0.031291783,0.0,0.0,0.0,0.0,0.0,0.0,0.002269186,0.01219359,0.0,0.0,0.0,0.051273435,0.00941512,0.16242662,0.02,0.02,0.98,0.98,1.0,0.0,0.0,0.84025085,1.0,1.0,0.116396345,0.0,0.009123504,0.0,0.0,0.0809463,0.0
0.0,0.0,0.25,0.5,0.0,0.0,0.0,0.0,0.0,0.0,0.0,0.0,0.0,0.0,0.0,0.0,0.0,0.0,0.0,0.0,0.0,0.0019366145,0.016920164,0.0332681,0.0,0.0,1.0,1.0,0.12,0.05,0.0,0.7695601,1.0,1.0,0.09151571,0.0,0.002910003,0.0,0.0,0.077761054,0.0
0.0,0.0,0.029411765,0.1,0.0,0.0,0.0,0.0,0.0,0.0,0.0,0.0,0.0,0.0,0.0,0.0,0.0,0.0,0.0,0.0,0.0,0.0,0.023406126,0.0332681,1.0,1.0,0.0,0.0,0.12,0.07,0.0,0.7767123,1.0,1.0,0.088049166,0.0,0.0,0.0,0.0,0.08858195,0.0
0.0,0.0,0.029411765,0.1,0.0,0.0,0.0,0.0,0.0,0.0,0.0,0.0,0.0,0.0,0.0,0.0,0.0,0.0,0.0,0.0,0.0,0.0,0.0231717,0.0332681,1.0,1.0,0.0,0.0,0.08,0.06,0.0,0.77989376,1.0,1.0,0.08920167,0.0,0.0,0.0,0.0,0.089728534,0.0
0.0,1.0,0.36764705,0.0,1.6426413e-05,0.0,0.0,0.0,0.0,0.0,0.0,0.0,0.0,0.0,0.0,0.0,0.0,0.0,0.0,0.0,0.0,0.0013575256,0.017962761,0.21526419,0.0,0.0,0.0,0.0,1.0,0.0,0.0,0.77382255,1.0,1.0,0.09171795,0.0,0.00019364059,0.0,0.0,0.08491111,0.0
0.0,0.0,0.029411765,0.2,0.0,0.0,0.0,0.0,0.0,0.0,0.0,0.0,0.0,0.0,0.0,0.0,0.0,0.0,0.0,0.0,0.0,0.0,0.01727008,0.011741683,0.0,0.0,1.0,1.0,0.05,0.08,0.0,0.76179326,1.0,1.0,0.08912494,0.0,0.003028199,0.0,0.0,0.07615039,0.0
0.0,0.0,0.029411765,0.1,0.0,0.0,0.0,0.0,0.0,0.0,0.0,0.0,0.0,0.0,0.0,0.0,0.0,0.0,0.0,0.0,0.0,0.0,0.023781732,0.0019569471,1.0,1.0,0.0,0.0,0.01,0.06,0.0,0.76569545,1.0,1.0,0.08481332,0.0,0.0,0.0,0.0,0.08622849,0.0
0.0,0.0,0.44117647,0.1,0.0,0.0,0.0,0.0,0.0,0.0,0.0,0.0,0.0,0.0,0.0,0.0,0.0,0.0,0.0,0.0,0.0,0.0,0.023791216,0.0019569471,1.0,1.0,0.0,0.0,0.01,0.08,0.0,0.7667717,1.0,1.0,0.0850682,0.0,0.0,0.0,0.0,0.08642563,0.0
0.0,0.0,0.04411765,0.1,0.0,0.0,0.0,0.0,0.0,0.049943954,0.0,0.0,0.0,0.0,0.0,0.0,0.0024108887,0.022715896,0.0,0.0,0.0,0.06677261,0.013916932,0.09393346,1.0,1.0,0.0,0.0,1.0,0.0,0.0,0.8770846,1.0,1.0,0.12221175,0.0,0.0041760057,0.0,0.0,0.09775272,0.0
0.0,0.0,0.029411765,0.2,0.0,0.0,0.0,0.0,0.0,0.0,0.0,0.0,0.0,0.0,0.0,0.0,0.0,0.0,0.0,0.0,0.0,0.0,0.01711037,0.0039138943,0.0,0.0,1.0,1.0,0.01,0.07,0.0,0.7668042,1.0,1.0,0.09073091,0.0,0.0021419078,0.0,0.0,0.078475654,0.0
0.0,0.0,0.029411765,0.1,0.0,0.0,0.0,0.0,0.0,0.0,0.0,0.0,0.0,0.0,0.0,0.0,0.0,0.0,0.0,0.0,0.0,0.0,0.023634493,0.0019569471,1.0,1.0,0.0,0.0,0.01,0.09,0.0,0.7701032,1.0,1.0,0.08614009,0.0,0.0,0.0,0.0,0.087435454,0.0
0.14006758,0.0,0.13235295,0.0,0.0,1.1144735e-05,0.0,0.0,0.0,0.0,0.0,0.0,0.0,0.0,0.0,0.0,0.0,0.0,0.0,0.0,0.0,0.0,0.021066196,0.0019569471,0.0,0.0,0.0,0.0,1.0,0.0,0.0,0.7296114,1.0,1.0,0.07705151,0.0,0.0011139512,0.0,0.0,0.07670826,0.0
0.0,0.0,0.44117647,0.2,0.0,0.0,0.0,0.0,0.0,0.0,0.0,0.0,0.0,0.0,0.0,0.0,0.0,0.0,0.0,0.0,0.0,0.0017135143,0.016941518,0.0332681,0.0,0.0,1.0,1.0,0.12,0.06,0.0,0.76908576,1.0,1.0,0.09135937,0.0,0.0029804856,0.0,0.0,0.07756588,0.0
0.0,1.0,0.36764705,0.0,1.6426413e-05,0.0,0.0,0.0,0.0,0.0,0.0,0.0,0.0,0.0,0.0,0.0,0.0,0.0,0.0,0.0,0.0,0.0,0.030338265,0.99804306,0.0,0.0,0.0,0.0,1.0,0.0,0.0,0.6611346,0.95061487,1.0,0.04935857,0.0,0.0033051819,0.0,0.0,0.065749496,0.0
0.0,0.0,0.13235295,0.8,0.0,3.2691223e-05,0.0,0.0,0.0,0.0,0.0,0.0,0.0,0.0,0.0,0.0,0.0,0.0,0.0,0.0,0.0,0.0,0.025914319,0.0019569471,1.0,1.0,0.0,0.0,1.0,0.0,0.0,0.6759888,0.9698411,1.0,0.057185404,0.0,0.0054008216,0.0,0.0,0.06575757,0.0
0.0,1.0,0.36764705,0.0,1.6044403e-05,0.0,0.0,0.0,0.0,0.007101506,0.0,0.0,0.0,0.0,0.0,0.0,0.0,0.0,0.0,0.0,0.0,0.01849106,0.015042998,0.87279844,0.0,0.0,0.0,0.0,1.0,0.0,0.0,0.7922201,1.0,1.0,0.09935578,0.0,0.002917245,0.0,0.0,0.08876619,0.0
0.0,1.0,0.36764705,0.0,1.6426413e-05,0.0,0.0,0.0,0.0,0.0008585155,0.0,0.0,0.0,0.0,0.0,0.0,0.0,0.0,0.0,0.0,0.0,0.013323724,0.014454298,0.32876712,0.0,0.0,0.0,0.0,1.0,0.0,0.0,0.7804967,1.0,1.0,0.096645795,0.0,0.004459515,0.0,0.0,0.08418414,0.0
0.0,0.0,0.61764705,0.2,0.0,0.0,0.0,0.0,0.0,0.0,0.0,0.0,0.0,0.0,0.0,0.0,0.0,0.0,0.0,0.0,0.0,0.0037514865,0.016708076,0.025440313,0.0,0.0,1.0,1.0,0.04,0.05,0.0,0.77414143,1.0,1.0,0.09309765,0.0,0.0018255562,0.0,0.0,0.08026895,0.0
0.0,0.0,0.029411765,0.1,0.0,0.0,0.0,0.0,0.0,0.0,0.0,0.0,0.0,0.0,0.0,0.0,0.0,0.0,0.0,0.0,0.0,0.0,0.023554385,0.0019569471,1.0,1.0,0.0,0.0,0.01,0.09,0.0,0.77119064,1.0,1.0,0.08653397,0.0,0.0,0.0,0.0,0.087827265,0.0
0.0,0.0,0.13235295,0.8,0.0,3.2691223e-05,0.0,0.0,0.0,0.0,0.0,0.0,0.0,0.0,0.0,0.0,0.0,0.0,0.0,0.0,0.0,0.0,0.020860404,0.0019569471,1.0,1.0,0.0,0.0,1.0,0.0,0.0,0.7145778,1.0,1.0,0.07290492,0.0,0.0030681938,0.0,0.0,0.0728679,0.0
0.0,0.0,0.04411765,0.2,0.0,0.0,0.0,0.0,0.0,0.004378289,0.0,0.0,0.0,0.0,0.0,0.0,0.0,0.0,0.0,0.0,0.0,0.015442669,0.016112216,0.023483366,0.0,0.0,1.0,1.0,0.36,0.12,0.0,0.79071784,1.0,1.0,0.09764289,0.0,0.0039060563,0.0,0.0,0.08065662,0.0
0.0,0.0,0.029411765,0.2,0.0,0.0,0.0,0.0,0.0,0.0,0.0,0.0,0.0,0.0,0.0,0.0,0.0,0.0,0.0,0.0,0.0,0.0012142658,0.016923994,0.007827789,0.0,0.0,1.0,1.0,0.01,0.06,0.0,0.77002776,1.0,1.0,0.09182485,0.0,0.0017526597,0.0,0.0,0.079586625,0.0
0.0,0.0,0.04411765,0.1,0.0,0.0,0.0,0.0,0.0,0.05854866,0.0,0.0,0.0,0.0,0.0,0.0,0.0023186803,0.024835408,0.0,0.0,0.0,0.07151204,0.017491303,0.24266145,1.0,1.0,0.0,0.0,1.0,0.0,0.0,0.89371455,1.0,1.0,0.123588555,0.0,0.0,0.0,0.0,0.11000058,0.0
0.0,0.0,0.5294118,0.1,0.0,0.0,0.0,0.0,0.0,0.0,0.0,0.0,0.0,0.0,0.0,0.0,0.0,0.0,0.0,0.0,0.0,0.0,0.022976376,0.031311154,1.0,1.0,0.0,0.0,0.06,0.06,0.0,0.7817322,1.0,1.0,0.08996161,0.0,0.0,0.0,0.0,0.09059894,0.0
0.0,0.0,0.13235295,0.5,0.0,0.0,0.0,0.0,0.0,0.0084759,0.0,0.0,0.0,0.0,0.0,0.0,0.0,0.0,0.0,0.0,0.0,0.018850774,0.01658377,0.0019569471,0.0,0.0,1.0,1.0,0.1,0.4,0.0,0.7979344,1.0,1.0,0.099088095,0.0,0.0029794127,0.0,0.0,0.08520046,0.0
0.0,0.0,0.029411765,0.2,0.0,0.0,0.0,0.0,0.0,0.0,0.0,0.0,0.0,0.0,0.0,0.0,0.0,0.0,0.0,0.0,0.0,0.0020870864,0.016891524,0.015655577,0.0,0.0,1.0,1.0,0.03,0.06,0.0,0.77120686,1.0,1.0,0.09212693,0.0,0.0019438267,0.0,0.0,0.07961333,0.0
0.0,0.0,0.029411765,0.2,0.0,0.0,0.0,0.0,0.0,0.0,0.0,0.0,0.0,0.0,0.0,0.0,0.0,0.0,0.0,0.0,0.0,0.0,0.017294325,0.007827789,0.0,0.0,1.0,1.0,0.03,0.06,0.0,0.7618216,1.0,1.0,0.089118876,0.0,0.0029717833,0.0,0.0,0.07621157,0.0
0.0,0.0,0.14705883,0.1,0.0,0.0,0.0,0.0,0.0,0.0,0.0,0.0,0.0,0.0,0.0,0.0,0.0,0.0,0.0,0.0,0.0,0.0,0.023014933,0.023483366,1.0,1.0,0.0,0.0,0.24,0.08,0.0,0.7664659,1.0,1.0,0.08542823,0.0,0.0,0.0,0.0,0.08564961,0.0
0.0,0.0,0.029411765,0.2,0.0,0.0,0.0,0.0,0.0,0.0,0.0,0.0,0.0,0.0,0.0,0.0,0.0,0.0,0.0,0.0,0.0,0.0002296269,0.017097823,0.025440313,0.0,0.0,1.0,1.0,0.12,0.06,0.0,0.7664689,1.0,1.0,0.09050115,0.0,0.0030776411,0.0,0.0,0.077016294,0.0
0.12527072,0.0,0.13235295,0.0,0.0,3.2691223e-05,0.0,0.0,0.0,0.0142659545,0.0,0.0,0.0,0.0,0.0,0.0,0.0,0.0,0.0,0.0,0.0,0.02411443,0.018211268,0.0019569471,0.0,0.0,0.0,0.0,1.0,0.0,0.0,0.8087537,1.0,1.0,0.10024723,0.0,0.0018810481,0.0,0.0,0.09288749,0.0
0.035883218,0.0,0.04411765,0.3,0.0008993779,0.0,0.0,0.0,0.0,0.010495216,0.0,0.0,0.0,0.0,0.0,0.0,0.0,0.0,0.0,0.0,0.0,0.028358936,0.01037363,0.017612524,0.0,0.0,1.0,1.0,1.0,0.0,0.0,0.800781,1.0,1.0,0.10506564,0.0,0.009486273,0.0,0.0,0.073329866,0.0
0.12679546,0.0,0.13235295,0.0,0.0,3.2691223e-05,0.0,0.0,0.0,0.01509583,0.0,0.0,0.0,0.0,0.0,0.0,0.0,0.0,0.0,0.0,0.0,0.02499628,0.018130183,0.0019569471,0.0,0.0,0.0,0.0,1.0,0.0,0.0,0.8102716,1.0,1.0,0.100727595,0.0,0.0018506199,0.0,0.0,0.093209535,0.0
0.0,0.0,0.029411765,0.2,0.0,0.0,0.0,0.0,0.0,0.0,0.0,0.0,0.0,0.0,0.0,0.0,0.0,0.0,0.0,0.0,0.0,0.0017117858,0.016908541,0.011741683,0.0,0.0,1.0,1.0,0.02,0.06,0.0,0.77076995,1.0,1.0,0.09201848,0.0,0.0018068403,0.0,0.0,0.0797455,0.0
0.0,0.0,0.029411765,0.2,0.0,0.0,0.0,0.0,0.0,0.0,0.0,0.0,0.0,0.0,0.0,0.0,0.0,0.0,0.0,0.0,0.0,0.0,0.017082646,0.025440313,0.0,0.0,1.0,1.0,0.11,0.08,0.0,0.76584053,1.0,1.0,0.090360425,0.0,0.0030587614,0.0,0.0,0.076854825,0.0
0.0,0.0,0.029411765,0.1,0.0,0.0,0.0,0.0,0.0,0.0,0.0,0.0,0.0,0.0,0.0,0.0,0.0,0.0,0.0,0.0,0.0,0.0,0.023270912,0.011741683,1.0,1.0,0.0,0.0,0.02,0.07,0.0,0.77533424,1.0,1.0,0.08797216,0.0,0.0,0.0,0.0,0.08907357,0.0
0.0,0.0,0.029411765,0.1,0.0,0.0,0.0,0.0,0.0,0.0,0.0,0.0,0.0,0.0,0.0,0.0,0.0,0.0,0.0,0.0,0.0,0.0,0.023302153,0.031311154,1.0,1.0,0.0,0.0,0.1,0.08,0.0,0.77911794,1.0,1.0,0.088812076,0.0,0.0,0.0,0.0,0.08937052,0.0
0.0,0.0,0.6911765,0.2,0.0,0.0,0.0,0.0,0.0,0.0,0.0,0.0,0.0,0.0,0.0,0.0,0.0,0.0,0.0,0.0,0.0,0.00036272407,0.017023511,0.02739726,0.0,0.0,1.0,1.0,0.1,0.06,0.0,0.7668698,1.0,1.0,0.09070753,0.0,0.0029319823,0.0,0.0,0.07725349,0.0
0.0,0.0,0.20588236,0.1,0.0,0.0,0.0,0.0,0.0,0.0,0.0,0.0,0.0,0.0,0.0,0.0,0.0,0.0,0.0,0.0,0.0,0.0,0.023205146,0.01369863,1.0,1.0,0.0,0.0,0.03,0.07,0.0,0.77703977,1.0,1.0,0.08849602,0.0,0.0,0.0,0.0,0.0894804,0.0
0.0,0.0,0.04411765,0.0,0.0008681168,0.0061771553,0.0,0.0,0.0,0.0,0.0,0.0,0.0,0.0,0.0,0.0,0.0,0.0,0.0,0.0,0.0,0.008249044,0.0106417015,0.007827789,0.0,0.0,0.0,0.0,1.0,0.0,0.0,0.765816,1.0,1.0,0.095619656,0.0,0.009828582,0.0,0.0,0.066140205,0.0
0.0,0.0,0.3970588,0.2,0.0,0.0,0.0,0.0,0.0,0.0,0.0,0.0,0.0,0.0,0.0,0.0,0.0,0.0,0.0,0.0,0.0,0.0030822754,0.016772293,0.025440313,0.0,0.0,1.0,1.0,0.05,0.06,0.0,0.7727184,1.0,1.0,0.09262844,0.0,0.0020369887,0.0,0.0,0.07968363,0.0
0.0,0.0,0.029411765,0.2,0.0,0.0,0.0,0.0,0.0,0.0,0.0,0.0,0.0,0.0,0.0,0.0,0.0,0.0,0.0,0.0,0.0,0.0015903115,0.01696787,0.017612524,0.0,0.0,1.0,1.0,0.04,0.07,0.0,0.76985526,1.0,1.0,0.09163793,0.0,0.0023204386,0.0,0.0,0.0787704,0.0
0.0,0.0,0.04411765,0.2,0.0,0.0,0.0,0.0,0.0,0.0,0.0,0.0,0.0,0.0,0.0,0.0,0.0,0.0,0.0,0.0,0.0,0.001924336,0.016873628,0.02739726,0.0,0.0,1.0,1.0,0.07,0.06,0.0,0.77019024,1.0,1.0,0.09180244,0.0,0.0024386644,0.0,0.0,0.07861912,0.0
0.0,1.0,0.36764705,0.0,1.6426413e-05,0.0,0.0,0.0,0.0,0.0022990108,0.0,0.0,0.0,0.0,0.0,0.0,0.0,0.0,0.0,0.0,0.0,0.014608234,0.014617816,0.46183953,0.0,0.0,0.0,0.0,1.0,0.0,0.0,0.78315544,1.0,1.0,0.09720447,0.0,0.0041730553,0.0,0.0,0.085477024,0.0
0.0,0.0,0.14705883,0.1,0.0,0.0,0.0,0.0,0.0,0.003307283,0.0,0.0,0.0,0.0,0.0,0.0,0.0,0.0,0.0,0.0,0.0,0.0068435073,0.022957988,0.007827789,1.0,1.0,0.0,0.0,0.29,0.29,0.0,0.7912562,1.0,1.0,0.092037134,0.0,0.0,0.0,0.0,0.090544134,0.0
0.14242397,0.0,0.13235295,0.0,0.0,1.1144735e-05,0.0,0.0,0.0,0.0,0.0,0.0,0.0,0.0,0.0,0.0,0.0,0.0,0.0,0.0,0.0,0.0,0.036840044,0.0019569471,0.0,0.0,0.0,0.0,1.0,0.0,0.0,0.6277829,0.90797406,1.0,0.032394536,0.0,0.009659201,0.0,0.0,0.060438707,0.0
0.0,0.0,0.0882353,0.1,0.0,0.0,0.0,0.0,0.0,0.0,0.0,0.0,0.0,0.0,0.0,0.0,0.0,0.0,0.0,0.0,0.0,0.0,0.02353315,0.0039138943,1.0,1.0,0.0,0.0,0.01,0.09,0.0,0.772292,1.0,1.0,0.08683898,0.0,0.0,0.0,0.0,0.08801642,0.0
0.0,0.0,0.029411765,0.2,0.0,0.0,0.0,0.0,0.0,0.0,0.0,0.0,0.0,0.0,0.0,0.0,0.0,0.0,0.0,0.0,0.0,0.0,0.017104663,0.017612524,0.0,0.0,1.0,1.0,0.06,0.05,0.0,0.7658591,1.0,1.0,0.09038674,0.0,0.00280191,0.0,0.0,0.07722369,0.0
0.0,0.0,0.04411765,0.0,0.0008681168,0.0061771553,0.0,0.0,0.0,0.0,0.0,0.0,0.0,0.0,0.0,0.0,0.0,0.0,0.0,0.0,0.0,0.0071439445,0.010676354,0.052837573,0.0,0.0,0.0,0.0,1.0,0.0,0.07,0.763908,1.0,1.0,0.095083795,0.0,0.009844556,0.0,0.0,0.065770656,0.0
0.0,0.0,0.0,0.2,0.0,0.0,0.0,0.0,0.0,0.0,0.0,0.0,0.0,0.0,0.0,0.0,0.0,0.0,0.0,0.0,0.0,0.0031613708,0.016901202,0.021526419,0.0,0.0,1.0,1.0,0.05,0.08,0.0,0.7726964,1.0,1.0,0.09245723,0.0,0.0021750778,0.0,0.0,0.07969558,0.0
0.0,0.0,0.04411765,0.1,0.0,0.0,0.0,0.0,0.0,0.0141457915,0.0,0.0,0.0,0.0,0.0,0.0,0.0,0.0,0.0,0.0,0.0,0.029026866,0.013706692,0.029354207,0.27,0.27,0.73,0.73,1.0,0.0,0.0,0.80907667,1.0,1.0,0.10440438,0.0,0.0063463897,0.0,0.0,0.08000615,0.0
0.0,1.0,0.36764705,0.0,1.6426413e-05,0.0,0.0,0.0,0.0,0.0080703795,0.0,0.0,0.0,0.0,0.0,0.0,0.0,0.0,0.0,0.0,0.0,0.01924169,0.015119001,0.95303327,0.0,0.0,0.0,0.0,1.0,0.0,0.0,0.79406536,1.0,1.0,0.099813364,0.0,0.0026392639,0.0,0.0,0.0893462,0.0
0.0,0.0,0.04411765,0.1,0.0,0.0,0.0,0.0,0.0,0.0,0.0,0.0,0.0,0.0,0.0,0.0,0.0,0.0,0.0,0.0,0.0,0.0,0.023357287,0.04892368,1.0,0.36,0.0,0.0,0.47,0.21,0.12,0.76329005,1.0,1.0,0.08423597,0.0,0.0,0.0,0.0,0.08488643,0.0
0.0,0.0,0.029411765,0.1,0.0,0.0,0.0,0.0,0.0,0.0,0.0,0.0,0.0,0.0,0.0,0.0,0.0,0.0,0.0,0.0,0.0,0.0,0.02330625,0.023483366,1.0,1.0,0.0,0.0,0.06,0.06,0.0,0.7765666,1.0,1.0,0.08819426,0.0,0.0,0.0,0.0,0.08896738,0.0
0.0,0.0,0.029411765,0.1,0.0,0.0,0.0,0.0,0.0,0.0,0.0,0.0,0.0,0.0,0.0,0.0,0.0,0.0,0.0,0.0,0.0,0.0,0.023046799,0.02739726,1.0,1.0,0.0,0.0,0.05,0.06,0.0,0.78060627,1.0,1.0,0.08958354,0.0,0.0,0.0,0.0,0.09031287,0.0
0.0,0.0,0.04411765,0.0,0.0008681168,0.0061771553,0.0,0.0,0.0,0.0,0.0,0.0,0.0,0.0,0.0,0.0,0.0,0.0,0.0,0.0,0.0,0.005430788,0.010873549,0.007827789,0.0,0.0,0.0,0.0,1.0,0.0,0.0,0.76106095,1.0,1.0,0.094138645,0.0,0.009763017,0.0,0.0,0.06580591,0.0
0.0,0.0,0.7352941,0.5,0.0,0.0,0.0,0.0,0.0,0.0,0.0,0.0,0.0,0.0,0.0,0.0,0.0,0.0,0.0,0.0,0.0,0.0031268597,0.01676803,0.025440313,0.0,0.0,1.0,1.0,0.05,0.06,0.0,0.7728132,1.0,1.0,0.092659675,0.0,0.0020228922,0.0,0.0,0.07972264,0.0
0.0,1.0,0.36764705,0.0,2.3557259e-05,0.0,0.0,0.33333334,0.0,0.0,0.0,0.0,0.0,0.0,0.0,0.0,0.0,0.0,0.0,0.0,0.0,0.0,0.018798806,0.0019569471,0.0,0.0,0.0,0.0,1.0,0.0,0.0,0.75006413,1.0,1.0,0.08447593,0.0,0.0013259947,0.0,0.0,0.07885206,0.0
0.0,0.0,0.029411765,0.2,0.0,0.0,0.0,0.0,0.0,0.0,0.0,0.0,0.0,0.0,0.0,0.0,0.0,0.0,0.0,0.0,0.0,0.0045701563,0.016596042,0.037181996,0.0,0.0,1.0,1.0,0.07,0.06,0.0,0.7752118,1.0,1.0,0.09346139,0.0,0.0020103306,0.0,0.0,0.08013311,0.0
0.0,0.0,0.029411765,0.1,0.0,0.0,0.0,0.0,0.0,0.0,0.0,0.0,0.0,0.0,0.0,0.0,0.0,0.0,0.0,0.0,0.0,0.0,0.023359045,0.023483366,1.0,1.0,0.0,0.0,0.07,0.09,0.0,0.7776575,1.0,1.0,0.088386916,0.0,0.0,0.0,0.0,0.089074254,0.0
0.0,0.0,0.04411765,0.1,0.0,0.0,0.0,0.0,0.0,0.0041312873,0.0,0.0,0.0,0.0,0.0,0.0,0.0,0.0,0.0,0.0,0.0,0.007348925,0.022782385,0.03522505,1.0,0.94,0.0,0.0,0.27,0.06,0.11,0.7925155,1.0,1.0,0.09260615,0.0,0.0,0.0,0.0,0.09112796,0.0
0.0,1.0,0.36764705,0.0,8.08587e-06,0.0,0.0,0.0,0.0,0.0,0.0,0.0,0.0,0.0,0.0,0.0,0.0,0.0,0.0,0.0,0.0,0.0,0.019231677,1.0,0.0,0.0,0.0,0.0,1.0,0.0,0.0,0.74373114,1.0,1.0,0.08277867,0.0,0.0013883263,0.0,0.0,0.07729009,0.0
0.0,0.0,0.029411765,0.2,0.0,0.0,0.0,0.0,0.0,0.0,0.0,0.0,0.0,0.0,0.0,0.0,0.0,0.0,0.0,0.0,0.0,0.005528927,0.016636424,0.039138943,0.0,0.0,1.0,1.0,0.08,0.06,0.0,0.7765877,1.0,1.0,0.0937387,0.0,0.0022062063,0.0,0.0,0.0802179,0.0
0.0,0.0,0.029411765,0.2,0.0,0.0,0.0,0.0,0.0,0.0,0.0,0.0,0.0,0.0,0.0,0.0,0.0,0.0,0.0,0.0,0.0,0.0,0.017302722,0.007827789,0.0,0.0,1.0,1.0,0.03,0.06,0.0,0.7606715,1.0,1.0,0.088806115,0.0,0.0030303746,0.0,0.0,0.07583538,0.0
0.0,0.0,0.029411765,0.2,0.0,0.0,0.0,0.0,0.0,0.0,0.0,0.0,0.0,0.0,0.0,0.0,0.0,0.0,0.0,0.0,0.0,0.0,0.017064624,0.023483366,0.0,0.0,1.0,1.0,0.09,0.06,0.0,0.76555836,1.0,1.0,0.09032621,0.0,0.002962336,0.0,0.0,0.07686046,0.0
0.0,0.0,0.04411765,0.0,0.0008681168,0.0061771553,0.0,0.0,0.0,0.0,0.0,0.0,0.0,0.0,0.0,0.0,0.0,0.0,0.0,0.0,0.0,0.002593726,0.010862932,0.072407044,0.0,0.0,0.0,0.0,1.0,0.0,0.05,0.75614357,1.0,1.0,0.092860006,0.0,0.00981617,0.0,0.0,0.06466463,0.0
0.015697826,0.0,0.04411765,0.3,0.00094585575,0.0,0.0,0.0,0.0,0.0,0.0,0.0,0.0,0.0,0.0,0.0,0.0,0.0,0.0,0.0,0.0,0.0078037083,0.010655388,0.03522505,0.06,0.06,0.89,0.89,1.0,0.0,0.0,0.76507545,1.0,1.0,0.09540937,0.0,0.009812281,0.0,0.0,0.06609252,0.0
0.013913194,0.0,0.04411765,0.3,0.0009923336,0.0,0.0,0.0,0.0,0.028268099,0.0,0.0,0.0,0.0,0.0,0.0,0.0019129217,0.009694189,0.0,0.0,0.0,0.04793459,0.009520583,0.14872798,0.03,0.03,0.97,0.97,1.0,0.0,0.0,0.8344842,1.0,1.0,0.11477589,0.0,0.009175867,0.0,0.0,0.07981315,0.0
0.14119379,0.0,0.13235295,0.8,1.5917067e-08,1.1144735e-05,0.0,0.0,0.0,0.0,0.0,0.0,0.0,0.0,0.0,0.0,0.0,0.0,0.0,0.0,0.0,0.0,0.01912783,0.0019569471,1.0,1.0,0.0,0.0,1.0,0.0,0.0,0.74325037,1.0,1.0,0.08228936,0.0,0.0017376691,0.0,0.0,0.07763192,0.0
0.0,0.0,0.04411765,0.3,0.00062745076,0.0032542627,0.0,0.0,0.0,0.0,0.0,0.0,0.0,0.0,0.0,0.0,0.0,0.0,0.0,0.0,0.0,0.0010326207,0.010939918,0.0039138943,0.0,0.0,0.5,0.5,1.0,0.0,0.0,0.75344026,1.0,1.0,0.09206813,0.0,0.009842321,0.0,0.0,0.06421608,0.0
0.0,0.0,0.029411765,0.2,0.0,0.0,0.0,0.0,0.0,0.0,0.0,0.0,0.0,0.0,0.0,0.0,0.0,0.0,0.0,0.0,0.0,0.0,0.017359175,0.0019569471,0.0,0.0,1.0,1.0,0.01,0.06,0.0,0.7599852,1.0,1.0,0.08859221,0.0,0.0028668493,0.0,0.0,0.07605517,0.0
0.0,1.0,0.36764705,0.0,8.276875e-06,0.0,0.0,0.0,0.0,0.0,0.0,0.0,0.0,0.0,0.0,0.0,0.0,0.0,0.0,0.0,0.0,0.010945678,0.014028519,0.045009784,0.0,0.0,0.0,0.0,1.0,0.0,0.0,0.7754483,1.0,1.0,0.0956903,0.0,0.0050741434,0.0,0.0,0.08145517,0.0
0.0,1.0,0.36764705,0.0,1.6044403e-05,0.0,0.0,0.0,0.0,0.0018329918,0.0,0.0,0.0,0.0,0.0,0.0,0.0,0.0,0.0,0.0,0.0,0.014192671,0.014564872,0.4187867,0.0,0.0,0.0,0.0,1.0,0.0,0.0,0.78229535,1.0,1.0,0.09702376,0.0,0.0042657256,0.0,0.0,0.08505881,0.0
0.0,0.0,0.029411765,0.1,0.0,0.0,0.0,0.0,0.0,0.0,0.0,0.0,0.0,0.0,0.0,0.0,0.0,0.0,0.0,0.0,0.0,0.0,0.023520656,0.031311154,1.0,1.0,0.0,0.0,0.14,0.05,0.0,0.7737436,1.0,1.0,0.08713519,0.0,0.0,0.0,0.0,0.087815285,0.0
0.0,0.0,0.13235295,0.8,0.0,3.2691223e-05,0.0,0.0,0.0,0.011128306,0.0,0.0,0.0,0.0,0.0,0.0,0.0,0.0,0.0,0.0,0.0,0.017138034,0.018792115,0.0019569471,1.0,1.0,0.0,0.0,1.0,0.0,0.0,0.8027315,1.0,1.0,0.09857496,0.0,0.0,0.0,0.0,0.09199241,0.0
0.0,0.0,0.7941176,0.2,0.0,0.0,0.0,0.0,0.0,0.0,0.0,0.0,0.0,0.0,0.0,0.0,0.0,0.0,0.0,0.0,0.0,0.0,0.017388456,0.0039138943,0.0,0.0,1.0,1.0,0.02,0.07,0.0,0.7596773,1.0,1.0,0.088447355,0.0,0.0030884147,0.0,0.0,0.07564142,0.0
0.0,0.0,0.14705883,0.5,0.0,0.0,0.0,0.0,0.0,0.0,0.0,0.0,0.0,0.0,0.0,0.0,0.0,0.0,0.0,0.0,0.0,0.0,0.01705733,0.0058708414,0.0,0.0,1.0,1.0,0.01,0.06,0.0,0.76673067,1.0,1.0,0.090780966,0.0,0.0020666867,0.0,0.0,0.078517705,0.0
1.7326518e-05,0.0,0.22058824,0.0,4.1368454e-05,0.00021769383,0.0,0.0,0.0,0.0,0.0,0.0,0.0,0.0,0.0,0.0,0.0,0.0,0.0,0.0,0.0,0.0013765991,0.012660854,0.0039138943,0.0,0.0,0.0,0.0,1.0,0.0,0.0,0.75600386,1.0,1.0,0.09107522,0.0,0.008077234,0.0,0.0,0.07283524,0.0
0.0,0.0,0.0,0.2,0.0,0.0,0.0,0.0,0.0,0.0,0.0,0.0,0.0,0.0,0.0,0.0,0.0,0.0,0.0,0.0,0.0,0.0005964637,0.017015554,0.011741683,0.0,0.0,1.0,1.0,0.03,0.07,0.0,0.7683984,1.0,1.0,0.091236465,0.0,0.002159208,0.0,0.0,0.07877001,0.0
0.0,0.0,0.029411765,0.2,0.0,0.0,0.0,0.0,0.0,0.0,0.0,0.0,0.0,0.0,0.0,0.0,0.0,0.0,0.0,0.0,0.0,3.6746264e-05,0.017079033,0.009784736,0.0,0.0,1.0,1.0,0.02,0.06,0.0,0.76727414,1.0,1.0,0.09085802,0.0,0.0023001134,0.0,0.0,0.078332394,0.0
0.0,0.0,0.029411765,0.2,0.0,0.0,0.0,0.0,0.0,0.0,0.0,0.0,0.0,0.0,0.0,0.0,0.0,0.0,0.0,0.0,0.0,0.0039044619,0.01677335,0.03522505,0.0,0.0,1.0,1.0,0.09,0.07,0.0,0.7734947,1.0,1.0,0.09275436,0.0,0.0024638474,0.0,0.0,0.07925758,0.0
0.0,0.0,0.04411765,0.2,0.0,0.0,0.0,0.0,0.0,0.0,0.0,0.0,0.0,0.0,0.0,0.0,0.0,0.0,0.0,0.0,0.0,0.0,0.017098263,0.0058708414,0.0,0.0,1.0,1.0,0.01,0.06,0.0,0.7667899,1.0,1.0,0.09073394,0.0,0.0021701306,0.0,0.0,0.07844505,0.0
0.13817899,0.0,0.13235295,0.0,0.0,3.2691223e-05,0.0,0.0,0.0,0.0,0.0,0.0,0.0,0.0,0.0,0.0,0.0,0.0,0.0,0.0,0.0,0.0,0.020932369,0.0019569471,0.0,0.0,0.0,0.0,1.0,0.0,0.0,0.72212744,1.0,1.0,0.07502889,0.0,0.0020911396,0.0,0.0,0.07468468,0.0
0.015749805,0.0,0.04411765,0.3,0.000876139,0.0,0.0,0.0,0.0,0.007099539,0.0,0.0,0.0,0.0,0.0,0.0,0.0,0.0,0.0,0.0,0.0,0.024544626,0.010124996,0.10763209,0.02,0.02,0.96,0.96,1.0,0.0,0.0,0.7939937,1.0,1.0,0.10353764,0.0,0.009541199,0.0,0.0,0.071807265,0.0
1.7326518e-05,0.0,0.22058824,0.0,4.1368454e-05,0.00021769383,0.0,0.0,0.0,0.0,0.0,0.0,0.0,0.0,0.0,0.0,0.0,0.0,0.0,0.0,0.0,0.003489703,0.011090413,0.0058708414,0.0,0.0,0.0,0.0,1.0,0.0,0.0,0.75796175,1.0,1.0,0.09309343,0.0,0.009522483,0.0,0.0,0.06659272,0.0
0.0,0.0,0.32352942,0.1,0.0,0.0,0.0,0.0,0.0,0.0,0.0,0.0,0.0,0.0,0.0,0.0,0.0,0.0,0.0,0.0,0.0,0.0,0.02323483,0.01369863,1.0,1.0,0.0,0.0,0.03,0.07,0.0,0.77663696,1.0,1.0,0.08835011,0.0,0.0,0.0,0.0,0.08933526,0.0
0.0,0.0,0.04411765,0.1,0.0,0.0,0.0,0.0,0.0,0.055886716,0.0,0.0,0.0,0.0,0.0,0.0,0.002893746,0.026448995,0.0,0.0,0.0,0.07216099,0.014631033,0.14285715,1.0,1.0,0.0,0.0,1.0,0.0,0.0,0.8884666,1.0,1.0,0.124634765,0.0,0.0030318499,0.0,0.0,0.10212204,0.0
0.0,0.0,0.14705883,0.5,0.0,0.0,0.0,0.0,0.0,0.016233236,0.0,0.0,0.0,0.0,0.0,0.0,0.0,0.0,0.0,0.0,0.0,0.02619955,0.01662749,0.023483366,0.0,0.0,1.0,1.0,0.3,0.1,0.0,0.8120011,1.0,1.0,0.102798216,0.0,0.0019378215,0.0,0.0,0.09055865,0.0
0.0,0.0,0.029411765,0.2,0.0,0.0,0.0,0.0,0.0,0.0,0.0,0.0,0.0,0.0,0.0,0.0,0.0,0.0,0.0,0.0,0.0,0.0,0.017298423,0.007827789,0.0,0.0,1.0,1.0,0.03,0.06,0.0,0.7607664,1.0,1.0,0.08883738,0.0,0.003016308,0.0,0.0,0.07587439,0.0
0.015645847,0.0,0.04411765,0.3,0.00094585575,0.0,0.0,0.0,0.0,0.0,0.0,0.0,0.0,0.0,0.0,0.0,0.0,0.0,0.0,0.0,0.0,0.003008604,0.010847524,0.007827789,0.0,0.0,1.0,1.0,1.0,0.0,0.0,0.75683737,1.0,1.0,0.093051426,0.0,0.009855181,0.0,0.0,0.06464499,0.0
0.0,1.0,0.36764705,0.0,1.6426413e-05,0.0,0.0,0.0,0.0,0.0,0.0,0.0,0.0,0.0,0.0,0.0,0.0,0.0,0.0,0.0,0.0,0.0,0.022480227,1.0,0.0,0.0,0.0,0.0,1.0,0.0,0.0,0.7040124,1.0,1.0,0.06903841,0.0,0.0018474609,0.0,0.0,0.07091266,0.0
0.0,0.0,0.029411765,0.1,0.0,0.0,0.0,0.0,0.0,0.0,0.0,0.0,0.0,0.0,0.0,0.0,0.0,0.0,0.0,0.0,0.0,0.0,0.0235238,0.007827789,1.0,1.0,0.0,0.0,0.03,0.1,0.0,0.773191,1.0,1.0,0.08706734,0.0,0.0,0.0,0.0,0.0881252,0.0
0.035709955,0.0,0.04411765,0.3,0.001155006,0.0,0.0,0.0,0.0,0.012416184,0.0,0.0,0.0,0.0,0.0,0.0,0.0,0.0,0.0,0.0,0.0,0.03049907,0.010309063,0.019569471,0.0,0.0,1.0,1.0,1.0,0.0,0.0,0.8044697,1.0,1.0,0.106098555,0.0,0.00946784,0.0,0.0,0.07399571,0.0
0.0,0.0,0.029411765,0.1,0.0,0.0,0.0,0.0,0.0,0.0,0.0,0.0,0.0,0.0,0.0,0.0,0.0,0.0,0.0,0.0,0.0,0.0,0.023643598,0.01369863,1.0,1.0,0.0,0.0,0.13,0.15,0.0,0.7759079,1.0,1.0,0.08754604,0.0,0.0,0.0,0.0,0.08830917,0.0
0.0,0.0,0.7941176,0.2,0.0,0.0,0.0,0.0,0.0,0.0,0.0,0.0,0.0,0.0,0.0,0.0,0.0,0.0,0.0,0.0,0.0,0.0015816987,0.016944416,0.03522505,0.0,0.0,1.0,1.0,0.14,0.06,0.0,0.76873946,1.0,1.0,0.091252886,0.0,0.0030580163,0.0,0.0,0.07739878,0.0
0.015559213,0.0,0.04411765,0.3,0.0011623278,0.0,0.0,0.0,0.0,0.048986882,0.0,0.0,0.0,0.0,0.0,0.0017719567,0.0042385086,0.028026164,0.0,0.0,0.0,0.071306616,0.008899622,0.06066536,0.16,0.16,0.84,0.84,1.0,0.0,0.0,0.874694,1.0,1.0,0.12594372,0.0,0.009196773,0.0,0.0,0.08617148,0.0
0.0,0.0,0.029411765,0.2,0.0,0.0,0.0,0.0,0.0,0.0,0.0,0.0,0.0,0.0,0.0,0.0,0.0,0.0,0.0,0.0,0.0,0.0047744513,0.016689844,0.03522505,0.0,0.0,1.0,1.0,0.07,0.07,0.0,0.7753446,1.0,1.0,0.09336438,0.0,0.0021890253,0.0,0.0,0.08001843,0.0
0.0,0.0,0.029411765,0.2,0.0,0.0,0.0,0.0,0.0,0.0,0.0,0.0,0.0,0.0,0.0,0.0,0.0,0.0,0.0,0.0,0.0,0.0,0.017060332,0.011741683,0.0,0.0,1.0,1.0,0.03,0.06,0.0,0.7664418,1.0,1.0,0.09065781,0.0,0.0023376346,0.0,0.0,0.078062296,0.0
0.0,0.0,0.4117647,0.2,0.0,0.0,0.0,0.0,0.0,0.0,0.0,0.0,0.0,0.0,0.0,0.0,0.0,0.0,0.0,0.0,0.0,0.0025989413,0.016913138,0.019569471,0.0,0.0,1.0,1.0,0.04,0.07,0.0,0.7717502,1.0,1.0,0.092204,0.0,0.002177313,0.0,0.0,0.07942805,0.0
0.0,0.0,0.029411765,0.2,0.0,0.0,0.0,0.0,0.0,0.0,0.0,0.0,0.0,0.0,0.0,0.0,0.0,0.0,0.0,0.0,0.0,6.869435e-05,0.017071232,0.023483366,0.0,0.0,1.0,1.0,0.09,0.05,0.0,0.7663765,1.0,1.0,0.090529434,0.0,0.0029530525,0.0,0.0,0.07709995,0.0
0.14013688,0.0,0.13235295,0.0,0.0,1.1144735e-05,0.0,0.0,0.0,0.0,0.0,0.0,0.0,0.0,0.0,0.0,0.0,0.0,0.0,0.0,0.0,0.0,0.034220427,0.0019569471,0.0,0.0,0.0,0.0,1.0,0.0,0.0,0.63863695,0.9220483,1.0,0.03797154,0.0,0.009493992,0.0,0.0,0.06088178,0.0
0.0,1.0,0.36764705,0.0,1.6044403e-05,0.0,0.0,0.0,0.0,0.003442824,0.0,0.0,0.0,0.0,0.0,0.0,0.0,0.0,0.0,0.0,0.0,0.015628308,0.014747724,0.56751466,0.0,0.0,0.0,0.0,1.0,0.0,0.0,0.78526664,1.0,1.0,0.09764814,0.0,0.0039455146,0.0,0.0,0.08650383,0.0
0.0,0.0,0.75,0.5,0.0,0.0,0.0,0.0,0.0,0.0,0.0,0.0,0.0,0.0,0.0,0.0,0.0,0.0,0.0,0.0,0.0,0.0,0.017129697,0.021526419,0.0,0.0,1.0,1.0,0.09,0.07,0.0,0.76473963,1.0,1.0,0.09003302,0.0,0.0030204207,0.0,0.0,0.07671389,0.0
0.0,0.0,0.029411765,0.1,0.0,0.0,0.0,0.0,0.0,0.0,0.0,0.0,0.0,0.0,0.0,0.0,0.0,0.0,0.0,0.0,0.0,0.0,0.023568608,0.025440313,1.0,1.0,0.0,0.0,0.11,0.06,0.0,0.7723627,1.0,1.0,0.08673551,0.0,0.0,0.0,0.0,0.08754024,0.0
0.12998354,0.0,0.13235295,0.0,0.0,3.2691223e-05,0.0,0.0,0.0,0.022990644,0.0,0.0,0.0,0.0,0.0,0.0,0.0,0.0,0.0,0.0,0.0,0.031920135,0.018601649,0.0019569471,0.0,0.0,0.0,0.0,1.0,0.0,0.0,0.8257122,1.0,1.0,0.104588054,0.0,0.0002951622,0.0,0.0,0.09669447,0.0
0.0,0.0,0.029411765,0.2,0.0,0.0,0.0,0.0,0.0,0.0,0.0,0.0,0.0,0.0,0.0,0.0,0.0,0.0,0.0,0.0,0.0,0.0,0.017201848,0.015655577,0.0,0.0,1.0,1.0,0.07,0.08,0.0,0.76432884,1.0,1.0,0.08985899,0.0,0.002965644,0.0,0.0,0.07678446,0.0
0.0,0.0,0.4852941,0.1,0.0,0.0,0.0,0.0,0.0,0.0,0.0,0.0,0.0,0.0,0.0,0.0,0.0,0.0,0.0,0.0,0.0,0.0,0.023113817,0.019569471,1.0,1.0,0.0,0.0,0.04,0.06,0.0,0.77840614,1.0,1.0,0.08895796,0.0,0.0,0.0,0.0,0.0898456,0.0
0.0137919085,0.0,0.04411765,0.3,0.00096909463,0.0,0.0,0.0,0.0,0.019507557,0.0,0.0,0.0,0.0,0.0,0.0,0.0008921847,0.002303362,0.0,0.0,0.0,0.038199008,0.009818077,0.13111547,0.03,0.03,0.97,0.97,1.0,0.0,0.0,0.8176944,1.0,1.0,0.11006986,0.0,0.009279087,0.0,0.0,0.07670683,0.0
0.0,0.0,0.6764706,0.1,0.0,0.0,0.0,0.0,0.0,0.0,0.0,0.0,0.0,0.0,0.0,0.0,0.0,0.0,0.0,0.0,0.0,0.0,0.023636997,0.0039138943,1.0,1.0,0.0,0.0,0.02,0.1,0.0,0.77088237,1.0,1.0,0.08632838,0.0,0.0,0.0,0.0,0.08750847,0.0
0.0,0.0,0.029411765,0.2,0.0,0.0,0.0,0.0,0.0,0.0,0.0,0.0,0.0,0.0,0.0,0.0,0.0,0.0,0.0,0.0,0.0,0.003127575,0.016829588,0.023483366,0.0,0.0,1.0,1.0,0.05,0.06,0.0,0.772697,1.0,1.0,0.09254708,0.0,0.0021263063,0.0,0.0,0.07960257,0.0
0.0,0.0,0.029411765,0.2,0.0,0.0,0.0,0.0,0.0,0.0,0.0,0.0,0.0,0.0,0.0,0.0,0.0,0.0,0.0,0.0,0.0,0.0039064586,0.016764008,0.029354207,0.0,0.0,1.0,1.0,0.06,0.06,0.0,0.7739259,1.0,1.0,0.09292447,0.0,0.0021717548,0.0,0.0,0.07977152,0.0
0.0,0.0,0.029411765,0.1,0.0,0.0,0.0,0.0,0.0,0.0,0.0,0.0,0.0,0.0,0.0,0.0,0.0,0.0,0.0,0.0,0.0,0.0,0.023576565,0.021526419,1.0,1.0,0.0,0.0,0.08,0.06,0.0,0.7673453,1.0,1.0,0.08540938,0.0,0.0,0.0,0.0,0.08668518,0.0
0.0,0.0,0.7058824,0.1,0.0,0.0,0.0,0.0,0.0,0.0,0.0,0.0,0.0,0.0,0.0,0.0,0.0,0.0,0.0,0.0,0.0,0.0,0.023670726,0.0019569471,1.0,1.0,0.0,0.0,0.01,0.06,0.0,0.76780427,1.0,1.0,0.08550974,0.0,0.0,0.0,0.0,0.08689314,0.0
0.0,0.0,0.029411765,0.2,0.0,0.0,0.0,0.0,0.0,0.0,0.0,0.0,0.0,0.0,0.0,0.0,0.0,0.0,0.0,0.0,0.0,0.0,0.017147556,0.0019569471,0.0,0.0,1.0,1.0,0.0,0.07,0.0,0.76660204,1.0,1.0,0.09064109,0.0,0.0021083653,0.0,0.0,0.078582734,0.0
0.0,0.0,0.20588236,0.1,0.0,0.0,0.0,0.0,0.0,0.0,0.0,0.0,0.0,0.0,0.0,0.0,0.0,0.0,0.0,0.0,0.0,0.0,0.023537882,0.0039138943,1.0,1.0,0.0,0.0,0.01,0.1,0.0,0.7728301,1.0,1.0,0.08696645,0.0,0.0,0.0,0.0,0.08811501,0.0
0.13026077,0.0,0.13235295,0.0,0.0,3.2691223e-05,0.0,0.0,0.0,0.024114668,0.0,0.0,0.0,0.0,0.0,0.0,0.0,0.0,0.0,0.0,0.0,0.033030212,0.01861699,0.0019569471,0.0,0.0,0.0,0.0,1.0,0.0,0.0,0.82790864,1.0,1.0,0.10517306,0.0,0.00017215312,0.0,0.0,0.09708768,0.0
0.0,1.0,0.36764705,0.0,1.6044403e-05,0.0,0.0,0.0,0.0,0.0029343963,0.0,0.0,0.0,0.0,0.0,0.0,0.0,0.0,0.0,0.0,0.0,0.015174925,0.014690004,0.5205479,0.0,0.0,0.0,0.0,1.0,0.0,0.0,0.7843282,1.0,1.0,0.097450934,0.0,0.004046604,0.0,0.0,0.08604747,0.0
1.7326518e-05,0.0,0.22058824,0.0,4.1368454e-05,0.00021769383,0.0,0.0,0.0,0.0,0.0,0.0,0.0,0.0,0.0,0.0,0.0,0.0,0.0,0.0,0.0,0.0016303957,0.012727901,0.0039138943,0.0,0.0,0.0,0.0,1.0,0.0,0.0,0.7566899,1.0,1.0,0.091212,0.0,0.007950544,0.0,0.0,0.07310763,0.0
0.0,0.0,0.029411765,0.2,0.0,0.0,0.0,0.0,0.0,0.0,0.0,0.0,0.0,0.0,0.0,0.0,0.0,0.0,0.0,0.0,0.0,0.0024254024,0.016882382,0.039138943,0.0,0.0,1.0,1.0,0.15,0.05,0.0,0.77017236,1.0,1.0,0.09168979,0.0,0.003047049,0.0,0.0,0.077676296,0.0
0.0,0.0,0.13235295,0.5,0.0,0.0,0.0,0.0,0.0,0.0,0.0,0.0,0.0,0.0,0.0,0.0,0.0,0.0,0.0,0.0,0.0,0.0,0.017115504,0.0019569471,0.0,0.0,1.0,1.0,0.0,0.07,0.0,0.7673136,1.0,1.0,0.09087571,0.0,0.0020026714,0.0,0.0,0.07887533,0.0
0.0,1.0,0.36764705,0.0,8.08587e-06,0.0,0.0,0.0,0.0,0.0050455034,0.0,0.0,0.0,0.0,0.0,0.0,0.0,0.0,0.0,0.0,0.0,0.016898215,0.014881864,0.70254403,0.0,0.0,0.0,0.0,1.0,0.0,0.0,0.7883047,1.0,1.0,0.0983847,0.0,0.003507033,0.0,0.0,0.0875355,0.0
0.0,0.0,0.029411765,0.2,0.0,0.0,0.0,0.0,0.0,0.0,0.0,0.0,0.0,0.0,0.0,0.0,0.0,0.0,0.0,0.0,0.0,0.001255691,0.016999982,0.017612524,0.0,0.0,1.0,1.0,0.05,0.07,0.0,0.7691438,1.0,1.0,0.09140333,0.0,0.0024261624,0.0,0.0,0.07847771,0.0
0.0,0.0,0.3970588,0.2,0.0,0.0,0.0,0.0,0.0,0.0,0.0,0.0,0.0,0.0,0.0,0.0,0.0,0.0,0.0,0.0,0.0,0.0051285923,0.016604073,0.03522505,0.0,0.0,1.0,1.0,0.06,0.06,0.0,0.7762815,1.0,1.0,0.09373983,0.0,0.001937598,0.0,0.0,0.08050069,0.0
0.0,0.0,0.45588234,0.1,0.0,0.0,0.0,0.0,0.0,0.0,0.0,0.0,0.0,0.0,0.0,0.0,0.0,0.0,0.0,0.0,0.0,0.0,0.023266993,0.019569471,1.0,1.0,0.0,0.0,0.05,0.06,0.0,0.7769308,1.0,1.0,0.088355936,0.0,0.0,0.0,0.0,0.08921841,0.0
0.0,0.0,0.029411765,0.1,0.0,0.0,0.0,0.0,0.0,0.0,0.0,0.0,0.0,0.0,0.0,0.0,0.0,0.0,0.0,0.0,0.0,0.0,0.023391627,0.02739726,1.0,1.0,0.0,0.0,0.1,0.09,0.0,0.77713156,1.0,1.0,0.0881898,0.0,0.0,0.0,0.0,0.08886993,0.0
0.0,0.0,0.25,0.5,0.0,0.0,0.0,0.0,0.0,0.0,0.0,0.0,0.0,0.0,0.0,0.0,0.0,0.0,0.0,0.0,0.0,0.0,0.017108276,0.021526419,0.0,0.0,1.0,1.0,0.08,0.05,0.0,0.76521397,1.0,1.0,0.090189435,0.0,0.002949953,0.0,0.0,0.076908976,0.0
0.0,0.0,0.029411765,0.1,0.0,0.0,0.0,0.0,0.0,0.0,0.0,0.0,0.0,0.0,0.0,0.0,0.0,0.0,0.0,0.0,0.0,0.0,0.023366414,0.0332681,1.0,1.0,0.0,0.0,0.12,0.06,0.0,0.77785444,1.0,1.0,0.08839538,0.0,0.0,0.0,0.0,0.08889815,0.0
0.13024344,0.0,0.13235295,0.0,0.0,3.2691223e-05,0.0,0.0,0.0,0.0,0.0,0.0,0.0,0.0,0.0,0.0,0.0,0.0,0.0,0.0,0.0,0.0,0.018326707,0.0019569471,0.0,0.0,0.0,0.0,1.0,0.0,0.0,0.7606404,1.0,1.0,0.087376855,0.0,0.003249839,0.0,0.0,0.0818567,0.0
0.0,0.0,0.029411765,0.2,0.0,0.0,0.0,0.0,0.0,0.0,0.0,0.0,0.0,0.0,0.0,0.0,0.0,0.0,0.0,0.0,0.0,0.001966834,0.016879983,0.017612524,0.0,0.0,1.0,1.0,0.04,0.06,0.0,0.7708397,1.0,1.0,0.09202904,0.0,0.002061978,0.0,0.0,0.07927215,0.0
0.015801786,0.0,0.04411765,0.3,0.00096909463,0.0,0.0,0.0,0.0,0.0,0.0,0.0,0.0,0.0,0.0,0.0,0.0,0.0,0.0,0.0,0.0,0.0133527815,0.010480635,0.056751467,0.03,0.03,0.93,0.93,1.0,0.0,0.0,0.7746582,1.0,1.0,0.09810152,0.0,0.00972791,0.0,0.0,0.06796485,0.0
0.13972104,0.0,0.13235295,0.0,0.0,1.1144735e-05,0.0,0.0,0.0,0.0,0.0,0.0,0.0,0.0,0.0,0.0,0.0,0.0,0.0,0.0,0.0,0.0,0.020998098,0.0019569471,0.0,0.0,0.0,0.0,1.0,0.0,0.0,0.73031676,1.0,1.0,0.077295475,0.0,0.001139462,0.0,0.0,0.07685804,0.0
0.0,0.0,0.029411765,0.2,0.0,0.0,0.0,0.0,0.0,0.0001450777,0.0,0.0,0.0,0.0,0.0,0.0,0.0,0.0,0.0,0.0,0.0,0.0077022314,0.017001472,0.039138943,0.24,0.0,0.76,1.0,0.07,0.06,0.0,0.7817757,1.0,1.0,0.09486418,0.0,0.0013890713,0.0,0.0,0.082511425,0.0
0.0,0.0,0.029411765,0.2,0.0,0.0,0.0,0.0,0.0,0.0,0.0,0.0,0.0,0.0,0.0,0.0,0.0,0.0,0.0,0.0,0.0,0.00016862154,0.017076157,0.007827789,0.0,0.0,1.0,1.0,0.02,0.06,0.0,0.76762044,1.0,1.0,0.09096449,0.0,0.002222538,0.0,0.0,0.078499585,0.0
0.0,0.0,0.04411765,0.0,0.0008681168,0.0061771553,0.0,0.0,0.0,0.0,0.0,0.0,0.0,0.0,0.0,0.0,0.0,0.0,0.0,0.0,0.0,0.0044894516,0.010777816,0.009784736,0.0,0.0,0.0,0.0,1.0,0.0,0.0,0.75941026,1.0,1.0,0.093803816,0.0,0.009803519,0.0,0.0,0.06518808,0.0
0.0,1.0,0.36764705,0.0,2.3557259e-05,0.0,0.0,0.33333334,0.0,0.0,0.0,0.0,0.0,0.0,0.0,0.0,0.0,0.0,0.0,0.0,0.0,0.0,0.025104456,0.0058708414,0.0,0.0,0.0,0.0,1.0,0.0,0.67,0.67789817,0.9725638,1.0,0.05857008,0.0,0.0077113956,0.0,0.0,0.06329407,0.0
0.0,0.0,0.029411765,0.2,0.0,0.0,0.0,0.0,0.0,0.0,0.0,0.0,0.0,0.0,0.0,0.0,0.0,0.0,0.0,0.0,0.0,0.0,0.017352626,0.0058708414,0.0,0.0,1.0,1.0,0.03,0.07,0.0,0.7592244,1.0,1.0,0.08837222,0.0,0.0030695796,0.0,0.0,0.07552731,0.0
0.0,0.0,0.04411765,0.2,0.0,0.0,0.0,0.0,0.0,0.0,0.0,0.0,0.0,0.0,0.0,0.0,0.0,0.0,0.0,0.0,0.0,0.004572928,0.016647644,0.037181996,0.0,0.0,1.0,1.0,0.07,0.06,0.0,0.77503395,1.0,1.0,0.09333616,0.0,0.0021490008,0.0,0.0,0.07996294,0.0
0.0,0.0,0.04411765,0.0,0.0008681168,0.0061771553,0.0,0.0,0.0,0.0,0.0,0.0,0.0,0.0,0.0,0.0,0.0,0.0,0.0,0.0,0.0,0.0,0.0111706555,0.0058708414,0.0,0.0,0.0,0.0,1.0,0.0,0.0,0.7494862,1.0,1.0,0.09080196,0.0,0.009781554,0.0,0.0,0.06401208,0.0
0.0,0.0,0.0882353,0.2,0.0,0.0,0.0,0.0,0.0,0.0,0.0,0.0,0.0,0.0,0.0,0.0,0.0,0.0,0.0,0.0,0.0,0.0021966696,0.016890131,0.021526419,0.0,0.0,1.0,1.0,0.05,0.07,0.0,0.77101266,1.0,1.0,0.09203503,0.0,0.0022007823,0.0,0.0,0.07919693,0.0
0.0,0.0,0.029411765,0.2,0.0,0.0,0.0,0.0,0.0,0.0,0.0,0.0,0.0,0.0,0.0,0.0,0.0,0.0,0.0,0.0,0.0,0.0,0.020272762,0.021526419,0.0,0.0,1.0,1.0,0.05,0.07,0.0,0.72779167,1.0,1.0,0.077352814,0.0,0.0025099665,0.0,0.0,0.0708583,0.0
0.13944381,0.0,0.13235295,0.0,0.0,3.2691223e-05,0.0,0.0,0.0,0.0,0.0,0.0,0.0,0.0,0.0,0.0,0.0,0.0,0.0,0.0,0.0,0.0,0.032937676,0.0019569471,0.0,0.0,0.0,0.0,1.0,0.0,0.0,0.64421034,0.9292098,1.0,0.04083988,0.0,0.009078637,0.0,0.0,0.061441362,0.0
1.7326518e-05,0.0,0.22058824,0.0,4.1368454e-05,0.00021769383,0.0,0.0,0.0,0.0,0.0,0.0,0.0,0.0,0.0,0.0,0.0,0.0,0.0,0.0,0.0,0.0024740696,0.012292676,0.0039138943,0.0,0.0,0.0,0.0,1.0,0.0,0.0,0.7567282,1.0,1.0,0.09152671,0.0,0.00873287,0.0,0.0,0.07180795,0.0
0.0,0.5,0.029411765,0.0,0.0,0.0,0.0,0.0,0.0,0.0,0.0,0.0,0.0,0.0,0.0,0.0,0.0,0.0,0.0029722322,0.0,0.0,0.0,0.04732234,0.0019569471,0.0,0.0,0.0,0.0,1.0,0.0,0.0,0.5835546,0.850737,0.9394485,0.009697728,0.0,0.01117979,0.0,0.0,0.057931453,0.0
0.0,0.0,0.42647058,0.2,0.0,0.0,0.0,0.0,0.0,0.0,0.0,0.0,0.0,0.0,0.0,0.0,0.0,0.0,0.0,0.0,0.0,0.0010909438,0.016991466,0.03522505,0.0,0.0,1.0,1.0,0.17,0.07,0.0,0.7676959,1.0,1.0,0.09090879,0.0,0.003213033,0.0,0.0,0.07696962,0.0
0.0,0.0,0.0882353,0.1,0.0,0.0,0.0,0.0,0.0,0.0,0.0,0.0,0.0,0.0,0.0,0.0,0.0,0.0,0.0,0.0,0.0,0.00042828918,0.023160532,0.039138943,1.0,1.0,0.0,0.0,0.12,0.09,0.0,0.7831857,1.0,1.0,0.090023585,0.0,0.0,0.0,0.0,0.0903106,0.0
0.0,0.0,0.04411765,0.1,0.0,0.0,0.0,0.0,0.0,0.030601382,0.0,0.0,0.0,0.0,0.0,0.0,0.0009482801,0.009542733,0.0,0.0,0.0,0.04723108,0.0131292045,0.06066536,0.35,0.35,0.65,0.65,1.0,0.0,0.0,0.8405293,1.0,1.0,0.11324298,0.0,0.0060967803,0.0,0.0,0.08598691,0.0
0.0,0.0,0.029411765,0.2,0.0,0.0,0.0,0.0,0.0,0.0,0.0,0.0,0.0,0.0,0.0,0.0,0.0,0.0,0.0,0.0,0.0,0.0,0.017371334,0.0039138943,0.0,0.0,1.0,1.0,0.02,0.09,0.0,0.76005673,1.0,1.0,0.088572465,0.0,0.0030320734,0.0,0.0,0.07579744,0.0
0.0,0.0,0.029411765,0.2,0.0,0.0,0.0,0.0,0.0,0.0,0.0,0.0,0.0,0.0,0.0,0.0,0.0,0.0,0.0,0.0,0.0,0.0038052797,0.01697459,0.025440313,0.08,0.0,0.92,1.0,0.05,0.06,0.0,0.7745242,1.0,1.0,0.09294673,0.0,0.0017466992,0.0,0.0,0.08050206,0.0
0.12741922,0.0,0.13235295,0.0,0.0,3.2691223e-05,0.0,0.0,0.0,0.017282307,0.0,0.0,0.0,0.0,0.0,0.0,0.0,0.0,0.0,0.0,0.0,0.02707678,0.018098995,0.0019569471,0.0,0.0,0.0,0.0,1.0,0.0,0.0,0.8144201,1.0,1.0,0.1018944,0.0,0.0015645474,0.0,0.0,0.09410417,0.0
0.0,1.0,0.36764705,0.0,8.276875e-06,0.0,0.0,0.0,0.0,0.0,0.0,0.0,0.0,0.0,0.0,0.0,0.0,0.0,0.0,0.0,0.0,0.0,0.019129567,0.99804306,0.0,0.0,0.0,0.0,1.0,0.0,0.0,0.7339132,1.0,1.0,0.08034911,0.0,0.002490908,0.0,0.0,0.07438433,0.0
0.0,0.0,0.23529412,0.1,0.0,0.0,0.0,0.0,0.0,0.0,0.0,0.0,0.0,0.0,0.0,0.0,0.0,0.0,0.0,0.0,0.0,0.0,0.023040928,0.02739726,1.0,1.0,0.0,0.0,0.05,0.06,0.0,0.78068686,1.0,1.0,0.089612685,0.0,0.0,0.0,0.0,0.090341985,0.0
0.0,0.0,0.8235294,0.1,0.0,0.0,0.0,0.0,0.0,0.0,0.0,0.0,0.0,0.0,0.0,0.0,0.0,0.0,0.0,0.0,0.0,0.0,0.023402698,0.039138943,1.0,1.0,0.0,0.0,0.17,0.06,0.0,0.7774892,1.0,1.0,0.08822998,0.0,0.0,0.0,0.0,0.08863929,0.0
0.0,0.0,0.04411765,0.1,0.0,0.0,0.0,0.0,0.0,0.055627674,0.0,0.0,0.0,0.0,0.0,0.0,0.0027746037,0.025774151,0.0,0.0,0.0,0.071505815,0.014916427,0.16046967,1.0,1.0,0.0,0.0,1.0,0.0,0.0,0.8879384,1.0,1.0,0.124251954,0.0,0.0027100742,0.0,0.0,0.10279238,0.0
0.0,1.0,0.36764705,0.0,1.6426413e-05,0.0,0.0,0.0,0.0,0.0052109063,0.0,0.0,0.0,0.0,0.0,0.0,0.0,0.0,0.0,0.0,0.0,0.017026424,0.014894798,0.7162427,0.0,0.0,0.0,0.0,1.0,0.0,0.0,0.78861976,1.0,1.0,0.09846284,0.0,0.003459558,0.0,0.0,0.087634474,0.0
0.0,0.0,0.04411765,0.1,0.0,0.0,0.0,0.0,0.0,0.042449355,0.0,0.0,0.0,0.0,0.0,0.0,0.0017272681,0.017580211,0.0,0.0,0.0,0.0593172,0.013606049,0.07436399,0.84,0.84,0.13,0.13,1.0,0.0,0.0,0.86292565,1.0,1.0,0.11872246,0.0,0.005012274,0.0,0.0,0.093203306,0.0
0.0,1.0,0.36764705,0.0,1.6044403e-05,0.0,0.0,0.0,0.0,0.0018117726,0.0,0.0,0.0,0.0,0.0,0.0,0.0,0.0,0.0,0.0,0.0,0.014173776,0.014562465,0.41682974,0.0,0.0,0.0,0.0,1.0,0.0,0.0,0.78225625,1.0,1.0,0.09701552,0.0,0.0042699277,0.0,0.0,0.085039794,0.0
0.0,0.0,0.04411765,0.1,0.0,0.0,0.0,0.0,0.0,0.017089844,0.0,0.0,0.0,0.0,0.0,0.0,0.0,0.0,0.0,0.0,0.0,0.032084376,0.013835184,0.029354207,0.8,0.8,0.2,0.2,1.0,0.0,0.0,0.8146601,1.0,1.0,0.10575158,0.0,0.006118506,0.0,0.0,0.0817976,0.0
0.0,0.0,0.029411765,0.1,0.0,0.0,0.0,0.0,0.0,0.0,0.0,0.0,0.0,0.0,0.0,0.0,0.0,0.0,0.0,0.0,0.0,0.0,0.023517087,0.0058708414,1.0,1.0,0.0,0.0,0.02,0.1,0.0,0.7730707,1.0,1.0,0.08705021,0.0,0.0,0.0,0.0,0.08819416,0.0
0.0,0.0,0.3382353,0.2,0.0,0.0,0.0,0.0,0.0,0.0,0.0,0.0,0.0,0.0,0.0,0.0,0.0,0.0,0.0,0.0,0.0,0.000980556,0.016931929,0.023483366,0.0,0.0,1.0,1.0,0.06,0.06,0.0,0.76849926,1.0,1.0,0.09129595,0.0,0.0025253892,0.0,0.0,0.078070015,0.0
0.0,0.0,0.04411765,0.0,0.0008681168,0.0061771553,0.0,0.0,0.0,0.0,0.0,0.0,0.0,0.0,0.0,0.0,0.0,0.0,0.0,0.0,0.0,0.007094741,0.010756068,0.017612524,0.0,0.0,0.0,0.0,1.0,0.0,0.22,0.7638999,1.0,1.0,0.09500172,0.0,0.009777978,0.0,0.0,0.06611428,0.0
0.0,0.0,0.029411765,0.2,0.0,0.0,0.0,0.0,0.0,0.0,0.0,0.0,0.0,0.0,0.0,0.0,0.0,0.0,0.0,0.0,0.0,0.0050198734,0.016666315,0.03522505,0.0,0.0,1.0,1.0,0.07,0.07,0.0,0.7758664,1.0,1.0,0.09353646,0.0,0.0021114647,0.0,0.0,0.08023304,0.0
0.013947847,0.0,0.04411765,0.3,0.0005434723,7.4298237e-07,0.0,0.0,0.0,0.0137806535,0.0,0.0,0.0,0.0,0.0,0.0,0.00022762269,0.0,0.0,0.0,0.0,0.031879067,0.010019489,0.105675146,0.04,0.04,0.96,0.96,1.0,0.0,0.0,0.80679166,1.0,1.0,0.10700572,0.0,0.009381101,0.0,0.0,0.074514896,0.0
0.0,0.0,0.029411765,0.2,0.0,0.0,0.0,0.0,0.0,0.0,0.0,0.0,0.0,0.0,0.0,0.0,0.0,0.0,0.0,0.0,0.0,0.0,0.017317608,0.0039138943,0.0,0.0,1.0,1.0,0.02,0.06,0.0,0.76028216,1.0,1.0,0.08871334,0.0,0.00288634,0.0,0.0,0.07598713,0.0
0.0,0.0,0.04411765,0.0,0.0008681168,0.0061771553,0.0,0.0,0.0,0.0,0.0,0.0,0.0,0.0,0.0,0.0,0.0,0.0,0.0,0.0,0.0,0.0,0.011324063,0.007827789,0.0,0.0,0.0,0.0,1.0,0.0,0.0,0.74631894,1.0,1.0,0.08981889,0.0,0.009759024,0.0,0.0,0.0636535,0.0
0.0,0.0,0.029411765,0.2,0.0,0.0,0.0,0.0,0.0,0.0,0.0,0.0,0.0,0.0,0.0,0.0,0.0,0.0,0.0,0.0,0.0,0.004124075,0.01663889,0.037181996,0.0,0.0,1.0,1.0,0.07,0.06,0.0,0.77426326,1.0,1.0,0.09314855,0.0,0.002151236,0.0,0.0,0.07974291,0.0
0.0,0.0,0.20588236,0.2,0.0,0.0,0.0,0.0,0.0,0.0,0.0,0.0,0.0,0.0,0.0,0.0,0.0,0.0,0.0,0.0,0.0,0.0,0.017250001,0.01369863,0.0,0.0,1.0,1.0,0.07,0.07,0.0,0.7616159,1.0,1.0,0.089089625,0.0,0.0031181127,0.0,0.0,0.07588729,0.0
0.0,0.0,0.029411765,0.1,0.0,0.0,0.0,0.0,0.0,0.0,0.0,0.0,0.0,0.0,0.0,0.0,0.0,0.0,0.0,0.0,0.0,0.0,0.023485042,0.031311154,1.0,1.0,0.0,0.0,0.13,0.06,0.0,0.7742269,1.0,1.0,0.08731031,0.0,0.0,0.0,0.0,0.08798945,0.0
0.0,0.0,0.029411765,0.2,0.0,0.0,0.0,0.0,0.0,0.0,0.0,0.0,0.0,0.0,0.0,0.0,0.0,0.0,0.0,0.0,0.0,0.0036805868,0.016733848,0.029354207,0.0,0.0,1.0,1.0,0.06,0.06,0.0,0.77362955,1.0,1.0,0.092893235,0.0,0.0021035373,0.0,0.0,0.079746574,0.0
0.0,1.0,0.36764705,0.0,1.6044403e-05,0.0,0.0,0.0,0.0,0.0,0.0,0.0,0.0,0.0,0.0,0.0,0.0,0.0,0.0,0.0,0.0,0.012284756,0.014321975,0.22113504,0.0,0.0,0.0,0.0,1.0,0.0,0.0,0.7783464,1.0,1.0,0.09619393,0.0,0.004691258,0.0,0.0,0.08313841,0.0
0.0,0.0,0.029411765,0.2,0.0,0.0,0.0,0.0,0.0,0.0,0.0,0.0,0.0,0.0,0.0,0.0,0.0,0.0,0.0,0.0,0.0,0.0046831965,0.016708389,0.0332681,0.0,0.0,1.0,1.0,0.07,0.06,0.0,0.77521646,1.0,1.0,0.09331442,0.0,0.0021819323,0.0,0.0,0.07999048,0.0
0.0,0.0,0.029411765,0.2,0.0,0.0,0.0,0.0,0.0,0.0,0.0,0.0,0.0,0.0,0.0,0.0,0.0,0.0,0.0,0.0,0.0,0.0,0.017337024,0.0039138943,0.0,0.0,1.0,1.0,0.02,0.07,0.0,0.76081574,1.0,1.0,0.08882276,0.0,0.002919346,0.0,0.0,0.07610959,0.0
0.0,0.0,0.4117647,0.1,0.0,0.0,0.0,0.0,0.0,0.0,0.0,0.0,0.0,0.0,0.0,0.0,0.0,0.0,0.0,0.0,0.0,0.0,0.023167022,0.011741683,1.0,1.0,0.0,0.0,0.02,0.06,0.0,0.77674365,1.0,1.0,0.08848279,0.0,0.0,0.0,0.0,0.08958152,0.0
0.0,0.0,0.029411765,0.2,0.0,0.0,0.0,0.0,0.0,0.0,0.0,0.0,0.0,0.0,0.0,0.0,0.0,0.0,0.0,0.0,0.0,0.0028659105,0.016825952,0.021526419,0.0,0.0,1.0,1.0,0.04,0.07,0.0,0.7724358,1.0,1.0,0.092504285,0.0,0.0019892901,0.0,0.0,0.07978228,0.0
0.0,0.0,0.029411765,0.2,0.0,0.0,0.0,0.0,0.0,0.0,0.0,0.0,0.0,0.0,0.0,0.0,0.0,0.0,0.0,0.0,0.0,0.003192544,0.0168325,0.029354207,0.0,0.0,1.0,1.0,0.07,0.06,0.0,0.7724079,1.0,1.0,0.09242392,0.0,0.0023972392,0.0,0.0,0.07914719,0.0
0.0,1.0,0.36764705,0.0,1.6426413e-05,0.0,0.0,0.0,0.0,0.0,0.0,0.0,0.0,0.0,0.0,0.0,0.0,0.0,0.0,0.0,0.0,0.0054451525,0.016627304,0.20547946,0.0,0.0,0.0,0.0,1.0,0.0,0.0,0.77503717,1.0,1.0,0.0931808,0.0,0.0020616353,0.0,0.0,0.08452526,0.0
0.0,0.0,0.029411765,0.2,0.0,0.0,0.0,0.0,0.0,0.0,0.0,0.0,0.0,0.0,0.0,0.0,0.0,0.0,0.0,0.0,0.0,0.001644671,0.016957253,0.039138943,0.0,0.0,1.0,1.0,0.21,0.06,0.0,0.7685121,1.0,1.0,0.09114235,0.0,0.0032937378,0.0,0.0,0.076993465,0.0
0.0,0.0,0.04411765,0.3,0.0008681168,0.0061771553,0.0,0.0,0.0,0.0,0.0,0.0,0.0,0.0,0.0,0.0,0.0,0.0,0.0,0.0,0.0,0.0019794703,0.010890909,0.019569471,0.0,0.0,0.17,0.1,1.0,0.0,0.2,0.7550764,1.0,1.0,0.09255081,0.0,0.009803057,0.0,0.0,0.06460923,0.0
0.0,0.0,0.029411765,0.2,0.0,0.0,0.0,0.0,0.0,0.0,0.0,0.0,0.0,0.0,0.0,0.0,0.0,0.0,0.0,0.0,0.0,0.0,0.019753404,0.0332681,0.0,0.0,1.0,1.0,0.14,0.06,0.0,0.73595524,1.0,1.0,0.079893105,0.0,0.0031223,0.0,0.0,0.071746886,0.0
0.0,0.0,0.029411765,0.2,0.0,0.0,0.0,0.0,0.0,0.008409172,0.0,0.0,0.0,0.0,0.0,0.0,0.0,0.0,0.0,0.0,0.0,0.016872823,0.017078854,0.015655577,0.0,0.0,1.0,1.0,0.06,0.06,0.0,0.79716134,1.0,1.0,0.09861248,0.0,0.0014462769,0.0,0.0,0.0876911,0.0
0.0,0.0,0.029411765,0.2,0.0,0.0,0.0,0.0,0.0,0.0,0.0,0.0,0.0,0.0,0.0,0.0,0.0,0.0,0.0,0.0,0.0,0.0021066666,0.016837746,0.015655577,0.0,0.0,1.0,1.0,0.03,0.06,0.0,0.77143216,1.0,1.0,0.09226779,0.0,0.001798138,0.0,0.0,0.07980296,0.0
0.0,0.0,0.04411765,0.1,0.0,0.0,0.0,0.0,0.0,0.0043404996,0.0,0.0,0.0,0.0,0.0,0.0,0.0,0.0,0.0,0.0,0.0,0.007984787,0.022840165,0.031311154,1.0,1.0,0.0,0.0,0.62,0.08,0.0,0.79311097,1.0,1.0,0.09263294,0.0,0.0,0.0,0.0,0.09100476,0.0
0.0,0.0,0.47058824,0.2,0.0,0.0,0.0,0.0,0.0,0.0,0.0,0.0,0.0,0.0,0.0,0.0,0.0,0.0,0.0,0.0,0.0,0.0019058883,0.01685708,0.015655577,0.0,0.0,1.0,1.0,0.03,0.06,0.0,0.7710053,1.0,1.0,0.09212699,0.0,0.0018615872,0.0,0.0,0.079627395,0.0
0.0,0.0,0.04411765,0.1,0.0,0.0,0.0,0.0,0.0,0.057659686,0.0,0.0,0.0,0.0,0.0,0.0,0.0019386709,0.024216294,0.0,0.0,0.0,0.07059845,0.017777205,0.17025441,1.0,1.0,0.0,0.0,1.0,0.0,0.0,0.89229643,1.0,1.0,0.12292611,0.0,0.0,0.0,0.0,0.10968512,0.0
0.0,0.0,0.14705883,0.5,0.0,0.0,0.0,0.0,0.0,0.0,0.0,0.0,0.0,0.0,0.0,0.0,0.0,0.0,0.0,0.0,0.0,0.0,0.017164543,0.0019569471,0.0,0.0,1.0,1.0,0.0,0.07,0.0,0.76526225,1.0,1.0,0.09026576,0.0,0.0021951795,0.0,0.0,0.07812855,0.0
0.0,0.0,0.04411765,0.0,0.0008681168,0.0061771553,0.0,0.0,0.0,0.0,0.0,0.0,0.0,0.0,0.0,0.0,0.0,0.0,0.0,0.0,0.0,0.00797528,0.01067692,0.007827789,0.0,0.0,0.0,0.0,1.0,0.0,0.0,0.76542497,1.0,1.0,0.09548462,0.0,0.009788796,0.0,0.0,0.06617552,0.0
0.0,0.0,0.029411765,0.2,0.0,0.0,0.0,0.0,0.0,0.0,0.0,0.0,0.0,0.0,0.0,0.0,0.0,0.0,0.0,0.0,0.0,0.0022886395,0.01693315,0.021526419,0.0,0.0,1.0,1.0,0.05,0.07,0.0,0.77102447,1.0,1.0,0.0919724,0.0,0.0023112446,0.0,0.0,0.07910484,0.0
0.013878541,0.0,0.04411765,0.3,0.001178245,0.0,0.0,0.0,0.0,0.0,0.0,0.0,0.0,0.0,0.0,0.0,0.0,0.0,0.0,0.0,0.0,0.014024049,0.010514535,0.052837573,0.0,0.0,1.0,1.0,1.0,0.0,0.0,0.7758813,1.0,1.0,0.098388694,0.0,0.0096782,0.0,0.0,0.06838897,0.0
0.0,0.0,0.13235295,0.1,0.0,0.0,0.0,0.0,0.0,0.06067127,0.0,0.0,0.0,0.0,0.0,0.0,0.0025928244,0.026333839,0.0,0.0,0.0,0.07140121,0.019619428,0.21722114,1.0,1.0,0.0,0.0,1.0,0.0,0.0,0.89901245,1.0,1.0,0.12325486,0.0,0.0,0.0,0.0,0.11299133,0.0
0.0,0.0,0.5441176,0.1,0.0,0.0,0.0,0.0,0.0,0.0,0.0,0.0,0.0,0.0,0.0,0.0,0.0,0.0,0.0,0.0,0.0,0.0,0.023177072,0.0332681,1.0,1.0,0.0,0.0,0.09,0.09,0.0,0.78162897,1.0,1.0,0.08962772,0.0,0.0,0.0,0.0,0.090067625,0.0
1.7326518e-05,0.0,0.22058824,0.0,4.1368454e-05,0.00021769383,0.0,0.0,0.0,0.0,0.0,0.0,0.0,0.0,0.0,0.0,0.0,0.0,0.0,0.0,0.0,0.005287081,0.011502445,0.0058708414,0.0,0.0,0.0,0.0,1.0,0.0,0.0,0.76137567,1.0,1.0,0.09355687,0.0,0.009084299,0.0,0.0,0.06980753,0.0
0.0,0.0,0.19117647,0.2,0.0,0.0,0.0,0.0,0.0,0.0,0.0,0.0,0.0,0.0,0.0,0.0,0.0,0.0,0.0,0.0,0.0,0.0037816167,0.016896702,0.029354207,0.04,0.0,0.96,1.0,0.07,0.06,0.0,0.77377975,1.0,1.0,0.092753075,0.0,0.0021836907,0.0,0.0,0.079745024,0.0
0.13921857,0.0,0.13235295,0.0,0.0,3.2691223e-05,0.0,0.0,0.0,0.0,0.0,0.0,0.0,0.0,0.0,0.0,0.0,0.0,0.0,0.0,0.0,0.0,0.020864949,0.0019569471,0.0,0.0,0.0,0.0,1.0,0.0,0.0,0.7292751,1.0,1.0,0.077095784,0.0,0.0014298111,0.0,0.0,0.07648885,0.0
0.0,0.0,0.029411765,0.1,0.0,0.0,0.0,0.0,0.0,0.00054207444,0.0,0.0,0.0,0.0,0.0,0.0,0.0,0.0,0.0,0.0,0.0,0.0009268522,0.022905871,0.039138943,1.0,1.0,0.0,0.0,0.07,0.06,0.0,0.78483343,1.0,1.0,0.09082297,0.0,0.0,0.0,0.0,0.091190636,0.0
0.0,0.0,0.7205882,0.2,0.0,0.0,0.0,0.0,0.0,0.0,0.0,0.0,0.0,0.0,0.0,0.0,0.0,0.0,0.0,0.0,0.0,0.00029581785,0.017029881,0.02739726,0.0,0.0,1.0,1.0,0.1,0.06,0.0,0.76672757,1.0,1.0,0.090660654,0.0,0.0029530823,0.0,0.0,0.07719493,0.0
0.0,0.0,0.029411765,0.1,0.0,0.0,0.0,0.0,0.0,0.0,0.0,0.0,0.0,0.0,0.0,0.0,0.0,0.0,0.0,0.0,0.0,0.00022354722,0.02211298,0.029354207,0.87,0.8,0.13,0.2,0.06,0.06,0.0,0.7807902,1.0,1.0,0.090339564,0.0,0.0,0.0,0.0,0.08911538,0.0
0.0,0.0,0.029411765,0.2,0.0,0.0,0.0,0.0,0.0,0.0,0.0,0.0,0.0,0.0,0.0,0.0,0.0,0.0,0.0,0.0,0.0,0.0008048713,0.01699999,0.031311154,0.0,0.0,1.0,1.0,0.13,0.06,0.0,0.7674489,1.0,1.0,0.09086292,0.0,0.003047809,0.0,0.0,0.07717982,0.0
0.0,0.0,0.029411765,0.2,0.0,0.0,0.0,0.0,0.0,0.0,0.0,0.0,0.0,0.0,0.0,0.0,0.0,0.0,0.0,0.0,0.0,0.0,0.017340109,0.0058708414,0.0,0.0,1.0,1.0,0.03,0.08,0.0,0.7614299,1.0,1.0,0.0889665,0.0,0.0029664487,0.0,0.0,0.07624057,0.0
0.0,0.0,0.029411765,0.2,0.0,0.0,0.0,0.0,0.0,0.0,0.0,0.0,0.0,0.0,0.0,0.0,0.0,0.0,0.0,0.0,0.0,0.0022731125,0.017607883,0.01369863,0.17,0.0,0.83,1.0,0.03,0.07,0.0,0.7723843,1.0,1.0,0.09176829,0.0,0.0016842037,0.0,0.0,0.08032408,0.0
0.0,0.0,0.029411765,0.1,0.0,0.0,0.0,0.0,0.0,0.0,0.0,0.0,0.0,0.0,0.0,0.0,0.0,0.0,0.0,0.0,0.0,9.3728304e-05,0.023155741,0.039138943,1.0,1.0,0.0,0.0,0.11,0.08,0.0,0.7826476,1.0,1.0,0.089896165,0.0,0.0,0.0,0.0,0.09021202,0.0
0.0,0.0,0.3382353,0.2,0.0,0.0,0.0,0.0,0.0,0.0,0.0,0.0,0.0,0.0,0.0,0.0,0.0,0.0,0.0,0.0,0.0,0.00023671985,0.01699888,0.0039138943,0.0,0.0,1.0,1.0,0.01,0.06,0.0,0.7683103,1.0,1.0,0.09129407,0.0,0.0018058717,0.0,0.0,0.07919207,0.0
0.0,0.0,0.029411765,0.2,0.0,0.0,0.0,0.0,0.0,0.0,0.0,0.0,0.0,0.0,0.0,0.0,0.0,0.0,0.0,0.0,0.0,0.0,0.017227396,0.015655577,0.0,0.0,1.0,1.0,0.07,0.06,0.0,0.76279926,1.0,1.0,0.089421056,0.0,0.0030806363,0.0,0.0,0.07625231,0.0
0.12731525,0.0,0.13235295,0.0,0.0,3.2691223e-05,0.0,0.0,0.0,0.0,0.0,0.0,0.0,0.0,0.0,0.0,0.0,0.0,0.0,0.0,0.0,0.0018854141,0.017703295,0.0019569471,0.0,0.0,0.0,0.0,1.0,0.0,0.0,0.7673483,1.0,1.0,0.08968546,0.0,0.0037304312,0.0,0.0,0.08175725,0.0
0.0,1.0,0.36764705,0.0,2.3557259e-05,0.0,0.0,0.33333334,0.0,0.0,0.0,0.0,0.0,0.0,0.0,0.0,0.0,0.0,0.0,0.0,0.0,0.0,0.025802255,0.0058708414,0.0,0.0,0.0,0.0,1.0,0.0,0.67,0.6749183,0.9687246,1.0,0.057040893,0.0,0.007882968,0.0,0.0,0.06303716,0.0
0.0,0.0,0.029411765,0.5,0.0,0.0,0.0,0.0,0.0,0.0,0.0,0.0,0.0,0.0,0.0,0.0,0.0,0.0,0.0,0.0,0.0,0.0,0.017412663,0.0019569471,0.0,0.0,1.0,1.0,0.01,0.07,0.0,0.75879943,1.0,1.0,0.08820116,0.0,0.0030430555,0.0,0.0,0.075567454,0.0
0.0,0.0,0.0882353,0.2,0.0,0.0,0.0,0.0,0.0,0.0,0.0,0.0,0.0,0.0,0.0,0.0,0.0,0.0,0.0,0.0,0.0,0.0,0.01707606,0.0039138943,0.0,0.0,1.0,1.0,0.01,0.07,0.0,0.7675631,1.0,1.0,0.09098119,0.0,0.0020291954,0.0,0.0,0.078787774,0.0
0.0,0.0,0.029411765,0.2,0.0,0.0,0.0,0.0,0.0,0.0,0.0,0.0,0.0,0.0,0.0,0.0,0.0,0.0,0.0,0.0,0.0,0.0,0.017211512,0.0019569471,0.0,0.0,1.0,1.0,0.01,0.06,0.0,0.7632581,1.0,1.0,0.089671426,0.0,0.0023805797,0.0,0.0,0.07740122,0.0
0.0,0.0,0.5,0.5,0.0,0.0,0.0,0.0,0.0,0.0,0.0,0.0,0.0,0.0,0.0,0.0,0.0,0.0,0.0,0.0,0.0,0.00079518557,0.017006285,0.009784736,0.0,0.0,1.0,1.0,0.02,0.07,0.0,0.7688868,1.0,1.0,0.0913898,0.0,0.0020604879,0.0,0.0,0.078995764,0.0
0.0,0.0,0.029411765,0.1,0.0,0.0,0.0,0.0,0.0,0.0,0.0,0.0,0.0,0.0,0.0,0.0,0.0,0.0,0.0,0.0,0.0,0.0,0.023448758,0.0019569471,1.0,1.0,0.0,0.0,0.0,0.08,0.0,0.77202165,1.0,1.0,0.08690255,0.0,0.0,0.0,0.0,0.088222265,0.0
0.0,0.0,0.5441176,0.5,0.0,0.0,0.0,0.0,0.0,0.0,0.0,0.0,0.0,0.0,0.0,0.0,0.0,0.0,0.0,0.0,0.0,0.0005477667,0.017039783,0.007827789,0.0,0.0,1.0,1.0,0.02,0.07,0.0,0.7684268,1.0,1.0,0.091230385,0.0,0.0021027625,0.0,0.0,0.078831166,0.0
0.0,1.0,0.36764705,0.0,8.276875e-06,0.0,0.0,0.0,0.0,0.0024683774,0.0,0.0,0.0,0.0,0.0,0.0,0.0,0.0,0.0,0.0,0.0,0.014759302,0.014637105,0.4774951,0.0,0.0,0.0,0.0,1.0,0.0,0.0,0.7834681,1.0,1.0,0.0972702,0.0,0.004139319,0.0,0.0,0.085629165,0.0
0.0,0.0,0.029411765,0.1,0.0,0.0,0.0,0.0,0.0,0.0,0.0,0.0,0.0,0.0,0.0,0.0,0.0,0.0,0.0,0.0,0.0,0.0,0.023567207,0.015655577,1.0,1.0,0.0,0.0,0.06,0.06,0.0,0.7720851,1.0,1.0,0.08669781,0.0,0.0,0.0,0.0,0.08768737,0.0
0.0,0.0,0.42647058,0.1,0.0,0.0,0.0,0.0,0.0,0.0,0.0,0.0,0.0,0.0,0.0,0.0,0.0,0.0,0.0,0.0,0.0,0.0,0.023466453,0.025440313,1.0,1.0,0.0,0.0,0.09,0.06,0.0,0.7743505,1.0,1.0,0.08738815,0.0,0.0,0.0,0.0,0.08816129,0.0
0.0,0.0,0.44117647,0.2,0.0,0.0,0.0,0.0,0.0,0.0,0.0,0.0,0.0,0.0,0.0,0.0,0.0,0.0,0.0,0.0,0.0,0.0,0.017133132,0.023483366,0.0,0.0,1.0,1.0,0.11,0.07,0.0,0.76404047,1.0,1.0,0.08982565,0.0,0.003187865,0.0,0.0,0.0762361,0.0
0.0,0.0,0.13235295,0.8,0.0,3.2691223e-05,0.0,0.0,0.0,0.0,0.0,0.0,0.0,0.0,0.0,0.0,0.0,0.0,0.0,0.0,0.0,0.004430294,0.018010676,0.0019569471,1.0,1.0,0.0,0.0,1.0,0.0,0.0,0.7791052,1.0,1.0,0.09304678,0.0,7.213652e-05,0.0,0.0,0.08668572,0.0
0.0,0.0,0.29411766,0.1,0.0,0.0,0.0,0.0,0.0,0.0,0.0,0.0,0.0,0.0,0.0,0.0,0.0,0.0,0.0,0.0,0.0,0.0,0.023029253,0.0332681,1.0,1.0,0.0,0.0,0.06,0.06,0.0,0.78182673,1.0,1.0,0.08990193,0.0,0.0,0.0,0.0,0.09042519,0.0
0.0,0.0,0.029411765,0.1,0.0,0.0,0.0,0.0,0.0,0.0,0.0,0.0,0.0,0.0,0.0,0.0,0.0,0.0,0.0,0.0,0.0,0.0,0.023422837,0.011741683,1.0,1.0,0.0,0.0,0.03,0.08,0.0,0.77447736,1.0,1.0,0.08752676,0.0,0.0,0.0,0.0,0.08857393,0.0
0.0,0.0,0.029411765,0.1,0.0,0.0,0.0,0.0,0.0,0.0,0.0,0.0,0.0,0.0,0.0,0.0,0.0,0.0,0.0,0.0,0.0,0.0,0.023345113,0.011741683,1.0,1.0,0.0,0.0,0.03,0.06,0.0,0.7743274,1.0,1.0,0.087607406,0.0,0.0,0.0,0.0,0.088710666,0.0
0.12894395,0.0,0.13235295,0.0,0.0,3.2691223e-05,0.0,0.0,0.0,0.0,0.0,0.0,0.0,0.0,0.0,0.0,0.0,0.0,0.0,0.0,0.0,0.0,0.01845792,0.0019569471,0.0,0.0,0.0,0.0,1.0,0.0,0.0,0.7355721,1.0,1.0,0.08060729,0.0,0.003875643,0.0,0.0,0.076001376,0.0
0.0,0.0,0.029411765,0.2,0.0,0.0,0.0,0.0,0.0,0.0,0.0,0.0,0.0,0.0,0.0,0.0,0.0,0.0,0.0,0.0,0.0,0.0037988424,0.01675538,0.025440313,0.0,0.0,1.0,1.0,0.05,0.07,0.0,0.77405834,1.0,1.0,0.09300374,0.0,0.0019501597,0.0,0.0,0.08013773,0.0
0.0,1.0,0.36764705,0.0,1.6426413e-05,0.0,0.0,0.0,0.0,0.0072433054,0.0,0.0,0.0,0.0,0.0,0.0,0.0,0.0,0.0,0.0,0.0,0.01860091,0.015054122,0.88454014,0.0,0.0,0.0,0.0,1.0,0.0,0.0,0.7924901,1.0,1.0,0.099422716,0.0,0.002876535,0.0,0.0,0.088851094,0.0
0.14186953,0.0,0.13235295,0.0,0.0,1.1144735e-05,0.0,0.0,0.0,0.0,0.0,0.0,0.0,0.0,0.0,0.0,0.0,0.0,0.0,0.0,0.0,0.0,0.036972933,0.0058708414,0.0,0.0,0.0,0.67,1.0,0.0,1.0,0.62702686,0.90698016,1.0,0.032023713,0.0,0.009786978,0.0,0.0,0.060412273,0.0
0.0,0.0,0.5294118,0.2,0.0,0.0,0.0,0.0,0.0,0.0,0.0,0.0,0.0,0.0,0.0,0.0,0.0,0.0,0.0,0.0,0.0,0.0007457733,0.01696898,0.007827789,0.0,0.0,1.0,1.0,0.01,0.06,0.0,0.76903164,1.0,1.0,0.09149631,0.0,0.0019006431,0.0,0.0,0.07917693,0.0
0.0,0.0,0.029411765,0.5,0.0,0.0,0.0,0.0,0.0,0.0,0.0,0.0,0.0,0.0,0.0,0.0,0.0,0.0,0.0,0.0,0.0,0.0,0.017159693,0.021526419,0.0,0.0,1.0,1.0,0.1,0.07,0.0,0.7640755,1.0,1.0,0.089814045,0.0,0.0031190664,0.0,0.0,0.07644072,0.0
0.0137919085,0.0,0.04411765,0.3,0.0009923336,0.0,0.0,0.0,0.0,0.01985398,0.0,0.0,0.0,0.0,0.0,0.0,0.0009440854,0.0026174486,0.0,0.0,0.0,0.03858009,0.009807035,0.13502936,0.03,0.03,0.97,0.97,1.0,0.0,0.0,0.8183675,1.0,1.0,0.11025957,0.0,0.009271771,0.0,0.0,0.07680571,0.0
0.0,0.0,0.029411765,0.1,0.0,0.0,0.0,0.0,0.0,0.0,0.0,0.0,0.0,0.0,0.0,0.0,0.0,0.0,0.0,0.0,0.0,0.0,0.021256521,0.02739726,0.38,0.93,0.62,0.07,0.05,0.06,0.0,0.7721448,1.0,1.0,0.08887132,0.0,0.0,0.0,0.0,0.085697025,0.0
0.0,0.0,0.029411765,0.2,0.0,0.0,0.0,0.0,0.0,0.0,0.0,0.0,0.0,0.0,0.0,0.0,0.0,0.0,0.0,0.0,0.0,0.0013042986,0.016976371,0.01369863,0.0,0.0,1.0,1.0,0.03,0.07,0.0,0.76960826,1.0,1.0,0.091592066,0.0,0.0021552444,0.0,0.0,0.078980595,0.0
0.0,0.0,0.5735294,0.1,0.0,0.0,0.0,0.0,0.0,0.0,0.0,0.0,0.0,0.0,0.0,0.0,0.0,0.0,0.0,0.0,0.0,0.0,0.02370637,0.0019569471,1.0,1.0,0.0,0.0,0.01,0.06,0.0,0.767321,1.0,1.0,0.08533465,0.0,0.0,0.0,0.0,0.08671892,0.0
0.0,0.0,0.029411765,0.2,0.0,0.0,0.0,0.0,0.0,0.0,0.0,0.0,0.0,0.0,0.0,0.0,0.0,0.0,0.0,0.0,0.0,0.004124075,0.01663889,0.037181996,0.0,0.0,1.0,1.0,0.07,0.05,0.0,0.77426326,1.0,1.0,0.09314855,0.0,0.002151236,0.0,0.0,0.07974291,0.0
0.0,0.0,0.029411765,0.1,0.0,0.0,0.0,0.0,0.0,0.0,0.0,0.0,0.0,0.0,0.0,0.0,0.0,0.0,0.0,0.0,0.0,0.0,0.023783118,0.0039138943,1.0,1.0,0.0,0.0,0.02,0.08,0.0,0.7670934,1.0,1.0,0.08515822,0.0,0.0,0.0,0.0,0.08642918,0.0
0.0,1.0,0.36764705,0.0,8.08587e-06,0.0,0.0,0.0,0.0,0.004473418,0.0,0.0,0.0,0.0,0.0,0.0,0.0,0.0,0.0,0.0,0.0,0.014614254,0.015809909,1.0,0.0,0.0,0.0,0.0,1.0,0.0,0.0,0.78775215,1.0,1.0,0.097538285,0.0,0.0022334605,0.0,0.0,0.087947994,0.0
0.0,0.0,0.13235295,0.1,0.0,0.0,0.0,0.0,0.0,0.06040579,0.0,0.0,0.0,0.0,0.0,0.0,0.002481982,0.02616936,0.0,0.0,0.0,0.07117024,0.019670509,0.19765167,1.0,1.0,0.0,0.0,1.0,0.0,0.0,0.8985772,1.0,1.0,0.12308233,0.0,0.0,0.0,0.0,0.112843126,0.0
0.0,0.0,0.029411765,0.2,0.0,0.0,0.0,0.0,0.0,0.0,0.0,0.0,0.0,0.0,0.0,0.0,0.0,0.0,0.0,0.0,0.0,0.0,0.017229237,0.011741683,0.0,0.0,1.0,1.0,0.05,0.06,0.0,0.7617341,1.0,1.0,0.08917191,0.0,0.0029247552,0.0,0.0,0.076222986,0.0
0.0,0.0,0.029411765,0.2,0.0,0.0,0.0,0.0,0.0,0.0,0.0,0.0,0.0,0.0,0.0,0.0,0.0,0.0,0.0,0.0,0.0,0.0006593466,0.017028466,0.015655577,0.0,0.0,1.0,1.0,0.04,0.06,0.0,0.76817095,1.0,1.0,0.09112587,0.0,0.002394855,0.0,0.0,0.07836476,0.0
0.0,1.0,0.36764705,0.0,1.6426413e-05,0.0,0.0,0.0,0.0,0.0024647117,0.0,0.0,0.0,0.0,0.0,0.0,0.0,0.0,0.0,0.0,0.0,0.01260674,0.016081639,1.0,0.0,0.0,0.0,0.0,1.0,0.0,0.0,0.7840705,1.0,1.0,0.096280806,0.0,0.0023708493,0.0,0.0,0.087450415,0.0
0.0,0.0,0.5882353,0.1,0.0,0.0,0.0,0.0,0.0,0.0,0.0,0.0,0.0,0.0,0.0,0.0,0.0,0.0,0.0,0.0,0.0,0.0,0.023213081,0.031311154,1.0,1.0,0.0,0.0,0.09,0.09,0.0,0.7803261,1.0,1.0,0.08924977,0.0,0.0,0.0,0.0,0.08980596,0.0
0.0,0.0,0.029411765,0.2,0.0,0.0,0.0,0.0,0.0,0.0,0.0,0.0,0.0,0.0,0.0,0.0,0.0,0.0,0.0,0.0,0.0,0.0012203157,0.019168593,0.0039138943,0.77,0.0,0.23,1.0,0.02,0.06,0.0,0.77263916,1.0,1.0,0.09041151,0.0,0.0009796023,0.0,0.0,0.08160287,0.0
0.016217621,0.0,0.04411765,0.3,0.00070391636,0.0,0.0,0.0,0.0,0.052660823,0.0,0.0,0.0,0.0,0.0,0.0027147084,0.004587844,0.031011134,0.0,0.0,0.0,0.075342596,0.008853652,0.056751467,0.17,0.17,0.83,0.83,1.0,0.0,0.0,0.8817432,1.0,1.0,0.12784213,0.0,0.009108424,0.0,0.0,0.08766523,0.0
0.0,0.0,0.029411765,0.2,0.0,0.0,0.0,0.0,0.0,0.0,0.0,0.0,0.0,0.0,0.0,0.0,0.0,0.0,0.0,0.0,0.0,0.00315395,0.01680743,0.02739726,0.0,0.0,1.0,1.0,0.06,0.07,0.0,0.77262115,1.0,1.0,0.092537515,0.0,0.0021897703,0.0,0.0,0.079521984,0.0
0.0,0.0,0.0,0.1,0.0,0.0,0.0,0.0,0.0,0.0,0.0,0.0,0.0,0.0,0.0,0.0,0.0,0.0,0.0,0.0,0.0,0.0,0.023541518,0.007827789,1.0,1.0,0.0,0.0,0.03,0.09,0.0,0.77294934,1.0,1.0,0.08697983,0.0,0.0,0.0,0.0,0.08803809,0.0
0.0,1.0,0.36764705,0.0,1.6044403e-05,0.0,0.0,0.0,0.0,0.0,0.0,0.0,0.0,0.0,0.0,0.0,0.0,0.0,0.0,0.0,0.0,0.012039185,0.014290713,0.19569471,0.0,0.0,0.0,0.0,1.0,0.0,0.0,0.7778381,1.0,1.0,0.09608709,0.0,0.00474599,0.0,0.0,0.082891285,0.0
0.0,0.0,0.029411765,0.2,0.0,0.0,0.0,0.0,0.0,0.0,0.0,0.0,0.0,0.0,0.0,0.0,0.0,0.0,0.0,0.0,0.0,0.0051618814,0.018310346,0.039138943,0.23,0.0,0.77,1.0,0.19,0.06,0.0,0.7776617,1.0,1.0,0.09243452,0.0,0.0017976314,0.0,0.0,0.0812273,0.0
0.0,0.0,0.029411765,0.5,0.0,0.0,0.0,0.0,0.0,0.0,0.0,0.0,0.0,0.0,0.0,0.0,0.0,0.0,0.0,0.0,0.0,0.0012200177,0.016937062,0.0332681,0.0,0.0,1.0,1.0,0.12,0.06,0.0,0.76822007,1.0,1.0,0.0911404,0.0,0.0029968172,0.0,0.0,0.07730684,0.0
0.0,0.0,0.029411765,0.1,0.0,0.0,0.0,0.0,0.0,0.0,0.0,0.0,0.0,0.0,0.0,0.0,0.0,0.0,0.0,0.0,0.0,0.0,0.02336248,0.021526419,1.0,1.0,0.0,0.0,0.07,0.08,0.0,0.77679765,1.0,1.0,0.08816945,0.0,0.0,0.0,0.0,0.08897215,0.0
0.0,1.0,0.36764705,0.0,1.6426413e-05,0.0,0.0,0.0,0.0,0.0,0.0,0.0,0.0,0.0,0.0,0.0,0.0,0.0,0.0,0.0,0.0,0.0,0.017829597,1.0,0.0,0.0,0.0,0.0,1.0,0.0,0.0,0.75796545,1.0,1.0,0.08780276,0.0,0.0023405552,0.0,0.0,0.08106667,0.0
0.0,0.0,0.029411765,0.5,0.0,0.0,0.0,0.0,0.0,0.0,0.0,0.0,0.0,0.0,0.0,0.0,0.0,0.0,0.0,0.0,0.0,0.0,0.017153941,0.017612524,0.0,0.0,1.0,1.0,0.07,0.06,0.0,0.7647681,1.0,1.0,0.09002694,0.0,0.002963975,0.0,0.0,0.076774955,0.0
0.0,1.0,0.36764705,0.0,1.6044403e-05,0.0,0.0,0.0,0.0,0.0,0.0,0.0,0.0,0.0,0.0,0.0,0.0,0.0,0.0,0.0,0.0,0.011491388,0.014221013,0.13894325,0.0,0.0,0.0,0.0,1.0,0.0,0.0,0.7767043,1.0,1.0,0.09584882,0.0,0.0048681796,0.0,0.0,0.08233979,0.0
0.0,0.0,0.3382353,0.2,0.0,0.0,0.0,0.0,0.0,0.0,0.0,0.0,0.0,0.0,0.0,0.0,0.0,0.0,0.0,0.0,0.0,0.00044295192,0.017082758,0.0039138943,0.0,0.0,1.0,1.0,0.01,0.07,0.0,0.76838136,1.0,1.0,0.09118443,0.0,0.0020198673,0.0,0.0,0.079027355,0.0
0.0,0.0,0.13235295,0.1,0.0,0.0,0.0,0.0,0.0,0.0,0.0,0.0,0.0,0.0,0.0,0.0,0.0,0.0,0.0,0.0,0.0,0.0,0.022172213,0.021526419,1.0,1.0,0.0,0.0,0.24,0.09,0.0,0.7526181,1.0,1.0,0.08246174,0.0,0.0,0.0,0.0,0.08230433,0.0
0.0,0.0,0.04411765,0.0,0.0008681168,0.0061771553,0.0,0.0,0.0,0.0,0.0,0.0,0.0,0.0,0.0,0.0,0.0,0.0,0.0,0.0,0.0,0.0,0.0111855045,0.009784736,0.0,0.0,0.0,0.0,1.0,0.0,0.0,0.74940705,1.0,1.0,0.09076782,0.0,0.009768799,0.0,0.0,0.06403583,0.0
0.0,0.0,0.029411765,0.1,0.0,0.0,0.0,0.0,0.0,0.0,0.0,0.0,0.0,0.0,0.0,0.0,0.0,0.0,0.0,0.0,0.0,0.0,0.02349864,0.031311154,1.0,1.0,0.0,0.0,0.14,0.06,0.0,0.77464426,1.0,1.0,0.08739393,0.0,0.0,0.0,0.0,0.088044465,0.0
0.0,0.0,0.029411765,0.2,0.0,0.0,0.0,0.0,0.0,0.0,0.0,0.0,0.0,0.0,0.0,0.0,0.0,0.0,0.0,0.0,0.0,0.0028463304,0.01687961,0.021526419,0.0,0.0,1.0,1.0,0.05,0.07,0.0,0.77221036,1.0,1.0,0.09236347,0.0,0.0021350235,0.0,0.0,0.079592615,0.0
0.0,0.0,0.04411765,0.1,0.0,0.0,0.0,0.0,0.0,0.025369287,0.0,0.0,0.0,0.0,0.0,0.0,0.0,0.003043741,0.0,0.0,0.0,0.040592104,0.014283456,0.02739726,1.0,1.0,0.0,0.0,1.0,0.0,0.0,0.8302741,1.0,1.0,0.10942667,0.0,0.0053973496,0.0,0.0,0.08729324,0.0
0.03564065,0.0,0.04411765,0.3,0.001155006,0.0,0.0,0.0,0.0,0.017422348,0.0,0.0,0.0,0.0,0.0,0.0,0.00035469234,0.0009371042,0.0,0.0,0.0,0.03610149,0.010145284,0.017612524,0.0,0.0,1.0,1.0,1.0,0.0,0.0,0.8141303,1.0,1.0,0.10879917,0.0,0.009439185,0.0,0.0,0.075624615,0.0
0.0,0.0,0.7647059,0.2,0.0,0.0,0.0,0.0,0.0,0.0,0.0,0.0,0.0,0.0,0.0,0.0,0.0,0.0,0.0,0.0,0.0,0.0049954653,0.016678415,0.0332681,0.0,0.0,1.0,1.0,0.07,0.06,0.0,0.77588046,1.0,1.0,0.09353342,0.0,0.0020832568,0.0,0.0,0.080263615,0.0
0.0,0.0,0.029411765,0.2,0.0,0.0,0.0,0.0,0.0,0.0,0.0,0.0,0.0,0.0,0.0,0.0,0.0,0.0,0.0,0.0,0.0,0.0,0.01713907,0.0058708414,0.0,0.0,1.0,1.0,0.01,0.07,0.0,0.76684916,1.0,1.0,0.09068697,0.0,0.0022736043,0.0,0.0,0.07837248,0.0
0.0,0.0,0.6764706,0.1,0.0,0.0,0.0,0.0,0.0,0.0,0.0,0.0,0.0,0.0,0.0,0.0,0.0,0.0,0.0,0.0,0.0,0.0,0.02349741,0.0019569471,1.0,1.0,0.0,0.0,0.0,0.06,0.0,0.7707586,1.0,1.0,0.08651253,0.0,0.0,0.0,0.0,0.08786249,0.0
0.0,0.0,0.04411765,0.1,0.0,0.0,0.0,0.0,0.0,0.019475102,0.0,0.0,0.0,0.0,0.0,0.0,0.0,0.00075370073,0.0,0.0,0.0,0.0351201,0.013161771,0.0665362,0.03,0.03,0.97,0.97,1.0,0.0,0.0,0.81921935,1.0,1.0,0.107603066,0.0,0.0064667314,0.0,0.0,0.08109009,0.0
0.0,0.0,0.5882353,0.2,0.0,0.0,0.0,0.0,0.0,0.0,0.0,0.0,0.0,0.0,0.0,0.0,0.0,0.0,0.0,0.0,0.0,0.003928691,0.01676187,0.029354207,0.0,0.0,1.0,1.0,0.06,0.07,0.0,0.77397335,1.0,1.0,0.092940085,0.0,0.0021646768,0.0,0.0,0.07979104,0.0
0.0,0.0,0.029411765,0.2,0.0,0.0,0.0,0.0,0.0,0.0,0.0,0.0,0.0,0.0,0.0,0.0,0.0,0.0,0.0,0.0,0.0,0.0,0.017295055,0.009784736,0.0,0.0,1.0,1.0,0.05,0.07,0.0,0.7615229,1.0,1.0,0.08902802,0.0,0.0030422658,0.0,0.0,0.07606393,0.0
0.0,0.0,0.014705882,0.1,0.0,0.0,0.0,0.0,0.0,0.0,0.0,0.0,0.0,0.0,0.0,0.0,0.0,0.0,0.0,0.0,0.0,0.0,0.023284778,0.017612524,1.0,1.0,0.0,0.0,0.04,0.06,0.0,0.77673054,1.0,1.0,0.08828672,0.0,0.0,0.0,0.0,0.08915371,0.0
0.0,0.0,0.19117647,0.2,0.0,0.0,0.0,0.0,0.0,0.0,0.0,0.0,0.0,0.0,0.0,0.0,0.0,0.0,0.0,0.0,0.0,0.0,0.017194502,0.0019569471,0.0,0.0,1.0,1.0,0.0,0.06,0.0,0.76459813,1.0,1.0,0.0900468,0.0,0.0022938251,0.0,0.0,0.07785538,0.0
0.0,0.0,0.04411765,0.1,0.0,0.0,0.0,0.0,0.0,0.053336322,0.0,0.0,0.0,0.0,0.0,0.0,0.0027616248,0.025241852,0.0,0.0,0.0,0.070183545,0.014069274,0.105675146,1.0,1.0,0.0,0.0,1.0,0.0,0.0,0.88359904,1.0,1.0,0.12381559,0.0,0.0038199276,0.0,0.0,0.099574745,0.0
0.0,0.0,0.19117647,0.1,0.0,0.0,0.0,0.0,0.0,0.0005340874,0.0,0.0,0.0,0.0,0.0,0.0,0.0,0.0,0.0,0.0,0.0,0.00079631805,0.022868514,0.039138943,1.0,1.0,0.0,0.0,0.07,0.05,0.0,0.7847383,1.0,1.0,0.09085601,0.0,0.0,0.0,0.0,0.09125179,0.0
0.0,0.0,0.6911765,0.1,0.0,0.0,0.0,0.0,0.0,0.0,0.0,0.0,0.0,0.0,0.0,0.0,0.0,0.0,0.0,0.0,0.0,0.0,0.023705415,0.007827789,1.0,1.0,0.0,0.0,0.03,0.08,0.0,0.7689185,1.0,1.0,0.08572217,0.0,0.0,0.0,0.0,0.086871654,0.0
0.0,0.0,0.029411765,0.1,0.0,0.0,0.0,0.0,0.0,0.0,0.0,0.0,0.0,0.0,0.0,0.0,0.0,0.0,0.0,0.0,0.0,0.0,0.023095608,0.031311154,1.0,1.0,0.0,0.0,0.07,0.07,0.0,0.7813184,1.0,1.0,0.089676715,0.0,0.0,0.0,0.0,0.090258926,0.0
0.0,0.0,0.04411765,0.3,0.0008681168,0.005423771,0.0,0.0,0.0,0.0,0.0,0.0,0.0,0.0,0.0,0.0,0.0,0.0,0.0,0.0,0.0,0.007662177,0.010737166,0.007827789,0.0,0.0,0.33,0.25,1.0,0.0,0.5,0.7649015,1.0,1.0,0.09528413,0.0,0.009790182,0.0,0.0,0.066155314,0.0
0.0,0.0,0.30882353,0.2,0.0,0.0,0.0,0.0,0.0,0.0,0.0,0.0,0.0,0.0,0.0,0.0,0.0,0.0,0.0,0.0,0.0,0.004950136,0.016621187,0.03522505,0.0,0.0,1.0,1.0,0.06,0.06,0.0,0.7759019,1.0,1.0,0.09361466,0.0,0.0019939095,0.0,0.0,0.08034471,0.0
0.0,0.0,0.04411765,0.1,0.0,0.0,0.0,0.0,0.0,0.056426525,0.0,0.0,0.0,0.0,0.0,0.0,0.0024718419,0.025161088,0.0,0.0,0.0,0.07133913,0.015836589,0.1780822,1.0,1.0,0.0,0.0,1.0,0.0,0.0,0.889518,1.0,1.0,0.12386816,0.0,0.0017495304,0.0,0.0,0.10533273,0.0
0.0,0.0,0.029411765,0.2,0.0,0.0,0.0,0.0,0.0,0.0,0.0,0.0,0.0,0.0,0.0,0.0,0.0,0.0,0.0,0.0,0.0,0.0,0.017134346,0.0019569471,0.0,0.0,1.0,1.0,0.0,0.06,0.0,0.7649659,1.0,1.0,0.090234585,0.0,0.002126962,0.0,0.0,0.07810363,0.0
0.0,0.0,0.13235295,0.8,0.0,3.2691223e-05,0.0,0.0,0.0,0.0,0.0,0.0,0.0,0.0,0.0,0.0,0.0,0.0,0.0,0.0,0.0,0.0,0.020036131,0.0019569471,1.0,1.0,0.0,0.0,1.0,0.0,0.0,0.7289767,1.0,1.0,0.07752957,0.0,0.0027456135,0.0,0.0,0.07616103,0.0
0.0,0.0,0.04411765,0.0,0.0008681168,0.0061771553,0.0,0.0,0.0,0.0,0.0,0.0,0.0,0.0,0.0,0.0,0.0,0.0,0.0,0.0,0.0,0.007991523,0.010687597,0.0058708414,0.0,0.0,0.33,0.33,1.0,0.0,0.0,0.7654228,1.0,1.0,0.095469736,0.0,0.009785056,0.0,0.0,0.06629321,0.0
0.014190419,0.0,0.04411765,0.3,0.0009923336,0.0,0.0,0.0,0.0,0.0076841414,0.0,0.0,0.0,0.0,0.0,0.0,0.0,0.0,0.0,0.0,0.0,0.025181532,0.010150328,0.091976516,0.0,0.0,1.0,1.0,1.0,0.0,0.0,0.7951257,1.0,1.0,0.103807054,0.0,0.009522259,0.0,0.0,0.07210985,0.0
0.0,0.0,0.029411765,0.1,0.0,0.0,0.0,0.0,0.0,0.0,0.0,0.0,0.0,0.0,0.0,0.0,0.0,0.0,0.0,0.0,0.0,0.0,0.023683242,0.0019569471,1.0,1.0,0.0,0.0,0.01,0.09,0.0,0.7688402,1.0,1.0,0.08574999,0.0,0.0,0.0,0.0,0.08707568,0.0
0.0,0.0,0.04411765,0.3,0.0008681168,0.0061771553,0.0,0.0,0.0,0.0,0.0,0.0,0.0,0.0,0.0,0.0,0.0,0.0,0.0,0.0,0.0,0.0020102859,0.0110353455,0.009784736,0.0,0.0,1.0,1.0,1.0,0.0,0.0,0.75519764,1.0,1.0,0.09244009,0.0,0.009741902,0.0,0.0,0.06502572,0.0
0.0,0.0,0.029411765,0.2,0.0,0.0,0.0,0.0,0.0,0.0,0.0,0.0,0.0,0.0,0.0,0.0,0.0,0.0,0.0,0.0,0.0,0.004863739,0.016681299,0.03522505,0.0,0.0,1.0,1.0,0.07,0.06,0.0,0.7755344,1.0,1.0,0.09342695,0.0,0.0021608323,0.0,0.0,0.08009654,0.0
0.0,1.0,0.36764705,0.0,1.6426413e-05,0.0,0.0,0.0,0.0,0.0,0.0,0.0,0.0,0.0,0.0,0.0,0.0,0.0,0.0,0.0,0.0,0.0,0.018780522,0.99804306,0.0,0.0,0.0,0.0,1.0,0.0,0.0,0.74337256,1.0,1.0,0.083094575,0.0,0.0023254007,0.0,0.0,0.07740283,0.0
0.12873603,0.0,0.13235295,0.0,0.0,3.2691223e-05,0.0,0.0,0.0,0.0,0.0,0.0,0.0,0.0,0.0,0.0,0.0,0.0,0.0,0.0,0.0,0.0,0.018414058,0.0019569471,0.0,0.0,0.0,0.0,1.0,0.0,0.0,0.73469293,1.0,1.0,0.08040636,0.0,0.003975928,0.0,0.0,0.07562572,0.0
0.0,0.0,0.029411765,0.2,0.0,0.0,0.0,0.0,0.0,0.0,0.0,0.0,0.0,0.0,0.0,0.0,0.0,0.0,0.0,0.0,0.0,0.0037813485,0.016799077,0.02739726,0.0,0.0,1.0,1.0,0.06,0.07,0.0,0.7737713,1.0,1.0,0.09285029,0.0,0.002131179,0.0,0.0,0.07989806,0.0
0.0,0.0,0.029411765,0.2,0.0,0.0,0.0,0.0,0.0,0.0,0.0,0.0,0.0,0.0,0.0,0.0,0.0,0.0,0.0,0.0,0.0,0.0,0.017192237,0.017612524,0.0,0.0,1.0,1.0,0.08,0.06,0.0,0.7629539,1.0,1.0,0.08949525,0.0,0.0031212568,0.0,0.0,0.07612577,0.0
0.035952527,0.0,0.04411765,0.3,0.001155006,0.0,0.0,0.0,0.0,0.0,0.0,0.0,0.0,0.0,0.0,0.0,0.0,0.0,0.0,0.0,0.0,0.0089787245,0.010950632,0.023483366,0.0,0.0,1.0,1.0,1.0,0.0,0.0,0.76730084,1.0,1.0,0.09569537,0.0,0.009657726,0.0,0.0,0.06741807,0.0
0.0,0.0,0.029411765,0.2,0.0,0.0,0.0,0.0,0.0,0.0,0.0,0.0,0.0,0.0,0.0,0.0,0.0,0.0,0.0,0.0,0.0,0.0009872317,0.017693438,0.0058708414,0.12,0.0,0.88,1.0,0.01,0.07,0.0,0.7703723,1.0,1.0,0.09117604,0.0,0.0015792698,0.0,0.0,0.080120295,0.0
0.13123105,0.0,0.13235295,0.0,0.0,3.2691223e-05,0.0,0.0,0.0,0.026362091,0.0,0.0,0.0,0.0,0.0,0.0,0.0,0.0,0.0,0.0,0.0,0.034891844,0.01885026,0.0019569471,0.0,0.0,0.0,0.0,1.0,0.0,0.0,0.83237267,1.0,1.0,0.106208794,0.0,0.0,0.0,0.0,0.098145485,0.0
0.12873603,0.0,0.13235295,0.0,0.0,3.2691223e-05,0.0,0.0,0.0,0.019535124,0.0,0.0,0.0,0.0,0.0,0.0,0.0,0.0,0.0,0.0,0.0,0.028881758,0.018326558,0.0019569471,0.0,0.0,0.0,0.0,1.0,0.0,0.0,0.81888187,1.0,1.0,0.1029452,0.0,0.0009813011,0.0,0.0,0.09516063,0.0
0.0,1.0,0.36764705,0.0,1.6044403e-05,0.0,0.0,0.0,0.0,0.0064633787,0.0,0.0,0.0,0.0,0.0,0.0,0.0,0.0,0.0,0.0,0.0,0.017996758,0.014993027,0.81996083,0.0,0.0,0.0,0.0,1.0,0.0,0.0,0.791005,1.0,1.0,0.09905436,0.0,0.003100276,0.0,0.0,0.08838424,0.0
0.0,0.0,0.029411765,0.2,0.0,0.0,0.0,0.0,0.0,0.0,0.0,0.0,0.0,0.0,0.0,0.0,0.0,0.0,0.0,0.0,0.0,0.0,0.017385162,0.0019569471,0.0,0.0,1.0,1.0,0.01,0.07,0.0,0.7613369,1.0,1.0,0.08890494,0.0,0.002890557,0.0,0.0,0.07641724,0.0
0.0,0.0,0.04411765,0.0,0.0008681168,0.0061771553,0.0,0.0,0.0,0.0,0.0,0.0,0.0,0.0,0.0,0.0,0.0,0.0,0.0,0.0,0.0,0.008098513,0.010718621,0.007827789,0.25,0.25,0.0,0.0,1.0,0.0,0.0,0.76565814,1.0,1.0,0.09550414,0.0,0.009759054,0.0,0.0,0.06640014,0.0
0.0,0.0,0.5294118,0.2,0.0,0.0,0.0,0.0,0.0,0.0,0.0,0.0,0.0,0.0,0.0,0.0,0.0,0.0,0.0,0.0,0.0,0.0038427413,0.016689539,0.02739726,0.0,0.0,1.0,1.0,0.05,0.06,0.0,0.77426946,1.0,1.0,0.09314758,0.0,0.0018326491,0.0,0.0,0.080296844,0.0
0.0,0.0,0.029411765,0.2,0.0,0.0,0.0,0.0,0.0,0.0,0.0,0.0,0.0,0.0,0.0,0.0,0.0,0.0,0.0,0.0,0.0,0.0032316446,0.016725108,0.029354207,0.0,0.0,1.0,1.0,0.06,0.05,0.0,0.77285874,1.0,1.0,0.092705615,0.0,0.0021057576,0.0,0.0,0.07952654,0.0
0.0,0.0,0.029411765,0.2,0.0,0.0,0.0,0.0,0.0,0.0,0.0,0.0,0.0,0.0,0.0,0.0,0.0,0.0,0.0,0.0,0.0,0.0049772263,0.016660653,0.037181996,0.0,0.0,1.0,1.0,0.08,0.06,0.0,0.77570975,1.0,1.0,0.093492545,0.0,0.0021608025,0.0,0.0,0.08014399,0.0
0.0,0.0,0.029411765,0.2,0.0,0.0,0.0,0.0,0.0,0.0,0.0,0.0,0.0,0.0,0.0,0.0,0.0,0.0,0.0,0.0,0.0,0.0,0.017337792,0.0019569471,0.0,0.0,1.0,1.0,0.01,0.06,0.0,0.76045966,1.0,1.0,0.08874863,0.0,0.0027963668,0.0,0.0,0.076250315,0.0
0.0,0.0,0.029411765,0.1,0.0,0.0,0.0,0.0,0.0,0.0,0.0,0.0,0.0,0.0,0.0,0.0,0.0,0.0,0.0,0.0,0.0,0.0,0.023654476,0.015655577,1.0,1.0,0.0,0.0,0.07,0.08,0.0,0.7702986,1.0,1.0,0.086118154,0.0,0.0,0.0,0.0,0.08713883,0.0
0.0,0.0,0.029411765,0.2,0.0,0.0,0.0,0.0,0.0,0.0,0.0,0.0,0.0,0.0,0.0,0.0,0.0,0.0,0.0,0.0,0.0,0.00043159723,0.017008282,0.01369863,0.0,0.0,1.0,1.0,0.03,0.07,0.0,0.76793635,1.0,1.0,0.09110729,0.0,0.0022913963,0.0,0.0,0.07838991,0.0
0.035605993,0.0,0.04411765,0.3,0.001155006,0.0,0.0,0.0,0.0,0.025692463,0.0,0.0,0.0,0.0,0.0,0.0,0.0013443679,0.008052319,0.0,0.0,0.0,0.045322746,0.009856157,0.023483366,0.0,0.0,1.0,1.0,1.0,0.0,0.0,0.83003664,1.0,1.0,0.11326557,0.0,0.0093694925,0.0,0.0,0.07839221,0.0
0.0,0.0,0.20588236,0.2,0.0,0.0,0.0,0.0,0.0,0.0,0.0,0.0,0.0,0.0,0.0,0.0,0.0,0.0,0.0,0.0,0.0,0.0,0.017089792,0.009784736,0.0,0.0,1.0,1.0,0.02,0.07,0.0,0.7670369,1.0,1.0,0.090779774,0.0,0.00233531,0.0,0.0,0.07823485,0.0
0.0,0.0,0.029411765,0.2,0.0,0.0,0.0,0.0,0.0,0.0,0.0,0.0,0.0,0.0,0.0,0.0,0.0,0.0,0.0,0.0,0.0,0.0,0.01714728,0.0058708414,0.0,0.0,1.0,1.0,0.01,0.06,0.0,0.76473856,1.0,1.0,0.09012403,0.0,0.0023626536,0.0,0.0,0.07769823,0.0
0.0,1.0,0.36764705,0.0,8.08587e-06,0.0,0.0,0.0,0.0,0.0074795783,0.0,0.0,0.0,0.0,0.0,0.0,0.0,0.0,0.0,0.0,0.0,0.018784016,0.015072659,0.9041096,0.0,0.0,0.0,0.0,1.0,0.0,0.0,0.79294026,1.0,1.0,0.09953434,0.0,0.0028087348,0.0,0.0,0.088992536,0.0
0.0,0.0,0.029411765,0.1,0.0,0.0,0.0,0.0,0.0,0.0,0.0,0.0,0.0,0.0,0.0,0.0,0.0,0.0,0.0,0.0,0.0,0.0,0.023406178,0.011741683,1.0,1.0,0.0,0.0,0.03,0.09,0.0,0.7741004,1.0,1.0,0.08745768,0.0,0.0,0.0,0.0,0.08853337,0.0
0.015663173,0.0,0.04411765,0.3,0.0008993779,0.0,0.0,0.0,0.0,0.0,0.0,0.0,0.0,0.0,0.0,0.0,0.0,0.0,0.0,0.0,0.0,0.015586436,0.010409884,0.0665362,0.03,0.03,0.94,0.94,1.0,0.0,0.0,0.77851677,1.0,1.0,0.099186145,0.0,0.009691462,0.0,0.0,0.06872854,0.0
0.0,0.0,0.04411765,0.0,0.0008681168,0.0061771553,0.0,0.0,0.0,0.0,0.0,0.0,0.0,0.0,0.0,0.0,0.0,0.0,0.0,0.0,0.0,0.00928399,0.010611758,0.021526419,0.0,0.0,0.0,0.0,1.0,0.0,0.36,0.7675966,1.0,1.0,0.09611664,0.0,0.009826124,0.0,0.0,0.06643656,0.0
0.0,0.0,0.029411765,0.1,0.0,0.0,0.0,0.0,0.0,0.0,0.0,0.0,0.0,0.0,0.0,0.0,0.0,0.0,0.0,0.0,0.0,0.0,0.026612297,0.021526419,1.0,1.0,0.0,0.0,0.1,0.06,0.0,0.7488619,1.0,1.0,0.077583455,0.0,0.0,0.0,0.0,0.07849491,0.0
1.7326518e-05,0.0,0.22058824,0.0,4.1368454e-05,0.00021769383,0.0,0.0,0.0,0.0,0.0,0.0,0.0,0.0,0.0,0.0,0.0,0.0,0.0,0.0,0.0,0.002979666,0.01096715,0.0058708414,0.0,0.0,0.25,0.0,0.75,0.5,0.0,0.75691473,1.0,1.0,0.09294505,0.0,0.009686798,0.0,0.0,0.06559375,0.0
0.0,0.0,0.029411765,0.2,0.0,0.0,0.0,0.0,0.0,0.0,0.0,0.0,0.0,0.0,0.0,0.0,0.0,0.0,0.0,0.0,0.0,0.0015692711,0.016898535,0.021526419,0.0,0.0,1.0,1.0,0.05,0.07,0.0,0.76986253,1.0,1.0,0.0917223,0.0,0.002259329,0.0,0.0,0.078820825,0.0
0.0,0.0,0.073529415,0.2,0.0,0.0,0.0,0.0,0.0,0.0,0.0,0.0,0.0,0.0,0.0,0.0,0.0,0.0,0.0,0.0,0.0,0.00071269274,0.017047085,0.0058708414,0.0,0.0,1.0,1.0,0.01,0.07,0.0,0.76888883,1.0,1.0,0.09135952,0.0,0.0019705445,0.0,0.0,0.079211414,0.0
0.0,0.0,0.04411765,0.0,0.0008681168,0.0061771553,0.0,0.0,0.0,0.0,0.0,0.0,0.0,0.0,0.0,0.0,0.0,0.0,0.0,0.0,0.0,0.005074084,0.010736182,0.04696673,0.0,0.0,0.0,0.0,1.0,0.0,0.08,0.760347,1.0,1.0,0.094089784,0.0,0.009849474,0.0,0.0,0.065178216,0.0
0.0,0.0,0.029411765,0.2,0.0,0.0,0.0,0.0,0.0,0.0,0.0,0.0,0.0,0.0,0.0,0.0,0.0,0.0,0.0,0.0,0.0,0.0,0.01767721,0.0039138943,0.0,0.0,1.0,1.0,0.01,0.07,0.0,0.7600069,1.0,1.0,0.08843017,0.0,0.0018660277,0.0,0.0,0.07787418,0.0
0.0,0.0,0.029411765,0.2,0.0,0.0,0.0,0.0,0.0,0.0,0.0,0.0,0.0,0.0,0.0,0.0,0.0,0.0,0.0,0.0,0.0,0.0044175684,0.01672411,0.03522505,0.0,0.0,1.0,1.0,0.08,0.07,0.0,0.7745856,1.0,1.0,0.093114145,0.0,0.0023017526,0.0,0.0,0.07970631,0.0
0.0,0.0,0.61764705,0.1,0.0,0.0,0.0,0.0,0.0,0.0,0.0,0.0,0.0,0.0,0.0,0.0,0.0,0.0,0.0,0.0,0.0,0.0,0.023293763,0.023483366,1.0,1.0,0.0,0.0,0.07,0.09,0.0,0.7785435,1.0,1.0,0.08870786,0.0,0.0,0.0,0.0,0.089393556,0.0
0.0,0.0,0.04411765,0.1,0.0,0.0,0.0,0.0,0.0,0.05102417,0.0,0.0,0.0,0.0,0.0,0.0,0.0025266781,0.023488462,0.0,0.0,0.0,0.067846596,0.013959467,0.099804305,1.0,1.0,0.0,0.0,1.0,0.0,0.0,0.87913764,1.0,1.0,0.12272269,0.0,0.004054278,0.0,0.0,0.098368704,0.0
0.0,0.0,0.029411765,0.1,0.0,0.0,0.0,0.0,0.0,0.0,0.0,0.0,0.0,0.0,0.0,0.0,0.0,0.0,0.0,0.0,0.0,0.0,0.02325818,0.025440313,1.0,1.0,0.0,0.0,0.07,0.09,0.0,0.77898526,1.0,1.0,0.08886463,0.0,0.0,0.0,0.0,0.08954537,0.0
0.0,0.0,0.029411765,0.2,0.0,0.0,0.0,0.0,0.0,0.0,0.0,0.0,0.0,0.0,0.0,0.0,0.0,0.0,0.0,0.0,0.0,0.0038394332,0.0167704,0.029354207,0.0,0.0,1.0,1.0,0.06,0.06,0.0,0.77378356,1.0,1.0,0.09287753,0.0,0.00219284,0.0,0.0,0.07971299,0.0
0.0,0.0,0.029411765,0.2,0.0,0.0,0.0,0.0,0.0,0.0,0.0,0.0,0.0,0.0,0.0,0.0,0.0,0.0,0.0,0.0,0.0,0.0044884086,0.016698368,0.031311154,0.0,0.0,1.0,1.0,0.06,0.06,0.0,0.7750975,1.0,1.0,0.093318515,0.0,0.0020237714,0.0,0.0,0.08022866,0.0
0.0,0.0,0.029411765,0.2,0.0,0.0,0.0,0.0,0.0,0.0,0.0,0.0,0.0,0.0,0.0,0.0,0.0,0.0,0.0,0.0,0.0,0.00048357248,0.017097749,0.007827789,0.0,0.0,1.0,1.0,0.02,0.08,0.0,0.76810646,1.0,1.0,0.09105826,0.0,0.0022625774,0.0,0.0,0.07860249,0.0
0.0,0.0,0.029411765,0.1,0.0,0.0,0.0,0.0,0.0,0.0,0.0,0.0,0.0,0.0,0.0,0.0,0.0,0.0,0.0,0.0,0.0,0.0,0.023519926,0.02739726,1.0,1.0,0.0,0.0,0.12,0.08,0.0,0.7735841,1.0,1.0,0.08710722,0.0,0.0,0.0,0.0,0.08787763,0.0
0.0,0.0,0.029411765,0.2,0.0,0.0,0.0,0.0,0.0,0.0,0.0,0.0,0.0,0.0,0.0,0.0,0.0,0.0,0.0,0.0,0.0,0.0016991496,0.016905606,0.017612524,0.0,0.0,1.0,1.0,0.04,0.06,0.0,0.77027047,1.0,1.0,0.09184136,0.0,0.002146542,0.0,0.0,0.079038024,0.0
0.0,0.0,0.7352941,0.1,0.0,0.0,0.0,0.0,0.0,0.0,0.0,0.0,0.0,0.0,0.0,0.0,0.0,0.0,0.0,0.0,0.0,0.0,0.023101509,0.023483366,1.0,1.0,0.0,0.0,0.04,0.06,0.0,0.7793454,1.0,1.0,0.08920091,0.0,0.0,0.0,0.0,0.08996883,0.0
0.0,1.0,0.36764705,0.0,1.6426413e-05,0.0,0.0,0.0,0.0,0.0,0.0,0.0,0.0,0.0,0.0,0.0,0.0,0.0,0.0,0.0,0.0,0.01072675,0.013940088,0.0039138943,0.0,0.0,0.0,0.0,1.0,0.0,0.0,0.77493286,1.0,1.0,0.09563392,0.0,0.0051644295,0.0,0.0,0.08106968,0.0
0.0,0.0,0.29411766,0.2,0.0,0.0,0.0,0.0,0.0,0.0,0.0,0.0,0.0,0.0,0.0,0.0,0.0,0.0,0.0,0.0,0.0,0.0,0.017100386,0.0058708414,0.0,0.0,1.0,1.0,0.01,0.08,0.0,0.7667426,1.0,1.0,0.09071832,0.0,0.002177149,0.0,0.0,0.07842556,0.0
0.0,0.0,0.5735294,0.2,0.0,0.0,0.0,0.0,0.0,0.0,0.0,0.0,0.0,0.0,0.0,0.0,0.0,0.0,0.0,0.0,0.0,0.00051015615,0.016986206,0.029354207,0.0,0.0,1.0,1.0,0.11,0.06,0.0,0.76707184,1.0,1.0,0.09079739,0.0,0.00296548,0.0,0.0,0.07714641,0.0
0.0,0.0,0.04411765,0.1,0.0,0.0,0.0,0.0,0.0,0.056328326,0.0,0.0,0.0,0.0,0.0,0.0,0.002890475,0.026546001,0.0,0.0,0.0,0.07241213,0.014801651,0.15264188,1.0,1.0,0.0,0.0,1.0,0.0,0.0,0.88930595,1.0,1.0,0.1247127,0.0,0.0028141588,0.0,0.0,0.10275385,0.0
0.0,0.0,0.029411765,0.2,0.0,0.0,0.0,0.0,0.0,0.0,0.0,0.0,0.0,0.0,0.0,0.0,0.0,0.0,0.0,0.0,0.0,0.001990825,0.02034399,0.023483366,0.55,0.5,0.45,0.5,0.04,0.06,0.0,0.77945423,1.0,1.0,0.0914431,0.0,0.0,0.0,0.0,0.08690092,0.0
0.0,0.0,0.04411765,0.1,0.0,0.0,0.0,0.0,0.0,0.032716542,0.0,0.0,0.0,0.0,0.0,0.0,0.0014125034,0.0115633905,0.0,0.0,0.0,0.04965952,0.012847178,0.099804305,0.12,0.12,0.88,0.88,1.0,0.0,0.0,0.8445202,1.0,1.0,0.11456945,0.0,0.006160021,0.0,0.0,0.08632308,0.0
0.0,0.0,0.6617647,0.1,0.0,0.0,0.0,0.0,0.0,0.0,0.0,0.0,0.0,0.0,0.0,0.0,0.0,0.0,0.0,0.0,0.0,0.0,0.023564577,0.0058708414,1.0,1.0,0.0,0.0,0.02,0.1,0.0,0.77242625,1.0,1.0,0.08681684,0.0,0.0,0.0,0.0,0.08796197,0.0
0.0,0.0,0.04411765,0.0,0.0008681168,0.0061771553,0.0,0.0,0.0,0.0,0.0,0.0,0.0,0.0,0.0,0.0,0.0,0.0,0.0,0.0,0.0,0.0063275397,0.010805048,0.056751467,0.0,0.0,0.0,0.0,1.0,0.0,0.14,0.76258373,1.0,1.0,0.09460669,0.0,0.009770125,0.0,0.0,0.065984845,0.0
0.0,0.0,0.13235295,0.8,0.0,3.2691223e-05,0.0,0.0,0.0,0.0,0.0,0.0,0.0,0.0,0.0,0.0,0.0,0.0,0.0,0.0,0.0,0.0,0.025430739,0.0019569471,1.0,1.0,0.0,0.0,1.0,0.0,0.0,0.678185,0.9726558,1.0,0.05831214,0.0,0.0051555187,0.0,0.0,0.066031486,0.0
0.0,0.0,0.029411765,0.1,0.0,0.0,0.0,0.0,0.0,0.0,0.0,0.0,0.0,0.0,0.0,0.0,0.0,0.0,0.0,0.0,0.0,0.0,0.023398995,0.0039138943,1.0,1.0,0.0,0.0,0.01,0.07,0.0,0.77290714,1.0,1.0,0.087196864,0.0,0.0,0.0,0.0,0.088428974,0.0
0.0,0.0,0.13235295,0.8,0.0,3.2691223e-05,0.0,0.0,0.0,0.0,0.0,0.0,0.0,0.0,0.0,0.0,0.0,0.0,0.0,0.0,0.0,0.0,0.023875982,0.0019569471,1.0,1.0,0.0,0.0,1.0,0.0,0.0,0.6852119,0.98166883,1.0,0.061917476,0.0,0.0044113547,0.0,0.0,0.06686702,0.0
0.0,0.0,0.029411765,0.1,0.0,0.0,0.0,0.0,0.0,0.0,0.0,0.0,0.0,0.0,0.0,0.0,0.0,0.0,0.0,0.0,0.0,0.0,0.023390166,0.03522505,1.0,1.0,0.0,0.0,0.14,0.06,0.0,0.77749085,1.0,1.0,0.088260375,0.0,0.0,0.0,0.0,0.08875969,0.0
0.0,0.0,0.029411765,0.2,0.0,0.0,0.0,0.0,0.0,0.0,0.0,0.0,0.0,0.0,0.0,0.0,0.0,0.0,0.0,0.0,0.0,0.0030810535,0.0168432,0.029354207,0.0,0.0,1.0,1.0,0.07,0.07,0.0,0.7721708,1.0,1.0,0.09234577,0.0,0.0024324954,0.0,0.0,0.07904968,0.0
0.036247075,0.0,0.04411765,0.3,0.001155006,0.0,0.0,0.0,0.0,0.03127396,0.0,0.0,0.0,0.0,0.0,0.0,0.0019850656,0.012889981,0.0,0.0,0.0,0.051579088,0.009673409,0.015655577,0.0,0.0,1.0,1.0,1.0,0.0,0.0,0.8408048,1.0,1.0,0.116273545,0.0,0.00934574,0.0,0.0,0.08021861,0.0
0.0,0.0,0.029411765,0.1,0.0,0.0,0.0,0.0,0.0,0.0,0.0,0.0,0.0,0.0,0.0,0.0,0.0,0.0,0.0,0.0,0.0,0.0,0.023499958,0.009784736,1.0,1.0,0.0,0.0,0.03,0.11,0.0,0.7734717,1.0,1.0,0.087165765,0.0,0.0,0.0,0.0,0.08821887,0.0
0.0,0.0,0.89705884,0.2,0.0,0.0,0.0,0.0,0.0,0.0,0.0,0.0,0.0,0.0,0.0,0.0,0.0,0.0,0.0,0.0,0.0,0.0,0.017167658,0.019569471,0.0,0.0,1.0,1.0,0.09,0.08,0.0,0.76514506,1.0,1.0,0.09009252,0.0,0.003046304,0.0,0.0,0.07680836,0.0
0.0,1.0,0.36764705,0.0,1.6044403e-05,0.0,0.0,0.0,0.0,0.0,0.0,0.0,0.0,0.0,0.0,0.0,0.0,0.0,0.0,0.0,0.0,0.011944711,0.01427871,0.18590999,0.0,0.0,0.0,0.0,1.0,0.0,0.0,0.7776426,1.0,1.0,0.09604602,0.0,0.004767075,0.0,0.0,0.08279616,0.0
0.0,1.0,0.36764705,0.0,1.6044403e-05,0.0,0.0,0.0,0.0,0.0023624897,0.0,0.0,0.0,0.0,0.0,0.0,0.0,0.0,0.0,0.0,0.0,0.014664888,0.014625043,0.46771038,0.0,0.0,0.0,0.0,1.0,0.0,0.0,0.7832726,1.0,1.0,0.097229116,0.0,0.0041603595,0.0,0.0,0.085534155,0.0
0.0,0.0,0.029411765,0.2,0.0,0.0,0.0,0.0,0.0,0.0,0.0,0.0,0.0,0.0,0.0,0.0,0.0,0.0,0.0,0.0,0.0,0.0054397285,0.01664503,0.039138943,0.0,0.0,1.0,1.0,0.08,0.07,0.0,0.77639794,1.0,1.0,0.09367613,0.0,0.0022344142,0.0,0.0,0.080139846,0.0
0.0,0.0,0.029411765,0.1,0.0,0.0,0.0,0.0,0.0,0.0,0.0,0.0,0.0,0.0,0.0,0.0,0.0,0.0,0.0,0.0,0.0,0.0,0.023326933,0.019569471,1.0,1.0,0.0,0.0,0.05,0.09,0.0,0.7773224,1.0,1.0,0.08836282,0.0,0.0,0.0,0.0,0.08916879,0.0
0.0,0.0,0.14705883,0.1,0.0,0.0,1.0,0.0,0.0,0.052428335,0.0,0.0,0.0,0.0,0.0,0.0,0.0011594445,0.020322442,0.0,0.0,0.0,0.06674075,0.018978596,0.0039138943,1.0,1.0,0.0,0.0,1.0,0.0,1.0,0.8844019,1.0,1.0,0.120127015,0.0,0.00015887618,0.0,0.0,0.10573053,0.0
0.0,0.0,0.7647059,0.2,0.0,0.0,0.0,0.0,0.0,0.0,0.0,0.0,0.0,0.0,0.0,0.0,0.0,0.0,0.0,0.0,0.0,0.0014005005,0.016909935,0.03522505,0.0,0.0,1.0,1.0,0.12,0.06,0.0,0.7685379,1.0,1.0,0.09125293,0.0,0.0029757172,0.0,0.0,0.07741284,0.0
0.0,0.0,0.029411765,0.2,0.0,0.0,0.0,0.0,0.0,0.0,0.0,0.0,0.0,0.0,0.0,0.0,0.0,0.0,0.0,0.0,0.0,0.00012123585,0.017028913,0.007827789,0.0,0.0,1.0,1.0,0.02,0.07,0.0,0.76770353,1.0,1.0,0.091058366,0.0,0.0020979643,0.0,0.0,0.078630686,0.0
0.0,0.0,0.029411765,0.2,0.0,0.0,0.0,0.0,0.0,0.0,0.0,0.0,0.0,0.0,0.0,0.0,0.0,0.0,0.0,0.0,0.0,0.0,0.017291948,0.0039138943,0.0,0.0,1.0,1.0,0.01,0.06,0.0,0.7608514,1.0,1.0,0.08890102,0.0,0.0028017312,0.0,0.0,0.07622126,0.0
0.0,0.0,0.04411765,0.0,0.0008681168,0.0061771553,0.0,0.0,0.0,0.0,0.0,0.0,0.0,0.0,0.0,0.0,0.0,0.0,0.0,0.0,0.0,0.008360356,0.010724381,0.0058708414,0.0,0.0,0.0,0.0,1.0,0.0,0.0,0.7661028,1.0,1.0,0.09560963,0.0,0.009803265,0.0,0.0,0.06630644,0.0
0.0,0.0,0.029411765,0.2,0.0,0.0,0.0,0.0,0.0,0.0,0.0,0.0,0.0,0.0,0.0,0.0,0.0,0.0,0.0,0.0,0.0,0.004712224,0.016738504,0.029354207,0.0,0.0,1.0,1.0,0.06,0.07,0.0,0.7754556,1.0,1.0,0.093362354,0.0,0.0020567477,0.0,0.0,0.08030367,0.0
0.0,0.0,0.029411765,0.2,0.0,0.0,0.0,0.0,0.0,0.0,0.0,0.0,0.0,0.0,0.0,0.0,0.0,0.0,0.0,0.0,0.0,0.0036832988,0.016785406,0.029354207,0.0,0.0,1.0,1.0,0.06,0.06,0.0,0.77345157,1.0,1.0,0.09276802,0.0,0.0022422224,0.0,0.0,0.0795764,0.0
0.0,0.0,0.029411765,0.2,0.0,0.0,0.0,0.0,0.0,0.0,0.0,0.0,0.0,0.0,0.0,0.0,0.0,0.0,0.0,0.0,0.0,0.0017950237,0.016929328,0.01369863,0.0,0.0,1.0,1.0,0.03,0.06,0.0,0.7706517,1.0,1.0,0.091936134,0.0,0.0020002127,0.0,0.0,0.07940978,0.0
0.0,0.0,0.14705883,0.1,0.0,0.0,0.0,0.0,0.0,0.0032082498,0.0,0.0,0.0,0.0,0.0,0.0,0.0,0.0,0.0,0.0,0.0,0.006454915,0.0227331,0.031311154,1.0,1.0,0.0,0.0,0.25,0.06,0.0,0.7907053,1.0,1.0,0.09214919,0.0,0.0,0.0,0.0,0.090721786,0.0
0.013878541,0.0,0.04411765,0.3,0.001155006,0.0,0.0,0.0,0.0,0.0,0.0,0.0,0.0,0.0,0.0,0.0,0.0,0.0,0.0,0.0,0.0,0.015235364,0.0104619935,0.056751467,0.0,0.0,1.0,1.0,1.0,0.0,0.0,0.7779534,1.0,1.0,0.0989845,0.0,0.009666011,0.0,0.0,0.0687837,0.0
0.0,0.0,0.0882353,0.2,0.0,0.0,0.0,0.0,0.0,0.0,0.0,0.0,0.0,0.0,0.0,0.0,0.0,0.0,0.0,0.0,0.0,0.0,0.017115317,0.0019569471,0.0,0.0,1.0,1.0,0.0,0.06,0.0,0.76635313,1.0,1.0,0.09062553,0.0,0.0020331144,0.0,0.0,0.07857725,0.0
0.0,0.0,0.029411765,0.2,0.0,0.0,0.0,0.0,0.0,0.0,0.0,0.0,0.0,0.0,0.0,0.0,0.0,0.0,0.0,0.0,0.0,0.0051469803,0.016621225,0.039138943,0.0,0.0,1.0,1.0,0.08,0.06,0.0,0.77595925,1.0,1.0,0.093598,0.0,0.0021873564,0.0,0.0,0.08005634,0.0
0.0,0.0,0.029411765,0.1,0.0,0.0,0.0,0.0,0.0,0.0,0.0,0.0,0.0,0.0,0.0,0.0,0.0,0.0,0.0,0.0,0.0,0.0,0.023755088,0.0019569471,1.0,1.0,0.0,0.0,0.01,0.06,0.0,0.76605785,1.0,1.0,0.0849446,0.0,0.0,0.0,0.0,0.08635923,0.0
0.0,0.0,0.029411765,0.2,0.0,0.0,0.0,0.0,0.0,0.0,0.0,0.0,0.0,0.0,0.0,0.0,0.0,0.0,0.0,0.0,0.0,0.0009097159,0.01695706,0.03522505,0.0,0.0,1.0,1.0,0.15,0.06,0.0,0.76749444,1.0,1.0,0.09090882,0.0,0.003130719,0.0,0.0,0.07698369,0.0
0.0,0.0,0.029411765,0.1,0.0,0.0,0.0,0.0,0.0,0.0,0.0,0.0,0.0,0.0,0.0,0.0,0.0,0.0,0.0,0.0,0.0,0.0,0.023591593,0.021526419,1.0,1.0,0.0,0.0,0.1,0.08,0.0,0.77188087,1.0,1.0,0.086590804,0.0,0.0,0.0,0.0,0.087486535,0.0
0.0,0.0,0.029411765,0.2,0.0,0.0,0.0,0.0,0.0,0.0,0.0,0.0,0.0,0.0,0.0,0.0,0.0,0.0,0.0,0.0,0.0,0.0054863393,0.016631298,0.0332681,0.0,0.0,1.0,1.0,0.06,0.06,0.0,0.77692413,1.0,1.0,0.09387755,0.0,0.0019282997,0.0,0.0,0.0806928,0.0
0.035848565,0.0,0.04411765,0.3,0.001155006,0.0,0.0,0.0,0.0,0.0,0.0,0.0,0.0,0.0,0.0,0.0,0.0,0.0,0.0,0.0,0.0,0.016376853,0.01066535,0.025440313,0.0,0.0,1.0,1.0,1.0,0.0,0.0,0.7799909,1.0,1.0,0.09931294,0.0,0.009662777,0.0,0.0,0.06934315,0.0
0.0,0.0,0.04411765,0.1,0.0,0.0,0.0,0.0,0.0,0.0,0.0,0.0,0.0,0.0,0.0,0.0,0.0,0.0,0.0,0.0,0.0,0.0,0.023405842,0.017612524,1.0,1.0,0.0,0.0,0.06,0.1,0.0,0.77689517,1.0,1.0,0.08814383,0.0,0.0,0.0,0.0,0.08892682,0.0
0.0,0.0,0.029411765,0.2,0.0,0.0,0.0,0.0,0.0,0.0,0.0,0.0,0.0,0.0,0.0,0.0,0.0,0.0,0.0,0.0,0.0,0.0,0.017101668,0.021526419,0.0,0.0,1.0,1.0,0.08,0.06,0.0,0.7643957,1.0,1.0,0.0899862,0.0,0.0029592365,0.0,0.0,0.076669395,0.0
0.0,0.0,0.5441176,0.5,0.0,0.0,0.0,0.0,0.0,0.0,0.0,0.0,0.0,0.0,0.0,0.0,0.0,0.0,0.0,0.0,0.0,0.0013489425,0.016972058,0.01369863,0.0,0.0,1.0,1.0,0.03,0.07,0.0,0.76970315,1.0,1.0,0.09162337,0.0,0.0021411777,0.0,0.0,0.079019606,0.0
0.0,0.0,0.029411765,0.2,0.0,0.0,0.0,0.0,0.0,0.0,0.0,0.0,0.0,0.0,0.0,0.0,0.0,0.0,0.0,0.0,0.0,0.0053058267,0.016657852,0.039138943,0.0,0.0,1.0,1.0,0.09,0.06,0.0,0.7761133,1.0,1.0,0.09358228,0.0,0.002276659,0.0,0.0,0.08002281,0.0
0.0,0.0,0.14705883,0.1,0.0,0.0,1.0,0.0,0.0,0.052318662,0.0,0.0,0.0,0.0,0.0,0.0,0.0011544302,0.020258754,0.0,0.0,0.0,0.066615194,0.018989414,0.0058708414,1.0,1.0,0.0,0.0,1.0,0.0,1.0,0.8842094,1.0,1.0,0.12006795,0.0,0.00015635788,0.0,0.0,0.10566372,0.0
1.7326518e-05,0.0,0.22058824,0.0,4.1368454e-05,0.00021769383,0.0,0.0,0.0,0.0,0.0,0.0,0.0,0.0,0.0,0.0,0.0,0.0,0.0,0.0,0.0,0.0,0.013150819,0.0039138943,0.0,0.0,0.0,0.0,1.0,0.0,0.0,0.75337946,1.0,1.0,0.09000618,0.0,0.007550046,0.0,0.0,0.072980374,0.0
0.0,0.0,0.04411765,0.1,0.0,0.0,0.0,0.0,0.0,0.056324005,0.0,0.0,0.0,0.0,0.0,0.0,0.0027298704,0.026389182,0.0,0.0,0.0,0.072306246,0.015006602,0.13111547,1.0,1.0,0.0,0.0,1.0,0.0,0.0,0.8893864,1.0,1.0,0.12454035,0.0,0.0027091801,0.0,0.0,0.10307351,0.0
0.0,0.0,0.029411765,0.2,0.0,0.0,0.0,0.0,0.0,0.0,0.0,0.0,0.0,0.0,0.0,0.0,0.0,0.0,0.0,0.0,0.0,0.0,0.017223008,0.011741683,0.0,0.0,1.0,1.0,0.05,0.06,0.0,0.7628368,1.0,1.0,0.08946901,0.0,0.0028731525,0.0,0.0,0.07657963,0.0
0.0,0.0,0.14705883,0.5,0.0,0.0,0.0,0.0,0.0,0.0,0.0,0.0,0.0,0.0,0.0,0.0,0.0,0.0,0.0,0.0,0.0,0.0,0.01718527,0.0039138943,0.0,0.0,1.0,1.0,0.01,0.07,0.0,0.765144,1.0,1.0,0.09018346,0.0,0.002388522,0.0,0.0,0.07779288,0.0
0.0,0.0,0.029411765,0.1,0.0,0.0,0.0,0.0,0.0,0.0,0.0,0.0,0.0,0.0,0.0,0.0,0.0,0.0,0.0,0.0,0.0,0.0,0.023441061,0.0019569471,1.0,1.0,0.0,0.0,0.0,0.07,0.0,0.77152383,1.0,1.0,0.08678969,0.0,0.0,0.0,0.0,0.08813822,0.0
0.016165642,0.0,0.04411765,0.3,0.00013249366,0.0,0.0,0.0,0.0,0.012199491,0.0,0.0,0.0,0.0,0.0,0.0,0.00017368793,0.0,0.0,0.0,0.0,0.030164003,0.009945527,0.13502936,0.01,0.01,0.97,0.97,1.0,0.0,0.0,0.8037039,1.0,1.0,0.10626864,0.0,0.009443358,0.0,0.0,0.07375294,0.0
0.014103786,0.0,0.04411765,0.3,0.00094585575,0.0,0.0,0.0,0.0,0.036484897,0.0,0.0,0.0,0.0,0.0,0.0,0.002849944,0.016896993,0.0,0.0,0.0,0.057178736,0.00925602,0.12524462,0.03,0.03,0.97,0.97,1.0,0.0,0.0,0.8503814,1.0,1.0,0.11921012,0.0,0.009167224,0.0,0.0,0.082406014,0.0
0.0,0.0,0.029411765,0.1,0.0,0.0,0.0,0.0,0.0,0.0,0.0,0.0,0.0,0.0,0.0,0.0,0.0,0.0,0.0,0.0,0.0,0.0,0.023278393,0.031311154,1.0,1.0,0.0,0.0,0.1,0.09,0.0,0.77944005,1.0,1.0,0.08892878,0.0,0.0,0.0,0.0,0.08948657,0.0
0.0,0.0,0.04411765,0.1,0.0,0.0,0.0,0.0,0.0,0.056765527,0.0,0.0,0.0,0.0,0.0,0.0,0.0027265698,0.026486099,0.0,0.0,0.0,0.0725573,0.015177317,0.1409002,1.0,1.0,0.0,0.0,1.0,0.0,0.0,0.89022577,1.0,1.0,0.124618255,0.0,0.0024914294,0.0,0.0,0.10370535,0.0
0.0,0.0,0.14705883,0.1,0.0,0.0,0.0,0.0,0.0,0.003224671,0.0,0.0,0.0,0.0,0.0,0.0,0.0,0.0,0.0,0.0,0.0,0.0064514577,0.02281946,0.02739726,1.0,1.0,0.0,0.0,0.26,0.07,0.0,0.79082775,1.0,1.0,0.09211018,0.0,0.0,0.0,0.0,0.090728104,0.0
0.0,0.0,0.61764705,0.1,0.0,0.0,0.0,0.0,0.0,0.0,0.0,0.0,0.0,0.0,0.0,0.0,0.0,0.0,0.0,0.0,0.0,0.0,0.023486309,0.0332681,1.0,1.0,0.0,0.0,0.15,0.08,0.0,0.7756249,1.0,1.0,0.08765524,0.0,0.0,0.0,0.0,0.08819005,0.0
0.0,0.0,0.029411765,0.2,0.0,0.0,0.0,0.0,0.0,0.0,0.0,0.0,0.0,0.0,0.0,0.0,0.0,0.0,0.0,0.0,0.0,0.0,0.01717157,0.015655577,0.0,0.0,1.0,1.0,0.06,0.06,0.0,0.76307213,1.0,1.0,0.08957752,0.0,0.0029278845,0.0,0.0,0.076461494,0.0
0.0,0.0,0.029411765,0.1,0.0,0.0,0.0,0.0,0.0,0.0,0.0,0.0,0.0,0.0,0.0,0.0,0.0,0.0,0.0,0.0,0.0,0.0,0.023140848,0.0332681,1.0,1.0,0.0,0.0,0.08,0.06,0.0,0.78091514,1.0,1.0,0.089504175,0.0,0.0,0.0,0.0,0.090001196,0.0
0.0,0.0,0.3970588,0.2,0.0,0.0,0.0,0.0,0.0,0.0,0.0,0.0,0.0,0.0,0.0,0.0,0.0,0.0,0.0,0.0,0.0,0.0036697388,0.016809799,0.02739726,0.0,0.0,1.0,1.0,0.06,0.06,0.0,0.77353406,1.0,1.0,0.09277206,0.0,0.0021663755,0.0,0.0,0.07980049,0.0
0.0,0.0,0.04411765,0.1,0.0,0.0,0.0,0.0,0.0,0.058478028,0.0,0.0,0.0,0.0,0.0,0.0,0.0022824854,0.024810016,0.0,0.0,0.0,0.07153219,0.017441519,0.23679061,1.0,1.0,0.0,0.0,1.0,0.0,0.0,0.8935697,1.0,1.0,0.123585664,0.0,0.0,0.0,0.0,0.10988322,0.0
0.0,0.0,0.6911765,0.2,0.0,0.0,0.0,0.0,0.0,0.0,0.0,0.0,0.0,0.0,0.0,0.0,0.0,0.0,0.0,0.0,0.0,0.0,0.017203115,0.01369863,0.0,0.0,1.0,1.0,0.06,0.06,0.0,0.7636198,1.0,1.0,0.0896839,0.0,0.0029326528,0.0,0.0,0.07661447,0.0
0.0,0.0,0.13235295,0.8,0.0,3.2691223e-05,0.0,0.0,0.0,0.0150844455,0.0,0.0,0.0,0.0,0.0,0.0,0.0,0.0,0.0,0.0,0.0,0.021573246,0.018994816,0.0019569471,1.0,1.0,0.0,0.0,1.0,0.0,0.0,0.8105594,1.0,1.0,0.100435786,0.0,0.0,0.0,0.0,0.09372479,0.0
0.015628519,0.0,0.04411765,0.3,6.277691e-05,0.0,0.0,0.0,0.0,0.008124709,0.0,0.0,0.0,0.0,0.0,0.0,0.0,0.0,0.0,0.0,0.0,0.02567318,0.010088779,0.113502935,0.02,0.02,0.97,0.97,1.0,0.0,0.0,0.7959442,1.0,1.0,0.10408642,0.0,0.009520784,0.0,0.0,0.07220137,0.0
0.0,1.0,0.36764705,0.0,1.6426413e-05,0.0,0.0,0.0,0.0,0.007904947,0.0,0.0,0.0,0.0,0.0,0.0,0.0,0.0,0.0,0.0,0.0,0.01911351,0.015106037,0.93933463,0.0,0.0,0.0,0.0,1.0,0.0,0.0,0.7937503,1.0,1.0,0.09973522,0.0,0.002686724,0.0,0.0,0.08924717,0.0
0.0,0.0,0.073529415,0.2,0.0,0.0,0.0,0.0,0.0,0.0,0.0,0.0,0.0,0.0,0.0,0.0,0.0,0.0,0.0,0.0,0.0,0.0033263564,0.016819619,0.029354207,0.0,0.0,1.0,1.0,0.07,0.07,0.0,0.77269256,1.0,1.0,0.092517816,0.0,0.0023549348,0.0,0.0,0.07926425,0.0
0.0,0.0,0.029411765,0.2,0.0,0.0,0.0,0.0,0.0,0.0,0.0,0.0,0.0,0.0,0.0,0.0,0.0,0.0,0.0,0.0,0.0,0.0,0.017133132,0.023483366,0.0,0.0,1.0,1.0,0.11,0.07,0.0,0.76404047,1.0,1.0,0.08982565,0.0,0.003187865,0.0,0.0,0.0762361,0.0
1.7326518e-05,0.0,0.22058824,0.0,4.1368454e-05,0.00021769383,0.0,0.0,0.0,0.0,0.0,0.0,0.0,0.0,0.0,0.0,0.0,0.0,0.0,0.0,0.0,0.0029884279,0.012158684,0.0058708414,0.0,0.0,0.0,0.0,1.0,0.0,0.0,0.7574668,1.0,1.0,0.0918444,0.0,0.008838996,0.0,0.0,0.071519256,0.0
0.0,0.0,0.04411765,0.3,0.00051125616,0.0021695085,0.0,0.0,0.0,0.0,0.0,0.0,0.0,0.0,0.0,0.0,0.0,0.0,0.0,0.0,0.0,0.009297997,0.010642007,0.0039138943,0.0,0.0,1.0,1.0,1.0,0.0,0.0,0.76768386,1.0,1.0,0.096107654,0.0,0.009808868,0.0,0.0,0.06649777,0.0
0.015524561,0.0,0.04411765,0.3,0.0008872809,0.0,0.0,0.0,0.0,0.053660125,0.0,0.0,0.0,0.0,0.0,0.0029928237,0.0047052577,0.031841338,0.0,0.0,0.0,0.076447725,0.008819059,0.06066536,0.16,0.16,0.84,0.84,1.0,0.0,0.0,0.88365126,1.0,1.0,0.12837797,0.0,0.00909245,0.0,0.0,0.08803478,0.0
0.0,0.0,0.029411765,0.1,0.0,0.0,0.0,0.0,0.0,0.0,0.0,0.0,0.0,0.0,0.0,0.0,0.0,0.0,0.0,0.0,0.0,0.0,0.023728266,0.0039138943,1.0,1.0,0.0,0.0,0.05,0.2,0.0,0.7744626,1.0,1.0,0.0870853,0.0,0.0,0.0,0.0,0.088035375,0.0
0.0,1.0,0.36764705,0.0,1.6426413e-05,0.0,0.0,0.0,0.0,0.0,0.0,0.0,0.0,0.0,0.0,0.0,0.0,0.0,0.0,0.0,0.0,0.012322575,0.014326759,0.22504893,0.0,0.0,0.0,0.0,1.0,0.0,0.0,0.77842474,1.0,1.0,0.09621037,0.0,0.004682839,0.0,0.0,0.083176434,0.0
0.0,0.0,0.13235295,0.8,0.0,3.2691223e-05,0.0,0.0,0.0,0.026908278,0.0,0.0,0.0,0.0,0.0,0.0,0.0,0.0,0.0,0.0,0.0,0.035034478,0.019070797,0.0019569471,1.0,1.0,0.0,0.0,1.0,0.0,0.0,0.8335539,1.0,1.0,0.10637062,0.0,0.0,0.0,0.0,0.09851408,0.0
0.0,0.0,0.029411765,0.2,0.0,0.0,0.0,0.0,0.0,0.0,0.0,0.0,0.0,0.0,0.0,0.0,0.0,0.0,0.0,0.0,0.0,0.0041071475,0.016744748,0.029354207,0.0,0.0,1.0,1.0,0.06,0.06,0.0,0.7743528,1.0,1.0,0.093065195,0.0,0.0021083206,0.0,0.0,0.079947025,0.0
0.0,0.0,0.13235295,0.8,0.0,3.2691223e-05,0.0,0.0,0.0,0.0,0.0,0.0,0.0,0.0,0.0,0.0,0.0,0.0,0.0,0.0,0.0,0.0,0.020344377,0.0019569471,1.0,1.0,0.0,0.0,1.0,0.0,0.0,0.72970796,1.0,1.0,0.077551804,0.0,0.0021826476,0.0,0.0,0.07642257,0.0
0.0,1.0,0.36764705,0.0,1.6426413e-05,0.0,0.0,0.0,0.0,0.0,0.0,0.0,0.0,0.0,0.0,0.0,0.0,0.0,0.0,0.0,0.0,0.010841459,0.013986409,0.025440313,0.0,0.0,0.0,0.0,1.0,0.0,0.0,0.7752029,1.0,1.0,0.09566345,0.0,0.005117148,0.0,0.0,0.08127162,0.0
0.0,0.0,0.029411765,0.1,0.0,0.0,0.0,0.0,0.0,0.0,0.0,0.0,0.0,0.0,0.0,0.0,0.0,0.0,0.0,0.0,0.0,0.0,0.023233406,0.03522505,1.0,1.0,0.0,0.0,0.11,0.1,0.0,0.7808224,1.0,1.0,0.089332245,0.0,0.0,0.0,0.0,0.08976954,0.0
0.0,0.0,0.029411765,0.2,0.0,0.0,0.0,0.0,0.0,0.0,0.0,0.0,0.0,0.0,0.0,0.0,0.0,0.0,0.0,0.0,0.0,0.0017135143,0.016941518,0.0332681,0.0,0.0,1.0,1.0,0.12,0.07,0.0,0.76908576,1.0,1.0,0.09135937,0.0,0.0029804856,0.0,0.0,0.07756588,0.0
0.0,0.0,0.029411765,0.1,0.0,0.0,0.0,0.0,0.0,0.0,0.0,0.0,0.0,0.0,0.0,0.0,0.0,0.0,0.0,0.0,0.0,0.0,0.023478627,0.0332681,1.0,1.0,0.0,0.0,0.14,0.07,0.0,0.77512705,1.0,1.0,0.08754233,0.0,0.0,0.0,0.0,0.088106036,0.0
0.0,0.0,0.13235295,0.8,0.0,3.2691223e-05,0.0,0.0,0.0,0.0,0.0,0.0,0.0,0.0,0.0,0.0,0.0,0.0,0.0,0.0,0.0,0.0,0.020880237,0.0019569471,1.0,1.0,0.0,0.0,1.0,0.0,0.0,0.71385753,1.0,1.0,0.07269197,0.0,0.0031050146,0.0,0.0,0.07266849,0.0
0.0,0.0,0.029411765,0.2,0.0,0.0,0.0,0.0,0.0,0.0,0.0,0.0,0.0,0.0,0.0,0.0,0.0,0.0,0.0,0.0,0.0,0.0,0.017283097,0.011741683,0.0,0.0,1.0,1.0,0.06,0.08,0.0,0.76246905,1.0,1.0,0.08928128,0.0,0.0030400753,0.0,0.0,0.07633147,0.0
0.0,0.0,0.029411765,0.1,0.0,0.0,0.0,0.0,0.0,0.0,0.0,0.0,0.0,0.0,0.0,0.0,0.0,0.0,0.0,0.0,0.0,0.0,0.023674354,0.0058708414,1.0,1.0,0.0,0.0,0.03,0.08,0.0,0.77093613,1.0,1.0,0.08627703,0.0,0.0,0.0,0.0,0.08742499,0.0
0.0,0.0,0.13235295,0.8,0.0,3.2691223e-05,0.0,0.0,0.0,0.0027427375,0.0,0.0,0.0,0.0,0.0,0.0,0.0,0.0,0.0,0.0,0.0,0.008091569,0.018331818,0.0019569471,1.0,1.0,0.0,0.0,1.0,0.0,0.0,0.78614926,1.0,1.0,0.09462214,0.0,0.0,0.0,0.0,0.08832377,0.0
0.0,1.0,0.36764705,0.0,8.276875e-06,0.0,0.0,0.0,0.0,0.003019154,0.0,0.0,0.0,0.0,0.0,0.0,0.0,0.0,0.0,0.0,0.0,0.015250504,0.014699623,0.52837574,0.0,0.0,0.0,0.0,1.0,0.0,0.0,0.78448474,1.0,1.0,0.097483836,0.0,0.0040297657,0.0,0.0,0.086123586,0.0
0.0,0.0,0.029411765,0.2,0.0,0.0,0.0,0.0,0.0,0.0,0.0,0.0,0.0,0.0,0.0,0.0,0.0,0.0,0.0,0.0,0.0,0.0,0.017254911,0.011741683,0.0,0.0,1.0,1.0,0.05,0.07,0.0,0.7611649,1.0,1.0,0.08898424,0.0,0.0030093193,0.0,0.0,0.07598889,0.0
0.0,0.0,0.13235295,0.8,0.0,3.2691223e-05,0.0,0.0,0.0,0.0071303546,0.0,0.0,0.0,0.0,0.0,0.0,0.0,0.0,0.0,0.0,0.0,0.012768328,0.01854577,0.0019569471,1.0,1.0,0.0,0.0,1.0,0.0,0.0,0.79477704,1.0,1.0,0.096708946,0.0,0.0,0.0,0.0,0.09027678,0.0
0.0,0.0,0.0882353,0.1,0.0,0.0,0.0,0.0,0.0,0.0,0.0,0.0,0.0,0.0,0.0,0.0,0.0,0.0,0.0,0.0,0.0,0.0,0.023170702,0.015655577,1.0,1.0,0.0,0.0,0.03,0.06,0.0,0.776863,1.0,1.0,0.088496186,0.0,0.0,0.0,0.0,0.08950463,0.0
0.0,0.0,0.029411765,0.2,0.0,0.0,0.0,0.0,0.0,0.0,0.0,0.0,0.0,0.0,0.0,0.0,0.0,0.0,0.0,0.0,0.0,0.0022812188,0.016839959,0.019569471,0.0,0.0,1.0,1.0,0.04,0.06,0.0,0.7714422,1.0,1.0,0.09223547,0.0,0.0019986182,0.0,0.0,0.07949522,0.0
0.0,0.0,0.029411765,0.2,0.0,0.0,0.0,0.0,0.0,0.0,0.0,0.0,0.0,0.0,0.0,0.0,0.0,0.0,0.0,0.0,0.0,0.0013895631,0.016987145,0.017612524,0.0,0.0,1.0,1.0,0.04,0.06,0.0,0.7694284,1.0,1.0,0.09149716,0.0,0.0023838878,0.0,0.0,0.078594804,0.0
0.12547864,0.0,0.13235295,0.0,0.0,3.2691223e-05,0.0,0.0,0.0,0.0142659545,0.0,0.0,0.0,0.0,0.0,0.0,0.0,0.0,0.0,0.0,0.0,0.02411443,0.018211268,0.0019569471,0.0,0.0,0.0,0.0,1.0,0.0,0.0,0.8087537,1.0,1.0,0.10024723,0.0,0.0018810481,0.0,0.0,0.09288749,0.0
0.0,0.0,0.3382353,0.2,0.0,0.0,0.0,0.0,0.0,0.0,0.0,0.0,0.0,0.0,0.0,0.0,0.0,0.0,0.0,0.0,0.0,0.0031296313,0.016819552,0.025440313,0.0,0.0,1.0,1.0,0.05,0.07,0.0,0.7726352,1.0,1.0,0.092534505,0.0,0.0021616071,0.0,0.0,0.0795525,0.0
0.0,0.0,0.029411765,0.2,0.0,0.0,0.0,0.0,0.0,0.0,0.0,0.0,0.0,0.0,0.0,0.0,0.0,0.0,0.0,0.0,0.0,0.0019708574,0.016859993,0.021526419,0.0,0.0,1.0,1.0,0.04,0.06,0.0,0.7707163,1.0,1.0,0.092003845,0.0,0.0021325052,0.0,0.0,0.079172075,0.0
0.0,0.0,0.5294118,0.2,0.0,0.0,0.0,0.0,0.0,0.0,0.0,0.0,0.0,0.0,0.0,0.0,0.0,0.0,0.0,0.0,0.0,6.368756e-05,0.017119117,0.0039138943,0.0,0.0,1.0,1.0,0.01,0.07,0.0,0.7675749,1.0,1.0,0.09091853,0.0,0.0021396577,0.0,0.0,0.078695655,0.0
0.12961969,0.0,0.13235295,0.0,0.0,3.2691223e-05,0.0,0.0,0.0,0.0,0.0,0.0,0.0,0.0,0.0,0.0,0.0,0.0,0.0,0.0,0.0,0.0,0.018031485,0.0019569471,0.0,0.0,0.0,0.0,1.0,0.0,0.0,0.7629217,1.0,1.0,0.08823418,0.0,0.0034455806,0.0,0.0,0.081933975,0.0
0.0,1.0,0.36764705,0.0,1.6426413e-05,0.0,0.0,0.0,0.0,0.0035063624,0.0,0.0,0.0,0.0,0.0,0.0,0.0,0.0,0.0,0.0,0.0,0.015684962,0.014754944,0.57338554,0.0,0.0,0.0,0.0,1.0,0.0,0.0,0.78538394,1.0,1.0,0.09767278,0.0,0.0039328635,0.0,0.0,0.086560845,0.0
0.0,0.0,0.04411765,0.1,0.0,0.0,0.0,0.0,0.0,0.019618273,0.0,0.0,0.0,0.0,0.0,0.0,0.0,0.0008248091,0.0,0.0,0.0,0.035250485,0.01319132,0.0704501,0.08,0.08,0.92,0.92,1.0,0.0,0.0,0.8194972,1.0,1.0,0.10765039,0.0,0.0064361542,0.0,0.0,0.08122146,0.0
0.0,0.0,0.029411765,0.2,0.0,0.0,0.0,0.0,0.0,0.0,0.0,0.0,0.0,0.0,0.0,0.0,0.0,0.0,0.0,0.0,0.0,0.0,0.017094627,0.023483366,0.0,0.0,1.0,1.0,0.1,0.06,0.0,0.76489425,1.0,1.0,0.090107195,0.0,0.0030609518,0.0,0.0,0.07658729,0.0
0.0,0.0,0.029411765,0.2,0.0,0.0,0.0,0.0,0.0,0.0,0.0,0.0,0.0,0.0,0.0,0.0,0.0,0.0,0.0,0.0,0.0,0.0016632378,0.016932093,0.015655577,0.0,0.0,1.0,1.0,0.03,0.06,0.0,0.7703055,1.0,1.0,0.091829784,0.0,0.0020777732,0.0,0.0,0.07924268,0.0
0.0,0.0,0.029411765,0.1,0.0,0.0,0.0,0.0,0.0,0.0,0.0,0.0,0.0,0.0,0.0,0.0,0.0,0.0,0.0,0.0,0.0,0.0,0.02324991,0.029354207,1.0,1.0,0.0,0.0,0.08,0.08,0.0,0.77926564,1.0,1.0,0.08893641,0.0,0.0,0.0,0.0,0.089526564,0.0
0.0,0.0,0.029411765,0.1,0.0,0.0,0.0,0.0,0.0,0.0,0.0,0.0,0.0,0.0,0.0,0.0,0.0,0.0,0.0,0.0,0.0,0.0,0.023103721,0.021526419,1.0,1.0,0.0,0.0,0.04,0.06,0.0,0.77910423,1.0,1.0,0.08914002,0.0,0.0,0.0,0.0,0.08999428,0.0
0.0,0.0,0.029411765,0.2,0.0,0.0,0.0,0.0,0.0,0.0,0.0,0.0,0.0,0.0,0.0,0.0,0.0,0.0,0.0,0.0,0.0,0.005284667,0.017144442,0.0332681,0.03,0.06,0.97,0.94,0.07,0.07,0.0,0.7773224,1.0,1.0,0.0935046,0.0,0.0015972704,0.0,0.0,0.081691206,0.0
0.0,0.0,0.5,0.1,0.0,0.0,0.0,0.0,0.0,0.0,0.0,0.0,0.0,0.0,0.0,0.0,0.0,0.0,0.0,0.0,0.0,0.0,0.023549922,0.007827789,1.0,1.0,0.0,0.0,0.02,0.08,0.0,0.77163136,1.0,1.0,0.0866374,0.0,0.0,0.0,0.0,0.08775398,0.0
0.0,0.0,0.6617647,0.5,0.0,0.0,0.0,0.0,0.0,0.0,0.0,0.0,0.0,0.0,0.0,0.0,0.0,0.0,0.0,0.0,0.0,0.0023082495,0.016879454,0.021526419,0.0,0.0,1.0,1.0,0.05,0.07,0.0,0.7712499,1.0,1.0,0.09211325,0.0,0.0021654963,0.0,0.0,0.07929453,0.0
0.0,0.0,0.029411765,0.2,0.0,0.0,0.0,0.0,0.0,0.0,0.0,0.0,0.0,0.0,0.0,0.0,0.0,0.0,0.0,0.0,0.0,0.0047528446,0.01675354,0.0332681,0.0,0.0,1.0,1.0,0.08,0.07,0.0,0.7751807,1.0,1.0,0.09323617,0.0,0.0022994578,0.0,0.0,0.07987887,0.0
0.0,0.0,0.32352942,0.5,0.0,0.0,0.0,0.0,0.0,0.0,0.0,0.0,0.0,0.0,0.0,0.0,0.0,0.0,0.0,0.0,0.0,0.0025076568,0.016931698,0.017612524,0.0,0.0,1.0,1.0,0.04,0.08,0.0,0.7716222,1.0,1.0,0.09215405,0.0,0.0021701902,0.0,0.0,0.07940006,0.0
0.0,0.0,0.47058824,0.2,0.0,0.0,0.0,0.0,0.0,0.0,0.0,0.0,0.0,0.0,0.0,0.0,0.0,0.0,0.0,0.0,0.0,0.0015943348,0.016948543,0.01369863,0.0,0.0,1.0,1.0,0.03,0.06,0.0,0.7702249,1.0,1.0,0.09179542,0.0,0.0020636767,0.0,0.0,0.07923421,0.0
0.0,0.0,0.13235295,0.1,0.0,0.0,0.0,0.0,0.0,0.06162712,0.0,0.0,0.0,0.0,0.0,0.0,0.0029918328,0.026925951,0.0,0.0,0.0,0.072232455,0.019435503,0.28767124,1.0,1.0,0.0,0.0,1.0,0.0,0.0,0.90057933,1.0,1.0,0.12387588,0.0,0.0,0.0,0.0,0.113524884,0.0
0.0,0.0,0.029411765,0.2,0.0,0.0,0.0,0.0,0.0,0.0,0.0,0.0,0.0,0.0,0.0,0.0,0.0,0.0,0.0,0.0,0.0,0.0,0.019470736,0.011741683,0.0,0.0,1.0,1.0,0.06,0.07,0.0,0.7333747,1.0,1.0,0.079507835,0.0,0.0030793995,0.0,0.0,0.07135469,0.0
0.0,0.0,0.029411765,0.1,0.0,0.0,0.0,0.0,0.0,0.0,0.0,0.0,0.0,0.0,0.0,0.0,0.0,0.0,0.0,0.0,0.0,0.0,0.023395993,0.0058708414,1.0,1.0,0.0,0.0,0.01,0.06,0.0,0.77290595,1.0,1.0,0.087193154,0.0,0.0,0.0,0.0,0.08842111,0.0
0.0,0.0,0.029411765,0.2,0.0,0.0,0.0,0.0,0.0,0.0,0.0,0.0,0.0,0.0,0.0,0.0,0.0,0.0,0.0,0.0,0.0,0.0003363788,0.01704555,0.023483366,0.0,0.0,1.0,1.0,0.08,0.06,0.0,0.7669457,1.0,1.0,0.09071716,0.0,0.0028684586,0.0,0.0,0.077334076,0.0
1.7326518e-05,0.0,0.22058824,0.0,4.1368454e-05,0.00021769383,0.0,0.0,0.0,0.0,0.0,0.0,0.0,0.0,0.0,0.0,0.0,0.0,0.0,0.0,0.0,0.0,0.013711765,0.0058708414,0.0,0.0,0.0,0.0,1.0,0.0,0.0,0.75144386,1.0,1.0,0.089081906,0.0,0.0069280714,0.0,0.0,0.07275084,0.0
1.7326518e-05,0.0,0.22058824,0.0,4.1368454e-05,0.00021769383,0.0,0.0,0.0,0.0,0.0,0.0,0.0,0.0,0.0,0.0,0.0,0.0,0.0,0.0,0.0,0.0,0.01331646,0.0039138943,0.0,0.0,0.0,0.0,1.0,0.0,0.0,0.7538425,1.0,1.0,0.09000435,0.0,0.007327512,0.0,0.0,0.073336005,0.0
0.0,1.0,0.36764705,0.0,1.6426413e-05,0.0,0.0,0.0,0.0,0.007834077,0.0,0.0,0.0,0.0,0.0,0.0,0.0,0.0,0.0,0.0,0.0,0.019058645,0.015100472,0.9334638,0.0,0.0,0.0,0.0,1.0,0.0,0.0,0.79361534,1.0,1.0,0.099701725,0.0,0.0027070493,0.0,0.0,0.08920476,0.0
0.0,0.0,0.04411765,0.1,0.0,0.0,0.0,0.0,0.0,0.05637443,0.0,0.0,0.0,0.0,0.0,0.0,0.0023460537,0.024526715,0.0,0.0,0.0,0.0707984,0.016208395,0.19960861,1.0,1.0,0.0,0.0,1.0,0.0,0.0,0.8893858,1.0,1.0,0.12351649,0.0,0.0013223588,0.0,0.0,0.106309295,0.0
0.0,0.0,0.29411766,0.2,0.0,0.0,0.0,0.0,0.0,0.0,0.0,0.0,0.0,0.0,0.0,0.0,0.0,0.0,0.0,0.0,0.0,0.0029897094,0.01706659,0.017612524,0.01,0.0,0.99,1.0,0.04,0.08,0.0,0.7728261,1.0,1.0,0.09236621,0.0,0.0019767284,0.0,0.0,0.07994568,0.0
0.0,0.0,0.029411765,0.2,0.0,0.0,0.0,0.0,0.0,0.0,0.0,0.0,0.0,0.0,0.0,0.0,0.0,0.0,0.0,0.0,0.0,0.0,0.01723589,0.015655577,0.0,0.0,1.0,1.0,0.08,0.08,0.0,0.7626095,1.0,1.0,0.089358486,0.0,0.003108874,0.0,0.0,0.07617432,0.0
0.12807763,0.0,0.13235295,0.0,0.0,3.2691223e-05,0.0,0.0,0.0,0.0,0.0,0.0,0.0,0.0,0.0,0.0,0.0,0.0,0.0,0.0,0.0,0.0024576783,0.017749049,0.0019569471,0.0,0.0,0.0,0.0,1.0,0.0,0.0,0.7684518,1.0,1.0,0.08994173,0.0,0.0036291778,0.0,0.0,0.082258075,0.0
0.0,0.0,0.029411765,0.2,0.0,0.0,0.0,0.0,0.0,0.0,0.0,0.0,0.0,0.0,0.0,0.0,0.0,0.0,0.0,0.0,0.0,0.0057046115,0.016567752,0.039138943,0.0,0.0,1.0,1.0,0.07,0.06,0.0,0.77714515,1.0,1.0,0.09398904,0.0,0.0020111352,0.0,0.0,0.080544084,0.0
0.0,0.0,0.04411765,0.2,0.0,0.0,0.0,0.0,0.0,0.0,0.0,0.0,0.0,0.0,0.0,0.0,0.0,0.0,0.0,0.0,0.0,0.005392343,0.016597703,0.039138943,0.0,0.0,1.0,1.0,0.08,0.06,0.0,0.77648103,1.0,1.0,0.09377008,0.0,0.0021098405,0.0,0.0,0.080271006,0.0
0.0,0.0,0.75,0.5,0.0,0.0,0.0,0.0,0.0,0.0,0.0,0.0,0.0,0.0,0.0,0.0,0.0,0.0,0.0,0.0,0.0,0.0,0.017279312,0.007827789,0.0,0.0,1.0,1.0,0.03,0.07,0.0,0.76215374,1.0,1.0,0.08922834,0.0,0.0029224157,0.0,0.0,0.076348126,0.0
0.0,0.0,0.7205882,0.1,0.0,0.0,0.0,0.0,0.0,0.0,0.0,0.0,0.0,0.0,0.0,0.0,0.0,0.0,0.0,0.0,0.0,0.0,0.023595318,0.023483366,1.0,1.0,0.0,0.0,0.11,0.06,0.0,0.7720417,1.0,1.0,0.0866225,0.0,0.0,0.0,0.0,0.08743206,0.0
0.1424933,0.0,0.13235295,0.0,0.0,1.1144735e-05,0.0,0.0,0.0,0.0,0.0,0.0,0.0,0.0,0.0,0.0,0.0,0.0,0.0,0.0,0.0,0.0,0.037056975,0.0019569471,0.0,0.0,0.0,0.0,1.0,0.0,0.0,0.6268684,0.9067878,1.0,0.03192602,0.0,0.00968346,0.0,0.0,0.060399055,0.0
0.0,0.0,0.029411765,0.2,0.0,0.0,0.0,0.0,0.0,0.0,0.0,0.0,0.0,0.0,0.0,0.0,0.0,0.0,0.0,0.0,0.0,0.0009892881,0.016954757,0.01369863,0.0,0.0,1.0,1.0,0.03,0.06,0.0,0.7691221,1.0,1.0,0.09149832,0.0,0.0021152347,0.0,0.0,0.07887754,0.0
0.0,0.0,0.029411765,0.2,0.0,0.0,0.0,0.0,0.0,0.0,0.0,0.0,0.0,0.0,0.0,0.0,0.0,0.0,0.0,0.0,0.0,0.0011481941,0.016991377,0.01369863,0.0,0.0,1.0,1.0,0.03,0.07,0.0,0.76927626,1.0,1.0,0.09148263,0.0,0.0022045523,0.0,0.0,0.07884401,0.0
0.0,0.0,0.47058824,0.2,0.0,0.0,0.0,0.0,0.0,0.0,0.0,0.0,0.0,0.0,0.0,0.0,0.0,0.0,0.0,0.0,0.0,0.004103273,0.016764075,0.0332681,0.0,0.0,1.0,1.0,0.08,0.06,0.0,0.77398324,1.0,1.0,0.092907764,0.0,0.002365157,0.0,0.0,0.07948327,0.0
0.12942909,0.0,0.13235295,0.0,0.0,3.2691223e-05,0.0,0.0,0.0,0.0,0.0,0.0,0.0,0.0,0.0,0.0,0.0,0.0,0.0,0.0,0.0,0.0,0.018573895,0.0019569471,0.0,0.0,0.0,0.0,1.0,0.0,0.0,0.7369492,1.0,1.0,0.08088549,0.0,0.003668055,0.0,0.0,0.07665396,0.0
0.0,0.0,0.029411765,0.2,0.0,0.0,0.0,0.0,0.0,0.0,0.0,0.0,0.0,0.0,0.0,0.0,0.0,0.0,0.0,0.0,0.0,0.0,0.017326623,0.007827789,0.0,0.0,1.0,1.0,0.04,0.08,0.0,0.76207066,1.0,1.0,0.08913445,0.0,0.0030470192,0.0,0.0,0.076216966,0.0
0.0,0.0,0.04411765,0.1,0.0,0.0,0.0,0.0,0.0,0.057113975,0.0,0.0,0.0,0.0,0.0,0.0,0.0021296963,0.024484575,0.0,0.0,0.0,0.07108322,0.01676543,0.18786693,1.0,1.0,0.0,0.0,1.0,0.0,0.0,0.8909081,1.0,1.0,0.123421736,0.0,0.0008171499,0.0,0.0,0.10779506,0.0
0.0,1.0,0.36764705,0.0,1.6426413e-05,0.0,0.0,0.0,0.0,0.0058016777,0.0,0.0,0.0,0.0,0.0,0.0,0.0,0.0,0.0,0.0,0.0,0.017484069,0.014941156,0.76516634,0.0,0.0,0.0,0.0,1.0,0.0,0.0,0.78974485,1.0,1.0,0.09874184,0.0,0.0032900572,0.0,0.0,0.08798814,0.0
0.0,0.0,0.029411765,0.2,0.0,0.0,0.0,0.0,0.0,0.0,0.0,0.0,0.0,0.0,0.0,0.0,0.0,0.0,0.0,0.0,0.0,0.0034188926,0.01673022,0.02739726,0.0,0.0,1.0,1.0,0.05,0.06,0.0,0.7733681,1.0,1.0,0.09285041,0.0,0.0019665211,0.0,0.0,0.07992619,0.0
0.0,0.0,0.6911765,0.2,0.0,0.0,0.0,0.0,0.0,0.0,0.0,0.0,0.0,0.0,0.0,0.0,0.0,0.0,0.0,0.0,0.0,0.0,0.017208077,0.015655577,0.0,0.0,1.0,1.0,0.07,0.07,0.0,0.76322615,1.0,1.0,0.08956184,0.0,0.0030172616,0.0,0.0,0.07642791,0.0
0.0,1.0,0.36764705,0.0,1.6426413e-05,0.0,0.0,0.0,0.0,0.0072669387,0.0,0.0,0.0,0.0,0.0,0.0,0.0,0.0,0.0,0.0,0.0,0.01861924,0.015055969,0.8864971,0.0,0.0,0.0,0.0,1.0,0.0,0.0,0.7925352,1.0,1.0,0.09943389,0.0,0.0028697848,0.0,0.0,0.08886522,0.0
0.0,0.0,0.029411765,0.5,0.0,0.0,0.0,0.0,0.0,0.0,0.0,0.0,0.0,0.0,0.0,0.0,0.0,0.0,0.0,0.0,0.0,0.0,0.017146796,0.021526419,0.0,0.0,1.0,1.0,0.1,0.07,0.0,0.7643602,1.0,1.0,0.08990788,0.0,0.003076747,0.0,0.0,0.076557845,0.0
0.0,0.0,0.29411766,0.2,0.0,0.0,0.0,0.0,0.0,0.0,0.0,0.0,0.0,0.0,0.0,0.0,0.0,0.0,0.0,0.0,0.0,0.0,0.01716017,0.017612524,0.0,0.0,1.0,1.0,0.07,0.06,0.0,0.76366544,1.0,1.0,0.08972984,0.0,0.003015563,0.0,0.0,0.0764184,0.0
0.1318548,0.0,0.13235295,0.0,0.0,3.2691223e-05,0.0,0.0,0.0,0.0,0.0,0.0,0.0,0.0,0.0,0.0,0.0,0.0,0.0,0.0,0.0,0.0,0.019206338,0.0019569471,0.0,0.0,0.0,0.0,1.0,0.0,0.0,0.74962306,1.0,1.0,0.0837458,0.0,0.0025970787,0.0,0.0,0.080729574,0.0
0.0,0.0,0.029411765,0.2,0.0,0.0,0.0,0.0,0.0,0.0,0.0,0.0,0.0,0.0,0.0,0.0,0.0,0.0,0.0,0.0,0.0,0.0030946732,0.016818143,0.039138943,0.0,0.0,1.0,1.0,0.12,0.06,0.0,0.77159536,1.0,1.0,0.09215901,0.0,0.0028356612,0.0,0.0,0.078261554,0.0
0.12601577,0.0,0.13235295,0.0,0.0,3.2691223e-05,0.0,0.0,0.0,0.0,0.0,0.0,0.0,0.0,0.0,0.0,0.0,0.0,0.0,0.0,0.0,0.0,0.017798916,0.0019569471,0.0,0.0,0.0,0.0,1.0,0.0,0.0,0.7439239,1.0,1.0,0.083444886,0.0,0.00413844,0.0,0.0,0.07578659,0.0
0.0,0.0,0.23529412,0.2,0.0,0.0,0.0,0.0,0.0,0.0,0.0,0.0,0.0,0.0,0.0,0.0,0.0,0.0,0.0,0.0,0.0,0.003303349,0.01676087,0.023483366,0.0,0.0,1.0,1.0,0.04,0.06,0.0,0.7732544,1.0,1.0,0.09279742,0.0,0.0019312501,0.0,0.0,0.079928786,0.0
0.0,0.0,0.13235295,0.8,0.0,3.2691223e-05,0.0,0.0,0.0,0.020041913,0.0,0.0,0.0,0.0,0.0,0.0,0.0,0.0,0.0,0.0,0.0,0.027242124,0.018867865,0.0019569471,1.0,1.0,0.0,0.0,1.0,0.0,0.0,0.82007086,1.0,1.0,0.10303631,0.0,0.0,0.0,0.0,0.09562895,0.0
0.0,0.0,0.029411765,0.1,0.0,0.0,0.0,0.0,0.0,0.0,0.0,0.0,0.0,0.0,0.0,0.0,0.0,0.0,0.0,0.0,0.0,0.0,0.023405671,0.039138943,1.0,1.0,0.0,0.0,0.17,0.07,0.0,0.777449,1.0,1.0,0.08821537,0.0,0.0,0.0,0.0,0.088624805,0.0
0.0,0.0,0.029411765,0.2,0.0,0.0,0.0,0.0,0.0,0.0,0.0,0.0,0.0,0.0,0.0,0.0,0.0,0.0,0.0,0.0,0.0,0.004482478,0.016727678,0.0332681,0.0,0.0,1.0,1.0,0.07,0.07,0.0,0.7747896,1.0,1.0,0.093173675,0.0,0.0022453666,0.0,0.0,0.07981494,0.0
0.0,0.0,0.029411765,0.1,0.0,0.0,0.0,0.0,0.0,0.0,0.0,0.0,0.0,0.0,0.0,0.0,0.0,0.0,0.0,0.0,0.0,0.0,0.023532942,0.025440313,1.0,1.0,0.0,0.0,0.1,0.05,0.0,0.77284586,1.0,1.0,0.08691057,0.0,0.0,0.0,0.0,0.08771446,0.0
0.0,0.0,0.63235295,0.5,0.0,0.0,0.0,0.0,0.0,0.0,0.0,0.0,0.0,0.0,0.0,0.0,0.0,0.0,0.0,0.0,0.0,0.0,0.017269142,0.0058708414,0.0,0.0,1.0,1.0,0.02,0.06,0.0,0.7610743,1.0,1.0,0.08898225,0.0,0.0027947277,0.0,0.0,0.07628816,0.0
0.0,1.0,0.36764705,0.0,8.276875e-06,0.0,0.0,0.0,0.0,0.004903674,0.0,0.0,0.0,0.0,0.0,0.0,0.0,0.0,0.0,0.0,0.0,0.016788363,0.014870711,0.69080234,0.0,0.0,0.0,0.0,1.0,0.0,0.0,0.7880347,1.0,1.0,0.098317735,0.0,0.0035476983,0.0,0.0,0.08745062,0.0
0.0,1.0,0.36764705,0.0,1.6426413e-05,0.0,0.0,0.0,0.0,0.0,0.0,0.0,0.0,0.0,0.0,0.0,0.0,0.0,0.0,0.0,0.0,0.0,0.024619617,0.99804306,0.0,0.0,0.0,0.0,1.0,0.0,0.0,0.68608904,0.9832508,1.0,0.062172197,0.0,0.0029661506,0.0,0.0,0.065449804,0.0
0.0,1.0,0.36764705,0.0,1.6044403e-05,0.0,0.0,0.0,0.0,0.0,0.0,0.0,0.0,0.0,0.0,0.0,0.0,0.0,0.0,0.0,0.0,0.011755854,0.014254697,0.16634052,0.0,0.0,0.0,0.0,1.0,0.0,0.0,0.77725184,1.0,1.0,0.09596386,0.0,0.004809186,0.0,0.0,0.08260605,0.0
0.0,0.0,0.029411765,0.2,0.0,0.0,0.0,0.0,0.0,0.0,0.0,0.0,0.0,0.0,0.0,0.0,0.0,0.0,0.0,0.0,0.0,0.00087189674,0.016993552,0.031311154,0.0,0.0,1.0,1.0,0.13,0.07,0.0,0.76759124,1.0,1.0,0.09090983,0.0,0.0030267537,0.0,0.0,0.07723835,0.0
0.0,0.0,0.029411765,0.2,0.0,0.0,0.0,0.0,0.0,0.0,0.0,0.0,0.0,0.0,0.0,0.0,0.0,0.0,0.0,0.0,0.0,0.0020141304,0.01692725,0.017612524,0.0,0.0,1.0,1.0,0.04,0.07,0.0,0.77075636,1.0,1.0,0.09193509,0.0,0.0021865815,0.0,0.0,0.07914102,0.0
0.0,1.0,0.36764705,0.0,1.6426413e-05,0.0,0.0,0.0,0.0,0.0,0.0,0.0,0.0,0.0,0.0,0.0,0.0,0.0,0.0,0.0,0.0,0.010903984,0.014011644,0.037181996,0.0,0.0,0.0,0.0,1.0,0.0,0.0,0.7753501,1.0,1.0,0.09567957,0.0,0.005091369,0.0,0.0,0.08138177,0.0
0.0,0.0,0.029411765,0.1,0.0,0.0,0.0,0.0,0.0,0.0,0.0,0.0,0.0,0.0,0.0,0.0,0.0,0.0,0.0,0.0,0.0,0.0,0.02315583,0.01369863,1.0,1.0,0.0,0.0,0.02,0.06,0.0,0.7771058,1.0,1.0,0.088587485,0.0,0.0,0.0,0.0,0.08959958,0.0
0.0,1.0,0.36764705,0.0,1.6044403e-05,0.0,0.0,0.0,0.0,0.008424789,0.0,0.0,0.0,0.0,0.0,0.0,0.0,0.0,0.0,0.0,0.0,0.019516319,0.015146792,0.9823875,0.0,0.0,0.0,0.0,1.0,0.0,0.0,0.7947403,1.0,1.0,0.099980734,0.0,0.0025375932,0.0,0.0,0.08955833,0.0
0.0,0.0,0.029411765,0.1,0.0,0.0,0.0,0.0,0.0,0.0,0.0,0.0,0.0,0.0,0.0,0.0,0.0,0.0,0.0,0.0,0.0,0.0,0.023314953,0.01369863,1.0,1.0,0.0,0.0,0.03,0.07,0.0,0.77554965,1.0,1.0,0.08795621,0.0,0.0,0.0,0.0,0.08894339,0.0
0.0,0.0,0.23529412,0.1,0.0,0.0,0.0,0.0,0.0,0.0,0.0,0.0,0.0,0.0,0.0,0.0,0.0,0.0,0.0,0.0,0.0,0.0,0.023261987,0.009784736,1.0,1.0,0.0,0.0,0.02,0.06,0.0,0.7754965,1.0,1.0,0.08803425,0.0,0.0,0.0,0.0,0.08913946,0.0
0.0,0.0,0.029411765,0.2,0.0,0.0,0.0,0.0,0.0,0.0,0.0,0.0,0.0,0.0,0.0,0.0,0.0,0.0,0.0,0.0,0.0,0.0,0.01725924,0.011741683,0.0,0.0,1.0,1.0,0.05,0.07,0.0,0.7610699,1.0,1.0,0.08895289,0.0,0.0030234158,0.0,0.0,0.07594988,0.0
0.0,0.0,0.7647059,0.1,0.0,0.0,0.0,0.0,0.0,0.0,0.0,0.0,0.0,0.0,0.0,0.0,0.0,0.0,0.0,0.0,0.0,0.0,0.023473285,0.011741683,1.0,1.0,0.0,0.0,0.04,0.1,0.0,0.77379274,1.0,1.0,0.087278746,0.0,0.0,0.0,0.0,0.08832714,0.0
0.015611193,0.0,0.04411765,0.3,0.0009226168,0.0,0.0,0.0,0.0,0.023595363,0.0,0.0,0.0,0.0,0.0,0.0,0.001490891,0.006124556,0.0,0.0,0.0,0.0428873,0.009566121,0.1369863,0.0,0.0,1.0,1.0,1.0,0.0,0.0,0.8256227,1.0,1.0,0.11240097,0.0,0.009355292,0.0,0.0,0.07762569,0.0
0.0,0.0,0.45588234,0.2,0.0,0.0,0.0,0.0,0.0,0.0,0.0,0.0,0.0,0.0,0.0,0.0,0.0,0.0,0.0,0.0,0.0,0.0,0.017209463,0.0019569471,0.0,0.0,1.0,1.0,0.01,0.08,0.0,0.764266,1.0,1.0,0.08993732,0.0,0.0023432076,0.0,0.0,0.077718824,0.0
0.0,0.0,0.029411765,0.1,0.0,0.0,0.0,0.0,0.0,0.0,0.0,0.0,0.0,0.0,0.0,0.0,0.0,0.0,0.0,0.0,0.0,0.0,0.0234906,0.015655577,1.0,1.0,0.0,0.0,0.06,0.09,0.0,0.7743292,1.0,1.0,0.0873758,0.0,0.0,0.0,0.0,0.088305205,0.0
0.0,0.0,0.63235295,0.5,0.0,0.0,0.0,0.0,0.0,0.0,0.0,0.0,0.0,0.0,0.0,0.0,0.0,0.0,0.0,0.0,0.0,0.0,0.017271534,0.009784736,0.0,0.0,1.0,1.0,0.04,0.07,0.0,0.76204467,1.0,1.0,0.0892001,0.0,0.0029647201,0.0,0.0,0.07627854,0.0
0.12665685,0.0,0.13235295,0.0,0.0,3.2691223e-05,0.0,0.0,0.0,0.0,0.0,0.0,0.0,0.0,0.0,0.0,0.0,0.0,0.0,0.0,0.0,0.0,0.017935365,0.0019569471,0.0,0.0,0.0,0.0,1.0,0.0,0.0,0.7399337,1.0,1.0,0.082243584,0.0,0.0041689426,0.0,0.0,0.0755094,0.0
0.0,0.0,0.45588234,0.1,0.0,0.0,0.0,0.0,0.0,0.0,0.0,0.0,0.0,0.0,0.0,0.0,0.0,0.0,0.0,0.0,0.0,0.0,0.02351483,0.011741683,1.0,1.0,0.0,0.0,0.04,0.09,0.0,0.7732289,1.0,1.0,0.087074496,0.0,0.0,0.0,0.0,0.08812398,0.0
0.0,0.0,0.029411765,0.2,0.0,0.0,0.0,0.0,0.0,0.0,0.0,0.0,0.0,0.0,0.0,0.0,0.0,0.0,0.0,0.0,0.0,0.0,0.017036863,0.023483366,0.0,0.0,1.0,1.0,0.08,0.05,0.0,0.76617503,1.0,1.0,0.090529494,0.0,0.0028707385,0.0,0.0,0.077114075,0.0
0.035761934,0.0,0.04411765,0.3,0.0008872809,0.0,0.0,0.0,0.0,0.037305355,0.0,0.0,0.0,0.0,0.0,0.0,0.0026936233,0.018077701,0.0,0.0,0.0,0.05831021,0.009473436,0.019569471,0.0,0.0,1.0,1.0,1.0,0.0,0.0,0.85241616,1.0,1.0,0.11952294,0.0,0.009296671,0.0,0.0,0.082241565,0.0
0.0,0.0,0.029411765,0.2,0.0,0.0,0.0,0.0,0.0,0.0,0.0,0.0,0.0,0.0,0.0,0.0,0.0,0.0,0.0,0.0,0.0,0.00020849705,0.017029703,0.01369863,0.0,0.0,1.0,1.0,0.03,0.06,0.0,0.767462,1.0,1.0,0.09095087,0.0,0.002361834,0.0,0.0,0.07819483,0.0
0.0,0.0,0.029411765,0.1,0.0,0.0,0.0,0.0,0.0,0.0,0.0,0.0,0.0,0.0,0.0,0.0,0.0,0.0,0.0,0.0,0.0,0.0,0.023085438,0.025440313,1.0,1.0,0.0,0.0,0.05,0.06,0.0,0.78012407,1.0,1.0,0.08941216,0.0,0.0,0.0,0.0,0.09014657,0.0
0.0,1.0,0.36764705,0.0,2.3557259e-05,0.0,0.0,0.33333334,0.0,0.0,0.0,0.0,0.0,0.0,0.0,0.0,0.0,0.0,0.0,0.0,0.0,0.0,0.025165327,0.0058708414,0.0,0.0,0.0,0.0,1.0,0.0,0.67,0.67762077,0.97219956,1.0,0.058432333,0.0,0.007726118,0.0,0.0,0.06329104,0.0
0.015593867,0.0,0.04411765,0.3,0.00096909463,0.0,0.0,0.0,0.0,0.010149181,0.0,0.0,0.0,0.0,0.0,0.0,0.0,0.0,0.0,0.0,0.0,0.027906835,0.010017969,0.12328767,0.02,0.02,0.97,0.97,1.0,0.0,0.0,0.7998028,1.0,1.0,0.10517105,0.0,0.009484306,0.0,0.0,0.07296491,0.0
0.0,0.0,0.5882353,0.1,0.0,0.0,0.0,0.0,0.0,0.0,0.0,0.0,0.0,0.0,0.0,0.0,0.0,0.0,0.0,0.0,0.0,0.0,0.02331929,0.023483366,1.0,1.0,0.0,0.0,0.07,0.1,0.0,0.77879965,1.0,1.0,0.08873316,0.0,0.0,0.0,0.0,0.08939046,0.0
0.0,0.0,0.029411765,0.2,0.0,0.0,0.0,0.0,0.0,0.0,0.0,0.0,0.0,0.0,0.0,0.0,0.0,0.0,0.0,0.0,0.0,0.0,0.017101698,0.007827789,0.0,0.0,1.0,1.0,0.02,0.06,0.0,0.76609075,1.0,1.0,0.09052657,0.0,0.0023375154,0.0,0.0,0.077967376,0.0
0.0,0.0,0.29411766,0.2,0.0,0.0,0.0,0.0,0.0,0.0,0.0,0.0,0.0,0.0,0.0,0.0,0.0,0.0,0.0,0.0,0.0,0.0039773285,0.016738243,0.025440313,0.0,0.0,1.0,1.0,0.05,0.06,0.0,0.7744378,1.0,1.0,0.09312888,0.0,0.0018938035,0.0,0.0,0.080293834,0.0
0.0,1.0,0.36764705,0.0,1.6426413e-05,0.0,0.0,0.0,0.0,0.0,0.0,0.0,0.0,0.0,0.0,0.0,0.0,0.0,0.0,0.0,0.0,0.012194425,0.0145518705,0.23874755,0.0,0.0,0.0,0.0,1.0,0.0,0.0,0.7787696,1.0,1.0,0.096078746,0.0,0.00447084,0.0,0.0,0.08373526,0.0
5.1979554e-05,0.0,0.04411765,0.3,0.0006042118,0.005423771,0.0,0.0,0.0,0.0,0.0,0.0,0.0,0.0,0.0,0.0,0.0,0.0,0.0,0.0,0.0,0.007812768,0.010660216,0.007827789,0.0,0.0,1.0,0.75,1.0,0.0,0.5,0.7650595,1.0,1.0,0.09539964,0.0,0.009859771,0.0,0.0,0.06589544,0.0
0.0137919085,0.0,0.04411765,0.3,0.0009923336,0.0,0.0,0.0,0.0,0.017829508,0.0,0.0,0.0,0.0,0.0,0.0,0.00070530176,0.0009482503,0.0,0.0,0.0,0.036346465,0.009877831,0.12524462,0.03,0.03,0.97,0.97,1.0,0.0,0.0,0.8145089,1.0,1.0,0.109175004,0.0,0.009308249,0.0,0.0,0.076042056,0.0
0.0,0.0,0.5735294,0.1,0.0,0.0,0.0,0.0,0.0,0.0,0.0,0.0,0.0,0.0,0.0,0.0,0.0,0.0,0.0,0.0,0.0,0.0,0.023343824,0.037181996,1.0,1.0,0.0,0.0,0.13,0.06,0.0,0.7774751,1.0,1.0,0.08831885,0.0,0.0,0.0,0.0,0.088842005,0.0
0.0,1.0,0.85294116,0.0,8.977226e-06,0.0,0.0,0.0,0.0,0.0,0.0,0.0,0.0,0.0,0.0,0.0,0.0,0.0,0.0036566872,0.0,0.0,0.0,0.048010953,0.0039138943,0.0,0.0,0.0,0.0,0.67,0.67,0.0,0.57941246,0.8452559,0.92929554,0.007684484,0.0,0.011907861,0.0,0.0,0.05790575,0.0
0.0,0.0,0.13235295,0.8,0.0,3.2691223e-05,0.0,0.0,0.0,0.0070228875,0.0,0.0,0.0,0.0,0.0,0.0,0.0,0.0,0.0,0.0,0.0,0.012675613,0.018607736,0.0019569471,1.0,1.0,0.0,0.0,1.0,0.0,0.0,0.7946291,1.0,1.0,0.09660677,0.0,0.0,0.0,0.0,0.090260655,0.0
1.7326518e-05,0.0,0.22058824,0.0,4.1368454e-05,0.00021769383,0.0,0.0,0.0,0.0,0.0,0.0,0.0,0.0,0.0,0.0,0.0,0.0,0.0,0.0,0.0,0.004769057,0.011637263,0.0058708414,0.0,0.0,0.0,0.0,1.0,0.0,0.0,0.7605121,1.0,1.0,0.09319117,0.0,0.009036958,0.0,0.0,0.07008302,0.0
0.0,0.0,0.029411765,0.1,0.0,0.0,0.0,0.0,0.0,0.0,0.0,0.0,0.0,0.0,0.0,0.0,0.0,0.0,0.0,0.0,0.0,0.0,0.023274727,0.025440313,1.0,1.0,0.0,0.0,0.07,0.1,0.0,0.77936244,1.0,1.0,0.08893373,0.0,0.0,0.0,0.0,0.08958587,0.0
0.0,1.0,0.36764705,0.0,1.6044403e-05,0.0,0.0,0.0,0.0,0.0072669387,0.0,0.0,0.0,0.0,0.0,0.0,0.0,0.0,0.0,0.0,0.0,0.01861924,0.015055969,0.8864971,0.0,0.0,0.0,0.0,1.0,0.0,0.0,0.7925352,1.0,1.0,0.09943389,0.0,0.0028697848,0.0,0.0,0.08886522,0.0
0.0,0.0,0.04411765,0.0,0.0008681168,0.0061771553,0.0,0.0,0.0,0.0,0.0,0.0,0.0,0.0,0.0,0.0,0.0,0.0,0.0,0.0,0.0,0.007167369,0.01067479,0.0058708414,0.0,0.0,0.0,0.0,1.0,0.0,0.0,0.7639506,1.0,1.0,0.09509673,0.0,0.009840086,0.0,0.0,0.06579512,0.0
0.0,1.0,0.36764705,0.0,1.6044403e-05,0.0,0.0,0.0,0.0,0.0,0.0,0.0,0.0,0.0,0.0,0.0,0.0,0.0,0.0,0.0,0.0,0.011164606,0.01411701,0.086105675,0.0,0.0,0.0,0.0,1.0,0.0,0.0,0.7759638,1.0,1.0,0.09574669,0.0,0.0049838126,0.0,0.0,0.081840694,0.0
0.1425626,0.0,0.13235295,0.0,0.0,1.1144735e-05,0.0,0.0,0.0,0.0,0.0,0.0,0.0,0.0,0.0,0.0,0.0,0.0,0.0,0.0,0.0,0.0,0.036967643,0.0019569471,0.0,0.0,0.0,0.0,1.0,0.0,0.0,0.6272694,0.90731436,1.0,0.032127775,0.0,0.009670302,0.0,0.0,0.060395837,0.0
1.7326518e-05,0.0,0.22058824,0.0,4.1368454e-05,0.00021769383,0.0,0.0,0.0,0.0,0.0,0.0,0.0,0.0,0.0,0.0,0.0,0.0,0.0,0.0,0.0,0.0022790134,0.010989122,0.0058708414,0.0,0.0,0.2,0.0,0.6,0.6,0.0,0.7557223,1.0,1.0,0.09261193,0.0,0.009690955,0.0,0.0,0.0653474,0.0
0.0,0.0,0.029411765,0.2,0.0,0.0,0.0,0.0,0.0,0.0,0.0,0.0,0.0,0.0,0.0,0.0,0.0,0.0,0.0,0.0,0.0,0.0021577775,0.016908094,0.039138943,0.0,0.0,1.0,1.0,0.17,0.06,0.0,0.76960313,1.0,1.0,0.09150206,0.0,0.003131628,0.0,0.0,0.07744217,0.0
0.0,0.0,0.029411765,0.1,0.0,0.0,0.0,0.0,0.0,0.0,0.0,0.0,0.0,0.0,0.0,0.0,0.0,0.0,0.0,0.0,0.0,0.0,0.022069223,0.019569471,0.62,1.0,0.38,0.0,0.04,0.06,0.0,0.7725265,1.0,1.0,0.08829453,0.0,0.0,0.0,0.0,0.08678228,0.0
0.0,0.0,0.029411765,0.2,0.0,0.0,0.0,0.0,0.0,0.0,0.0,0.0,0.0,0.0,0.0,0.0,0.0,0.0,0.0,0.0,0.0,0.002989024,0.01680018,0.029354207,0.0,0.0,1.0,1.0,0.07,0.06,0.0,0.772159,1.0,1.0,0.09240838,0.0,0.0023219436,0.0,0.0,0.079141796,0.0
0.013878541,0.0,0.04411765,0.3,0.001178245,0.0,0.0,0.0,0.0,0.0,0.0,0.0,0.0,0.0,0.0,0.0,0.0,0.0,0.0,0.0,0.0,0.011941642,0.010668822,0.045009784,0.0,0.0,1.0,1.0,1.0,0.0,0.0,0.7723745,1.0,1.0,0.09731709,0.0,0.0096927285,0.0,0.0,0.067729115,0.0
0.0,0.0,0.04411765,0.0,0.0008681168,0.0061771553,0.0,0.0,0.0,0.0,0.0,0.0,0.0,0.0,0.0,0.0,0.0,0.0,0.0,0.0,0.0,0.0,0.0111675635,0.009784736,0.0,0.0,0.0,0.0,1.0,0.0,0.0,0.7495712,1.0,1.0,0.090827845,0.0,0.009772524,0.0,0.0,0.06406093,0.0
0.13116175,0.0,0.13235295,0.0,0.0,3.2691223e-05,0.0,0.0,0.0,0.026659548,0.0,0.0,0.0,0.0,0.0,0.0,0.0,0.0,0.0,0.0,0.0,0.035286903,0.018783927,0.0019569471,0.0,0.0,0.0,0.0,1.0,0.0,0.0,0.8329079,1.0,1.0,0.10640358,0.0,0.0,0.0,0.0,0.09820357,0.0
0.013930521,0.0,0.04411765,0.3,0.0008993779,0.0,0.0,0.0,0.0,0.02926734,0.0,0.0,0.0,0.0,0.0,0.0,0.002030395,0.010524362,0.0,0.0,0.0,0.04903975,0.00948596,0.15264188,0.03,0.03,0.97,0.97,1.0,0.0,0.0,0.8363923,1.0,1.0,0.115311764,0.0,0.009159908,0.0,0.0,0.08018267,0.0
0.0,0.0,0.029411765,0.2,0.0,0.0,0.0,0.0,0.0,0.0,0.0,0.0,0.0,0.0,0.0,0.0,0.0,0.0,0.0,0.0,0.0,0.0,0.017161049,0.019569471,0.0,0.0,1.0,1.0,0.09,0.08,0.0,0.76432705,1.0,1.0,0.08988922,0.0,0.0030556023,0.0,0.0,0.07656881,0.0
0.0,1.0,0.36764705,0.0,1.6044403e-05,0.0,0.0,0.0,0.0,0.0,0.0,0.0,0.0,0.0,0.0,0.0,0.0,0.0,0.0,0.0,0.0,0.011154175,0.014112741,0.08414873,0.0,0.0,0.0,0.0,1.0,0.0,0.0,0.7759392,1.0,1.0,0.09574402,0.0,0.004988134,0.0,0.0,0.081822366,0.0
0.12613705,0.0,0.13235295,0.0,0.0,3.2691223e-05,0.0,0.0,0.0,0.0,0.0,0.0,0.0,0.0,0.0,0.0,0.0,0.0,0.0,0.0,0.0,0.0,0.017844923,0.0019569471,0.0,0.0,0.0,0.0,1.0,0.0,0.0,0.76429975,1.0,1.0,0.088767566,0.0,0.0036916584,0.0,0.0,0.080818176,0.0
0.0,0.0,0.4117647,0.1,0.0,0.0,0.0,0.0,0.0,0.0,0.0,0.0,0.0,0.0,0.0,0.0,0.0,0.0,0.0,0.0,0.0,0.0,0.023412272,0.015655577,1.0,1.0,0.0,0.0,0.05,0.1,0.0,0.775995,1.0,1.0,0.08791172,0.0,0.0,0.0,0.0,0.088810176,0.0
0.0,0.0,0.029411765,0.2,0.0,0.0,0.0,0.0,0.0,0.0,0.0,0.0,0.0,0.0,0.0,0.0,0.0,0.0,0.0,0.0,0.0,0.0049287677,0.018764839,0.011741683,0.71,0.0,0.29,1.0,0.03,0.07,0.0,0.7795149,1.0,1.0,0.09267955,0.0,0.00044891238,0.0,0.0,0.083833665,0.0
0.0,0.5,0.029411765,0.0,4.4567784e-07,0.0,0.0,0.33333334,0.0,0.0,0.0,0.0,0.007389514,0.0,0.0,0.0,0.0,0.0,0.01362527,0.0,0.0,0.0,0.05895204,0.0019569471,0.0,0.0,0.0,0.0,1.0,0.0,0.0,0.53169096,0.7838419,0.8109193,0.0,0.0,0.0153886825,0.0,0.0,0.05344163,0.0
0.0,0.0,0.3529412,0.2,0.0,0.0,0.0,0.0,0.0,0.0,0.0,0.0,0.0,0.0,0.0,0.0,0.0,0.0,0.0,0.0,0.0,0.0,0.01724916,0.007827789,0.0,0.0,1.0,1.0,0.03,0.06,0.0,0.7618574,1.0,1.0,0.08919712,0.0,0.0028542131,0.0,0.0,0.07632315,0.0
0.0,0.0,0.029411765,0.1,0.0,0.0,0.0,0.0,0.0,0.0,0.0,0.0,0.0,0.0,0.0,0.0,0.0,0.0,0.0,0.0,0.0,0.0,0.023733176,0.009784736,1.0,1.0,0.0,0.0,0.14,0.19,0.0,0.7739216,1.0,1.0,0.08692374,0.0,0.0,0.0,0.0,0.08780861,0.0
0.14076063,0.0,0.13235295,0.0,0.0,1.1144735e-05,0.0,0.0,0.0,0.0,0.0,0.0,0.0,0.0,0.0,0.0,0.0,0.0,0.0,0.0,0.0,0.0,0.034246325,0.0019569471,0.0,0.0,0.0,0.0,1.0,0.0,0.0,0.6386864,0.9220808,1.0,0.037996307,0.0,0.009308994,0.0,0.0,0.061054915,0.0
0.0,0.0,0.029411765,0.2,0.0,0.0,0.0,0.0,0.0,0.0,0.0,0.0,0.0,0.0,0.0,0.0,0.0,0.0,0.0,0.0,0.0,0.0,0.017071865,0.029354207,0.0,0.0,1.0,1.0,0.15,0.07,0.0,0.7651745,1.0,1.0,0.09017172,0.0,0.0032473356,0.0,0.0,0.07636604,0.0
0.0,0.0,0.4852941,0.1,0.0,0.0,0.0,0.0,0.0,0.0,0.0,0.0,0.0,0.0,0.0,0.0,0.0,0.0,0.0,0.0,0.0,0.0,0.023081154,0.021526419,1.0,1.0,0.0,0.0,0.04,0.06,0.0,0.77880776,1.0,1.0,0.08910013,0.0,0.0,0.0,0.0,0.0899829,0.0
0.0,0.0,0.029411765,0.2,0.0,0.0,0.0,0.0,0.0,0.0,0.0,0.0,0.0,0.0,0.0,0.0,0.0,0.0,0.0,0.0,0.0,0.0,0.017314278,0.0058708414,0.0,0.0,1.0,1.0,0.02,0.06,0.0,0.7610388,1.0,1.0,0.088903956,0.0,0.002912283,0.0,0.0,0.07617661,0.0
0.0,0.0,0.029411765,0.2,0.0,0.0,0.0,0.0,0.0,0.0,0.0,0.0,0.0,0.0,0.0,0.0,0.0,0.0,0.0,0.0,0.0,0.0,0.017282233,0.009784736,0.0,0.0,1.0,1.0,0.04,0.07,0.0,0.76180744,1.0,1.0,0.0891219,0.0,0.0029999763,0.0,0.0,0.076180875,0.0
0.0,1.0,0.36764705,0.0,1.6426413e-05,0.0,0.0,0.0,0.0,0.008519411,0.0,0.0,0.0,0.0,0.0,0.0,0.0,0.0,0.0,0.0,0.0,0.019589603,0.015154198,0.99021524,0.0,0.0,0.0,0.0,1.0,0.0,0.0,0.79492056,1.0,1.0,0.10002544,0.0,0.0025104433,0.0,0.0,0.08961499,0.0
0.0,1.0,0.36764705,0.0,1.6426413e-05,0.0,0.0,0.0,0.0,0.007952213,0.0,0.0,0.0,0.0,0.0,0.0,0.0,0.0,0.0,0.0,0.0,0.019150138,0.01510971,0.9432485,0.0,0.0,0.0,0.0,1.0,0.0,0.0,0.7938403,1.0,1.0,0.099757545,0.0,0.0026731342,0.0,0.0,0.08927545,0.0
1.7326518e-05,0.0,0.22058824,0.0,4.1368454e-05,0.00021769383,0.0,0.0,0.0,0.0,0.0,0.0,0.0,0.0,0.0,0.0,0.0,0.0,0.0,0.0,0.0,0.0039417744,0.011905499,0.0058708414,0.0,0.0,0.25,0.0,0.75,0.5,0.0,0.7590722,1.0,1.0,0.09252875,0.0,0.008925304,0.0,0.0,0.070967674,0.0
0.0,0.0,0.029411765,0.1,0.0,0.0,0.0,0.0,0.0,0.0,0.0,0.0,0.0,0.0,0.0,0.0,0.0,0.0,0.0,0.0,0.0,0.0,0.026579708,0.021526419,1.0,1.0,0.0,0.0,0.09,0.05,0.0,0.728652,1.0,1.0,0.07234766,0.0,0.0,0.0,0.0,0.07499108,0.0
0.0,0.0,0.029411765,0.2,0.0,0.0,0.0,0.0,0.0,0.0,0.0,0.0,0.0,0.0,0.0,0.0,0.0,0.0,0.0,0.0,0.0,0.003111273,0.016802393,0.021526419,0.0,0.0,1.0,1.0,0.04,0.07,0.0,0.77295744,1.0,1.0,0.092676334,0.0,0.0019117892,0.0,0.0,0.079996884,0.0
0.0,0.0,0.029411765,0.1,0.0,0.0,0.0,0.0,0.0,0.0,0.0,0.0,0.0,0.0,0.0,0.0,0.0,0.0,0.0,0.0,0.0,0.0,0.023486823,0.0058708414,1.0,1.0,0.0,0.0,0.02,0.08,0.0,0.7722763,1.0,1.0,0.0868975,0.0,0.0,0.0,0.0,0.088098735,0.0
0.0,0.0,0.029411765,0.2,0.0,0.0,0.0,0.0,0.0,0.0,0.0,0.0,0.0,0.0,0.0,0.0,0.0,0.0,0.0,0.0,0.0,0.0016225874,0.016917072,0.011741683,0.0,0.0,1.0,1.0,0.02,0.06,0.0,0.7705803,1.0,1.0,0.09195594,0.0,0.0018350482,0.0,0.0,0.07966745,0.0
0.0,0.0,0.029411765,0.2,0.0,0.0,0.0,0.0,0.0,0.0,0.0,0.0,0.0,0.0,0.0,0.0,0.0,0.0,0.0,0.0,0.0,0.0,0.020626977,0.021526419,0.67,0.64,0.33,0.36,0.09,0.06,0.0,0.7661582,1.0,1.0,0.08752134,0.0,0.0,0.0,0.0,0.08240241,0.0
0.0,0.0,0.029411765,0.1,0.0,0.0,0.0,0.0,0.0,0.0,0.0,0.0,0.0,0.0,0.0,0.0,0.0,0.0,0.0,0.0,0.0,0.0,0.023654476,0.015655577,1.0,1.0,0.0,0.0,0.07,0.07,0.0,0.7702986,1.0,1.0,0.086118154,0.0,0.0,0.0,0.0,0.08713883,0.0
0.0,0.0,0.7058824,0.2,0.0,0.0,0.0,0.0,0.0,0.0,0.0,0.0,0.0,0.0,0.0,0.0,0.0,0.0,0.0,0.0,0.0,0.0010852218,0.016978443,0.009784736,0.0,0.0,1.0,1.0,0.02,0.07,0.0,0.7695036,1.0,1.0,0.09159317,0.0,0.0019689202,0.0,0.0,0.07924932,0.0
0.0,0.0,0.14705883,0.5,0.0,0.0,0.0,0.0,0.0,0.017063797,0.0,0.0,0.0,0.0,0.0,0.0,0.0,0.0,0.0,0.0,0.0,0.026463866,0.016668312,0.039138943,0.0,0.0,1.0,1.0,0.5,0.05,0.0,0.81331146,1.0,1.0,0.103133224,0.0,0.0014905035,0.0,0.0,0.09158623,0.0
0.0,0.0,0.13235295,0.8,0.0,3.2691223e-05,0.0,0.0,0.0,0.0,0.0,0.0,0.0,0.0,0.0,0.0,0.0,0.0,0.0,0.0,0.0,0.0,0.025145076,0.0019569471,1.0,1.0,0.0,0.0,1.0,0.0,0.0,0.67953706,0.9743708,1.0,0.05900871,0.0,0.0049297363,0.0,0.0,0.0662846,0.0
0.0,0.0,0.23529412,0.1,0.0,0.0,0.0,0.0,0.0,0.0,0.0,0.0,0.0,0.0,0.0,0.0,0.0,0.0,0.0,0.0,0.0,0.0,0.023310006,0.0039138943,1.0,1.0,0.0,0.0,0.01,0.07,0.0,0.7741153,1.0,1.0,0.087634526,0.0,0.0,0.0,0.0,0.08886436,0.0
0.0,0.0,0.029411765,0.2,0.0,0.0,0.0,0.0,0.0,0.0,0.0,0.0,0.0,0.0,0.0,0.0,0.0,0.0,0.0,0.0,0.0,4.145503e-05,0.017121263,0.0039138943,0.0,0.0,1.0,1.0,0.01,0.07,0.0,0.76752746,1.0,1.0,0.0909029,0.0,0.002146706,0.0,0.0,0.078676134,0.0
0.0,0.0,0.13235295,0.1,0.0,0.0,0.0,0.0,0.0,0.0,0.0,0.0,0.0,0.0,0.0,0.0,0.0,0.0,0.0,0.0,0.0,0.0,0.027494043,0.037181996,1.0,1.0,0.0,0.0,1.0,0.0,0.0,0.6989821,0.99506813,1.0,0.06318777,0.0,0.0,0.0,0.0,0.06794596,0.0
0.01587109,0.0,0.04411765,0.3,0.0008993779,0.0,0.0,0.0,0.0,0.022903562,0.0,0.0,0.0,0.0,0.0,0.0,0.0013043955,0.0051258802,0.0,0.0,0.0,0.0419423,0.009700008,0.15068494,0.03,0.03,0.97,0.97,1.0,0.0,0.0,0.82417655,1.0,1.0,0.111893035,0.0,0.009214804,0.0,0.0,0.07796329,0.0
0.0,0.0,0.029411765,0.2,0.0,0.0,0.0,0.0,0.0,0.0,0.0,0.0,0.0,0.0,0.0,0.0,0.0,0.0,0.0,0.0,0.0,0.0,0.017648995,0.0332681,0.0,0.0,1.0,1.0,0.14,0.06,0.0,0.7589699,1.0,1.0,0.08799756,0.0,0.0031176358,0.0,0.0,0.07554084,0.0
0.0,0.0,0.61764705,0.1,0.0,0.0,0.0,0.0,0.0,0.0,0.0,0.0,0.0,0.0,0.0,0.0,0.0,0.0,0.0,0.0,0.0,0.0,0.023413412,0.015655577,1.0,1.0,0.0,0.0,0.05,0.09,0.0,0.7753763,1.0,1.0,0.087755136,0.0,0.0,0.0,0.0,0.08868265,0.0
0.0,0.0,0.19117647,0.2,0.0,0.0,0.0,0.0,0.0,0.0,0.0,0.0,0.0,0.0,0.0,0.0,0.0,0.0,0.0,0.0,0.0,0.0035292208,0.016790457,0.031311154,0.0,0.0,1.0,1.0,0.07,0.07,0.0,0.7730578,1.0,1.0,0.092645936,0.0,0.0023268014,0.0,0.0,0.07938978,0.0
0.0,1.0,0.36764705,0.0,1.6426413e-05,0.0,0.0,0.0,0.0,0.0,0.0,0.0,0.0,0.0,0.0,0.0,0.0,0.0,0.0,0.0,0.0,0.011060327,0.01407481,0.0665362,0.0,0.0,0.0,0.0,1.0,0.0,0.0,0.7757182,1.0,1.0,0.09571985,0.0,0.005026862,0.0,0.0,0.08165711,0.0
0.0,0.0,0.44117647,0.2,0.0,0.0,0.0,0.0,0.0,0.0,0.0,0.0,0.0,0.0,0.0,0.0,0.0,0.0,0.0,0.0,0.0,0.0,0.017311238,0.007827789,0.0,0.0,1.0,1.0,0.04,0.06,0.0,0.76048183,1.0,1.0,0.0887435,0.0,0.0030585974,0.0,0.0,0.075757414,0.0
0.0,0.0,0.029411765,0.2,0.0,0.0,0.0,0.0,0.0,0.0,0.0,0.0,0.0,0.0,0.0,0.0,0.0,0.0,0.0,0.0,0.0,0.0016967654,0.017022163,0.011741683,0.02,0.0,0.98,1.0,0.02,0.07,0.0,0.7706139,1.0,1.0,0.0918389,0.0,0.0019374043,0.0,0.0,0.07960117,0.0
0.0,0.0,0.029411765,0.2,0.0,0.0,0.0,0.0,0.0,0.0,0.0,0.0,0.0,0.0,0.0,0.0,0.0,0.0,0.0,0.0,0.0,0.0035785139,0.016828284,0.025440313,0.0,0.0,1.0,1.0,0.06,0.07,0.0,0.773406,1.0,1.0,0.092722155,0.0,0.0021592975,0.0,0.0,0.07977265,0.0
0.0,0.0,0.32352942,0.5,0.0,0.0,0.0,0.0,0.0,0.0,0.0,0.0,0.0,0.0,0.0,0.0,0.0,0.0,0.0,0.0,0.0,0.0046162903,0.016714819,0.0332681,0.0,0.0,1.0,1.0,0.07,0.07,0.0,0.77507424,1.0,1.0,0.09326752,0.0,0.0022030622,0.0,0.0,0.079931945,0.0
0.0,0.0,0.7352941,0.5,0.0,0.0,0.0,0.0,0.0,0.0,0.0,0.0,0.0,0.0,0.0,0.0,0.0,0.0,0.0,0.0,0.0,0.0,0.017102435,0.0019569471,0.0,0.0,1.0,1.0,0.0,0.07,0.0,0.7666378,1.0,1.0,0.090719394,0.0,0.001990825,0.0,0.0,0.07869434,0.0
0.0,0.0,0.029411765,0.2,0.0,0.0,0.0,0.0,0.0,0.0,0.0,0.0,0.0,0.0,0.0,0.0,0.0,0.0,0.0,0.0,0.0,0.0036602616,0.016725995,0.031311154,0.0,0.0,1.0,1.0,0.06,0.06,0.0,0.77352035,1.0,1.0,0.09286495,0.0,0.0021458417,0.0,0.0,0.079676986,0.0
0.0,0.0,0.13235295,0.1,0.0,0.0,0.0,0.0,0.0,0.0,0.0,0.0,0.0,0.0,0.0,0.0,0.0,0.0,0.0,0.0,0.0,0.0,0.023415536,0.031311154,1.0,1.0,0.0,0.0,0.11,0.06,0.0,0.77577186,1.0,1.0,0.08780243,0.0,0.0,0.0,0.0,0.08845082,0.0
0.0,0.0,0.029411765,0.2,0.0,0.0,0.0,0.0,0.0,0.0,0.0,0.0,0.0,0.0,0.0,0.0,0.0,0.0,0.0,0.0,0.0,0.00064107776,0.017011277,0.011741683,0.0,0.0,1.0,1.0,0.03,0.06,0.0,0.7684932,1.0,1.0,0.09126773,0.0,0.0021451414,0.0,0.0,0.07880908,0.0
0.0,0.0,0.13235295,0.8,0.0,3.2691223e-05,0.0,0.0,0.0,0.0,0.0,0.0,0.0,0.0,0.0,0.0,0.0,0.0,0.0,0.0,0.0,0.0,0.020209886,0.0019569471,1.0,1.0,0.0,0.0,1.0,0.0,0.0,0.73222053,1.0,1.0,0.078347586,0.0,0.002125278,0.0,0.0,0.07703024,0.0
0.0,1.0,0.36764705,0.0,1.6044403e-05,0.0,0.0,0.0,0.0,0.0049746037,0.0,0.0,0.0,0.0,0.0,0.0,0.0,0.0,0.0,0.0,0.0,0.016843349,0.014876246,0.6966732,0.0,0.0,0.0,0.0,1.0,0.0,0.0,0.7881696,1.0,1.0,0.09835123,0.0,0.0035273582,0.0,0.0,0.08749303,0.0
0.0,1.0,0.36764705,0.0,1.6426413e-05,0.0,0.0,0.0,0.0,6.595254e-05,0.0,0.0,0.0,0.0,0.0,0.0,0.0,0.0,0.0,0.0,0.0,0.012660682,0.01429189,0.21917808,0.0,0.0,0.0,0.0,1.0,0.0,0.0,0.77902484,1.0,1.0,0.09640326,0.0,0.004664749,0.0,0.0,0.08330223,0.0
0.0,0.0,0.029411765,0.2,0.0,0.0,0.0,0.0,0.0,0.0,0.0,0.0,0.0,0.0,0.0,0.0,0.0,0.0,0.0,0.0,0.0,0.0,0.017114602,0.025440313,0.0,0.0,1.0,1.0,0.12,0.06,0.0,0.7641686,1.0,1.0,0.0898756,0.0,0.0031948835,0.0,0.0,0.07626414,0.0
0.0,0.0,0.029411765,0.2,0.0,0.0,0.0,0.0,0.0,0.0,0.0,0.0,0.0,0.0,0.0,0.0,0.0,0.0,0.0,0.0,0.0,0.003487289,0.016846813,0.023483366,0.0,0.0,1.0,1.0,0.05,0.07,0.0,0.773278,1.0,1.0,0.09267219,0.0,0.002152279,0.0,0.0,0.07974458,0.0
0.0,0.0,0.029411765,0.1,0.0,0.0,0.0,0.0,0.0,0.0,0.0,0.0,0.0,0.0,0.0,0.0,0.0,0.0,0.0,0.0,0.0,0.0,0.025504224,0.025440313,1.0,1.0,0.0,0.0,0.1,0.05,0.0,0.7392088,1.0,1.0,0.076164134,0.0,0.0,0.0,0.0,0.07990226,0.0
0.0,0.0,0.029411765,0.1,0.0,0.0,0.0,0.0,0.0,0.0,0.0,0.0,0.0,0.0,0.0,0.0,0.0,0.0,0.0,0.0,0.0,0.0,0.02360984,0.015655577,1.0,1.0,0.0,0.0,0.06,0.06,0.0,0.76853406,1.0,1.0,0.08570977,0.0,0.0,0.0,0.0,0.086919636,0.0
0.13081521,0.0,0.13235295,0.0,0.0,3.2691223e-05,0.0,0.0,0.0,0.026335508,0.0,0.0,0.0,0.0,0.0,0.0,0.0,0.0,0.0,0.0,0.0,0.035085708,0.018756151,0.0019569471,0.0,0.0,0.0,0.0,1.0,0.0,0.0,0.8322778,1.0,1.0,0.10624399,0.0,0.0,0.0,0.0,0.09805426,0.0
0.0,0.0,0.029411765,0.2,0.0,0.0,0.0,0.0,0.0,0.0,0.0,0.0,0.0,0.0,0.0,0.0,0.0,0.0,0.0,0.0,0.0,0.0,0.017076261,0.025440313,0.0,0.0,1.0,1.0,0.11,0.07,0.0,0.76598287,1.0,1.0,0.09040735,0.0,0.0030376464,0.0,0.0,0.07691333,0.0
0.0,0.0,0.04411765,0.0,0.0008681168,0.0061771553,0.0,0.0,0.0,0.0,0.0,0.0,0.0,0.0,0.0,0.0,0.0,0.0,0.0,0.0,0.0,0.0053480268,0.01088991,0.009784736,0.0,0.0,0.0,0.0,1.0,0.0,0.0,0.76093936,1.0,1.0,0.09409165,0.0,0.009754747,0.0,0.0,0.06580517,0.0
0.0,0.0,0.04411765,0.1,0.0,0.0,0.0,0.0,0.0,0.058336735,0.0,0.0,0.0,0.0,0.0,0.0,0.002210103,0.024759144,0.0,0.0,0.0,0.07157248,0.017341956,0.22504893,1.0,1.0,0.0,0.0,1.0,0.0,0.0,0.89328,1.0,1.0,0.12357985,0.0,4.3168664e-05,0.0,0.0,0.109648466,0.0
0.0,0.0,0.029411765,0.1,0.0,0.0,0.0,0.0,0.0,0.0,0.0,0.0,0.0,0.0,0.0,0.0,0.0,0.0,0.0,0.0,0.0,0.0,0.023597598,0.019569471,1.0,1.0,0.0,0.0,0.09,0.07,0.0,0.77184176,1.0,1.0,0.08657994,0.0,0.0,0.0,0.0,0.08747986,0.0
0.0,0.0,0.04411765,0.1,0.0,0.0,0.0,0.0,0.0,0.0025287867,0.0,0.0,0.0,0.0,0.0,0.0,0.0,0.0,0.0,0.0,0.0,0.0060476363,0.022980094,0.011741683,1.0,1.0,0.0,0.0,0.6,0.2,0.0,0.78978705,1.0,1.0,0.09161868,0.0,0.0,0.0,0.0,0.09021738,0.0
0.0,1.0,0.36764705,0.0,1.6426413e-05,0.0,0.0,0.0,0.0,0.0014516711,0.0,0.0,0.0,0.0,0.0,0.0,0.0,0.0,0.0,0.0,0.0,0.0138525665,0.014521606,0.38356164,0.0,0.0,0.0,0.0,1.0,0.0,0.0,0.78159153,1.0,1.0,0.09687584,0.0,0.004341528,0.0,0.0,0.08471659,0.0
0.0,0.0,0.029411765,0.2,0.0,0.0,0.0,0.0,0.0,0.0,0.0,0.0,0.0,0.0,0.0,0.0,0.0,0.0,0.0,0.0,0.0,0.0018847883,0.018063813,0.019569471,0.02,0.2,0.98,0.8,0.04,0.08,0.0,0.772977,1.0,1.0,0.09152921,0.0,0.0010061413,0.0,0.0,0.08209103,0.0
0.12728061,0.0,0.13235295,0.0,0.0,3.2691223e-05,0.0,0.0,0.0,0.0,0.0,0.0,0.0,0.0,0.0,0.0,0.0,0.0,0.0,0.0,0.0,0.0,0.018003292,0.0019569471,0.0,0.0,0.0,0.0,1.0,0.0,0.0,0.7373133,1.0,1.0,0.081479214,0.0,0.0042027384,0.0,0.0,0.075183004,0.0
0.0,0.0,0.029411765,0.2,0.0,0.0,0.0,0.0,0.0,0.0,0.0,0.0,0.0,0.0,0.0,0.0,0.0,0.0,0.0,0.0,0.0,0.0008088052,0.016981348,0.019569471,0.0,0.0,1.0,1.0,0.05,0.06,0.0,0.7683114,1.0,1.0,0.09120306,0.0,0.002463594,0.0,0.0,0.07820764,0.0
0.0,0.0,0.04411765,0.1,0.0,0.0,0.0,0.0,0.0,0.053571075,0.0,0.0,0.0,0.0,0.0,0.0,0.0027648956,0.025298238,0.0,0.0,0.0,0.07032022,0.014153577,0.11154599,1.0,1.0,0.0,0.0,1.0,0.0,0.0,0.8840425,1.0,1.0,0.12386235,0.0,0.003707528,0.0,0.0,0.099900395,0.0
0.0,0.0,0.029411765,0.1,0.0,0.0,0.0,0.0,0.0,0.0,0.0,0.0,0.0,0.0,0.0,0.0,0.0,0.0,0.0,0.0,0.0,0.0,0.023218997,0.023483366,1.0,1.0,0.0,0.0,0.05,0.07,0.0,0.7783531,1.0,1.0,0.08877396,0.0,0.0,0.0,0.0,0.089515775,0.0
0.0,0.0,0.029411765,0.2,0.0,0.0,0.0,0.0,0.0,0.0,0.0,0.0,0.0,0.0,0.0,0.0,0.0,0.0,0.0,0.0,0.0,0.0,0.01713112,0.019569471,0.0,0.0,1.0,1.0,0.08,0.06,0.0,0.76499104,1.0,1.0,0.09010816,0.0,0.0029569566,0.0,0.0,0.07684201,0.0
0.0,0.0,0.029411765,0.2,0.0,0.0,0.0,0.0,0.0,0.0,0.0,0.0,0.0,0.0,0.0,0.0,0.0,0.0,0.0,0.0,0.0,0.0008495152,0.016995713,0.031311154,0.0,0.0,1.0,1.0,0.13,0.07,0.0,0.7675437,1.0,1.0,0.090894185,0.0,0.0030337274,0.0,0.0,0.07721883,0.0
0.0,0.0,0.029411765,0.2,0.0,0.0,0.0,0.0,0.0,0.0,0.0,0.0,0.0,0.0,0.0,0.0,0.0,0.0,0.0,0.0,0.0,0.0012510717,0.01695723,0.031311154,0.0,0.0,1.0,1.0,0.11,0.06,0.0,0.76839745,1.0,1.0,0.0911757,0.0,0.0029068738,0.0,0.0,0.07756996,0.0
0.0,0.0,0.6617647,0.5,0.0,0.0,0.0,0.0,0.0,0.0,0.0,0.0,0.0,0.0,0.0,0.0,0.0,0.0,0.0,0.0,0.0,0.0,0.01732587,0.0332681,0.0,0.0,1.0,1.0,0.14,0.07,0.0,0.7523198,1.0,1.0,0.08652892,0.0,0.0033526272,0.0,0.0,0.07411671,0.0
0.0,0.0,0.19117647,0.1,0.0,0.0,0.0,0.0,0.0,0.0,0.0,0.0,0.0,0.0,0.0,0.0,0.0,0.0,0.0,0.0,0.0,0.0,0.023374788,0.007827789,1.0,1.0,0.0,0.0,0.02,0.07,0.0,0.77400756,1.0,1.0,0.08749818,0.0,0.0,0.0,0.0,0.08861029,0.0
0.0,0.0,0.029411765,0.1,0.0,0.0,0.0,0.0,0.0,0.0,0.0,0.0,0.0,0.0,0.0,0.0,0.0,0.0,0.0,0.0,0.0,0.0,0.023207866,0.0332681,1.0,1.0,0.0,0.0,0.09,0.08,0.0,0.7806076,1.0,1.0,0.08932524,0.0,0.0,0.0,0.0,0.08979499,0.0
0.0,1.0,0.36764705,0.0,1.6044403e-05,0.0,0.0,0.0,0.0,0.0037220418,0.0,0.0,0.0,0.0,0.0,0.0,0.0,0.0,0.0,0.0,0.0,0.015872955,0.014778048,0.592955,0.0,0.0,0.0,0.0,1.0,0.0,0.0,0.78578436,1.0,1.0,0.09775969,0.0,0.0038866997,0.0,0.0,0.086743206,0.0
0.0,0.0,0.029411765,0.2,0.0,0.0,0.0,0.0,0.0,0.0,0.0,0.0,0.0,0.0,0.0,0.0,0.0,0.0,0.0,0.0,0.0,0.0,0.017101705,0.025440313,0.0,0.0,1.0,1.0,0.12,0.06,0.0,0.7644532,1.0,1.0,0.08996946,0.0,0.0031526238,0.0,0.0,0.07638121,0.0
0.12970631,0.0,0.13235295,0.0,0.0,3.2691223e-05,0.0,0.0,0.0,0.022191584,0.0,0.0,0.0,0.0,0.0,0.0,0.0,0.0,0.0,0.0,0.0,0.031259567,0.018520035,0.0019569471,0.0,0.0,0.0,0.0,1.0,0.0,0.0,0.8241459,1.0,1.0,0.10422694,0.0,0.00048573315,0.0,0.0,0.09626651,0.0
0.0,1.0,0.36764705,0.0,1.6426413e-05,0.0,0.0,0.0,0.0,0.0053999126,0.0,0.0,0.0,0.0,0.0,0.0,0.0,0.0,0.0,0.0,0.0,0.017172784,0.01490964,0.73189825,0.0,0.0,0.0,0.0,1.0,0.0,0.0,0.78897965,1.0,1.0,0.0985521,0.0,0.0034053326,0.0,0.0,0.08774763,0.0
0.0,0.0,0.029411765,0.2,0.0,0.0,0.0,0.0,0.0,0.0,0.0,0.0,0.0,0.0,0.0,0.0,0.0,0.0,0.0,0.0,0.0,0.0014681518,0.016965054,0.0332681,0.0,0.0,1.0,1.0,0.14,0.06,0.0,0.768564,1.0,1.0,0.09118726,0.0,0.0030580014,0.0,0.0,0.0773513,0.0
0.0140171535,0.0,0.04411765,0.3,0.00096909463,7.4298237e-07,0.0,0.0,0.0,0.015484542,0.0,0.0,0.0,0.0,0.0,0.0,0.00041846186,0.0,0.0,0.0,0.0,0.033755064,0.0099582,0.113502935,0.03,0.03,0.97,0.97,1.0,0.0,0.0,0.81001973,1.0,1.0,0.107913546,0.0,0.009347469,0.0,0.0,0.075204134,0.0
0.0,0.0,0.029411765,0.2,0.0,0.0,0.0,0.0,0.0,0.0,0.0,0.0,0.0,0.0,0.0,0.0,0.0,0.0,0.0,0.0,0.0,0.0011074841,0.016976297,0.009784736,0.0,0.0,1.0,1.0,0.02,0.07,0.0,0.76955104,1.0,1.0,0.091608815,0.0,0.0019618422,0.0,0.0,0.07926884,0.0
0.0,1.0,0.36764705,0.0,1.6044403e-05,0.0,0.0,0.0,0.0,0.00083741546,0.0,0.0,0.0,0.0,0.0,0.0,0.0,0.0,0.0,0.0,0.0,0.0133048,0.014451861,0.32681018,0.0,0.0,0.0,0.0,1.0,0.0,0.0,0.78045774,1.0,1.0,0.0966376,0.0,0.0044637322,0.0,0.0,0.084165126,0.0
0.0,0.0,0.029411765,0.2,0.0,0.0,0.0,0.0,0.0,0.0,0.0,0.0,0.0,0.0,0.0,0.0,0.0,0.0,0.0,0.0,0.0,0.00230816,0.01688005,0.01369863,0.0,0.0,1.0,1.0,0.03,0.06,0.0,0.7717428,1.0,1.0,0.09229594,0.0,0.0018381476,0.0,0.0,0.07985848,0.0
0.0,0.0,0.13235295,0.8,0.0,3.2691223e-05,0.0,0.0,0.0,0.0,0.0,0.0,0.0,0.0,0.0,0.0,0.0,0.0,0.0,0.0,0.0,0.0,0.019744493,0.0019569471,1.0,1.0,0.0,0.0,1.0,0.0,0.0,0.757952,1.0,1.0,0.08556216,0.0,0.0017780215,0.0,0.0,0.08259341,0.0
0.0,0.0,0.44117647,0.2,0.0,0.0,0.0,0.0,0.0,0.0,0.0,0.0,0.0,0.0,0.0,0.0,0.0,0.0,0.0,0.0,0.0,0.0018203557,0.016888656,0.039138943,0.0,0.0,1.0,1.0,0.15,0.05,0.0,0.76906955,1.0,1.0,0.091392644,0.0,0.0030986369,0.0,0.0,0.07731962,0.0
0.0,0.0,0.13235295,0.1,0.0,0.0,0.0,0.0,0.0,0.0,0.0,0.0,0.0,0.0,0.0,0.0,0.0,0.0,0.0,0.0,0.0,0.0,0.023232475,0.18003914,1.0,1.0,0.0,0.0,1.0,0.0,0.0,0.7545328,1.0,1.0,0.08175836,0.0,0.0,0.0,0.0,0.08197045,0.0
0.0,0.0,0.44117647,0.2,0.0,0.0,0.0,0.0,0.0,0.0,0.0,0.0,0.0,0.0,0.0,0.0,0.0,0.0,0.0,0.0,0.0,0.0,0.01731211,0.0058708414,0.0,0.0,1.0,1.0,0.02,0.06,0.0,0.7610861,1.0,1.0,0.0889196,0.0,0.0029052496,0.0,0.0,0.076196045,0.0
0.0,0.0,0.0882353,0.2,0.0,0.0,0.0,0.0,0.0,0.0,0.0,0.0,0.0,0.0,0.0,0.0,0.0,0.0,0.0,0.0,0.0,0.0017504692,0.016933523,0.01369863,0.0,0.0,1.0,1.0,0.03,0.07,0.0,0.7705569,1.0,1.0,0.09190493,0.0,0.0020143092,0.0,0.0,0.0793708,0.0
0.0,0.0,0.029411765,0.2,0.0,0.0,0.0,0.0,0.0,0.0,0.0,0.0,0.0,0.0,0.0,0.0,0.0,0.0,0.0,0.0,0.0,0.0,0.017427802,0.0019569471,0.0,0.0,1.0,1.0,0.01,0.08,0.0,0.7594278,1.0,1.0,0.088341884,0.0,0.0030619204,0.0,0.0,0.07572892,0.0
0.0,0.0,0.13235295,0.8,0.0,3.2691223e-05,0.0,0.0,0.0,0.0,0.0,0.0,0.0,0.0,0.0,0.0,0.0,0.0,0.0,0.0,0.0,0.0,0.023113988,0.0019569471,1.0,1.0,0.0,0.0,1.0,0.0,0.0,0.6886653,0.98609847,1.0,0.06368866,0.0,0.0040394813,0.0,0.0,0.067279726,0.0
0.14069133,0.0,0.13235295,0.0,0.0,1.1144735e-05,0.0,0.0,0.0,0.0,0.0,0.0,0.0,0.0,0.0,0.0,0.0,0.0,0.0,0.0,0.0,0.0,0.0212133,0.0019569471,0.0,0.0,0.0,0.0,1.0,0.0,0.0,0.7365887,1.0,1.0,0.07883345,0.0,0.0005810261,0.0,0.0,0.07836121,0.0
0.0,0.0,0.029411765,0.2,0.0,0.0,0.0,0.0,0.0,0.0,0.0,0.0,0.0,0.0,0.0,0.0,0.0,0.0,0.0,0.0,0.0,0.0,0.01720386,0.015655577,0.0,0.0,1.0,1.0,0.07,0.08,0.0,0.7633209,1.0,1.0,0.08959312,0.0,0.0030031204,0.0,0.0,0.07646698,0.0
0.0,0.0,0.029411765,0.2,0.0,0.0,0.0,0.0,0.0,0.0,0.0,0.0,0.0,0.0,0.0,0.0,0.0,0.0,0.0,0.0,0.0,0.0057313144,0.018572949,0.015655577,0.67,0.0,0.33,1.0,0.03,0.06,0.0,0.7811979,1.0,1.0,0.09336277,0.0,0.00017881393,0.0,0.0,0.08439943,0.0
0.013670623,0.0,0.04411765,0.3,3.9537994e-05,7.4298237e-07,0.0,0.0,0.0,0.00058570504,0.0,0.0,0.0,0.0,0.0,0.0,0.0,0.0,0.0,0.0,0.0,0.017351955,0.010399006,0.056751467,0.0,0.0,1.0,1.0,1.0,0.0,0.0,0.7815994,1.0,1.0,0.1000044,0.0,0.009652093,0.0,0.0,0.06942505,0.0
0.0,0.0,0.7058824,0.2,0.0,0.0,0.0,0.0,0.0,0.0,0.0,0.0,0.0,0.0,0.0,0.0,0.0,0.0,0.0,0.0,0.0,0.0031937659,0.016761586,0.025440313,0.0,0.0,1.0,1.0,0.05,0.06,0.0,0.77295554,1.0,1.0,0.09270661,0.0,0.0020017475,0.0,0.0,0.079781234,0.0
0.0,0.0,0.04411765,0.0,0.0008681168,0.0061771553,0.0,0.0,0.0,0.0,0.0,0.0,0.0,0.0,0.0,0.0,0.0,0.0,0.0,0.0,0.0,0.007214129,0.010671616,0.017612524,0.0,0.0,0.0,0.0,1.0,0.0,0.22,0.76403546,1.0,1.0,0.09512261,0.0,0.009831026,0.0,0.0,0.06584403,0.0
0.0,0.0,0.029411765,0.2,0.0,0.0,0.0,0.0,0.0,0.0,0.0,0.0,0.0,0.0,0.0,0.0,0.0,0.0,0.0,0.0,0.0,0.0,0.017294891,0.009784736,0.0,0.0,1.0,1.0,0.05,0.06,0.0,0.7605624,1.0,1.0,0.0887778,0.0,0.0030727237,0.0,0.0,0.07576582,0.0
0.0,0.0,0.029411765,0.1,0.0,0.0,0.0,0.0,0.0,0.0,0.0,0.0,0.0,0.0,0.0,0.0,0.0,0.0,0.0,0.0,0.0,0.0,0.023562439,0.015655577,1.0,1.0,0.0,0.0,0.06,0.06,0.0,0.77154696,1.0,1.0,0.086570404,0.0,0.0,0.0,0.0,0.08758885,0.0
0.0,0.0,0.029411765,0.2,0.0,0.0,0.0,0.0,0.0,0.0,0.0,0.0,0.0,0.0,0.0,0.0,0.0,0.0,0.0,0.0,0.0,0.003109306,0.01681175,0.02739726,0.0,0.0,1.0,1.0,0.06,0.07,0.0,0.77252626,1.0,1.0,0.09250625,0.0,0.002203852,0.0,0.0,0.07948294,0.0
0.0,0.0,0.029411765,0.2,0.0,0.0,0.0,0.0,0.0,0.0,0.0,0.0,0.0,0.0,0.0,0.0,0.0,0.0,0.0,0.0,0.0,0.005501151,0.016535401,0.039138943,0.0,0.0,1.0,1.0,0.07,0.05,0.0,0.7768961,1.0,1.0,0.093973495,0.0,0.0019359589,0.0,0.0,0.08053872,0.0
0.0,0.0,0.6911765,0.2,0.0,0.0,0.0,0.0,0.0,0.0,0.0,0.0,0.0,0.0,0.0,0.0,0.0,0.0,0.0,0.0,0.0,0.0,0.017267779,0.011741683,0.0,0.0,1.0,1.0,0.05,0.06,0.0,0.76088023,1.0,1.0,0.088890366,0.0,0.0030516386,0.0,0.0,0.075871825,0.0
0.0,1.0,0.36764705,0.0,1.6426413e-05,0.0,0.0,0.0,0.0,0.005069107,0.0,0.0,0.0,0.0,0.0,0.0,0.0,0.0,0.0,0.0,0.0,0.016916484,0.014883742,0.704501,0.0,0.0,0.0,0.0,1.0,0.0,0.0,0.7883496,1.0,1.0,0.09839583,0.0,0.0035002083,0.0,0.0,0.0875496,0.0
0.0,0.0,0.029411765,0.2,0.0,0.0,0.0,0.0,0.0,0.0,0.0,0.0,0.0,0.0,0.0,0.0,0.0,0.0,0.0,0.0,0.0,0.0008969009,0.017042965,0.031311154,0.0,0.0,1.0,1.0,0.16,0.07,0.0,0.7674606,1.0,1.0,0.09080028,0.0,0.0031583458,0.0,0.0,0.07708767,0.0
0.016234947,0.0,0.04411765,0.3,0.00017897149,0.0,0.0,0.0,0.0,0.023902863,0.0,0.0,0.0,0.0,0.0,0.0,0.0014217645,0.005956024,0.0,0.0,0.0,0.0430474,0.00966537,0.15459883,0.03,0.03,0.97,0.97,1.0,0.0,0.0,0.8260846,1.0,1.0,0.11242884,0.0,0.009198889,0.0,0.0,0.07833287,0.0
0.0,0.0,0.1764706,0.2,0.0,0.0,0.0,0.0,0.0,0.0,0.0,0.0,0.0,0.0,0.0,0.0,0.0,0.0,0.0,0.0,0.0,0.005509883,0.01655776,0.037181996,0.0,0.0,1.0,1.0,0.06,0.06,0.0,0.7770262,1.0,1.0,0.09399312,0.0,0.0018530339,0.0,0.0,0.080782324,0.0
0.13031274,0.0,0.13235295,0.0,0.0,3.2691223e-05,0.0,0.0,0.0,0.0,0.0,0.0,0.0,0.0,0.0,0.0,0.0,0.0,0.0,0.0,0.0,0.0,0.018345207,0.0019569471,0.0,0.0,0.0,0.0,1.0,0.0,0.0,0.76051223,1.0,1.0,0.08732691,0.0,0.0032428056,0.0,0.0,0.08182871,0.0
0.0,0.0,0.7941176,0.2,0.0,0.0,0.0,0.0,0.0,0.0,0.0,0.0,0.0,0.0,0.0,0.0,0.0,0.0,0.0,0.0,0.0,0.0,0.017177194,0.01369863,0.0,0.0,1.0,1.0,0.05,0.06,0.0,0.76322865,1.0,1.0,0.08962142,0.0,0.002878517,0.0,0.0,0.07655054,0.0
0.0,0.0,0.029411765,0.2,0.0,0.0,0.0,0.0,0.0,0.0,0.0,0.0,0.0,0.0,0.0,0.0,0.0,0.0,0.0,0.0,0.0,0.0020501912,0.016899481,0.03522505,0.0,0.0,1.0,1.0,0.12,0.05,0.0,0.7697356,1.0,1.0,0.09158132,0.0,0.0029100627,0.0,0.0,0.07780847,0.0
0.0,1.0,0.36764705,0.0,8.08587e-06,0.0,0.0,0.0,0.0,0.006652504,0.0,0.0,0.0,0.0,0.0,0.0,0.0,0.0,0.0,0.0,0.0,0.018143237,0.015007824,0.8356164,0.0,0.0,0.0,0.0,1.0,0.0,0.0,0.791365,1.0,1.0,0.09914368,0.0,0.0030460358,0.0,0.0,0.08849743,0.0
0.13012215,0.0,0.13235295,0.0,0.0,3.2691223e-05,0.0,0.0,0.0,0.023709357,0.0,0.0,0.0,0.0,0.0,0.0,0.0,0.0,0.0,0.0,0.0,0.032652766,0.018636763,0.0019569471,0.0,0.0,0.0,0.0,1.0,0.0,0.0,0.82715416,1.0,1.0,0.104946084,0.0,0.00022907555,0.0,0.0,0.09692603,0.0
0.0,0.0,0.8382353,0.1,0.0,0.0,0.0,0.0,0.0,0.0,0.0,0.0,0.0,0.0,0.0,0.0,0.0,0.0,0.0,0.0,0.0,0.0,0.023489498,0.021526419,1.0,1.0,0.0,0.0,0.08,0.06,0.0,0.7738689,1.0,1.0,0.08724346,0.0,0.0,0.0,0.0,0.08810753,0.0
0.0,0.0,0.029411765,0.2,0.0,0.0,0.0,0.0,0.0,0.0,0.0,0.0,0.0,0.0,0.0,0.0,0.0,0.0,0.0,0.0,0.0,0.00483796,0.016570427,0.037181996,0.0,0.0,1.0,1.0,0.06,0.05,0.0,0.77578115,1.0,1.0,0.09364908,0.0,0.001925692,0.0,0.0,0.08036724,0.0
0.0,0.0,0.5,0.5,0.0,0.0,0.0,0.0,0.0,0.0,0.0,0.0,0.0,0.0,0.0,0.0,0.0,0.0,0.0,0.0,0.0,0.004477769,0.016685449,0.039138943,0.0,0.0,1.0,1.0,0.09,0.06,0.0,0.77453625,1.0,1.0,0.09312879,0.0,0.002398774,0.0,0.0,0.07947111,0.0
0.0,0.0,0.04411765,0.1,0.0,0.0,0.0,0.0,0.0,0.05359888,0.0,0.0,0.0,0.0,0.0,0.0,0.0027747378,0.025314063,0.0,0.0,0.0,0.07034248,0.014151476,0.113502935,1.0,1.0,0.0,0.0,1.0,0.0,0.0,0.88408995,1.0,1.0,0.123877935,0.0,0.0037004203,0.0,0.0,0.099919975,0.0
0.0,0.0,0.029411765,0.2,0.0,0.0,0.0,0.0,0.0,0.0,0.0,0.0,0.0,0.0,0.0,0.0,0.0,0.0,0.0,0.0,0.0,0.00024715066,0.017054088,0.023483366,0.0,0.0,1.0,1.0,0.09,0.06,0.0,0.76675594,1.0,1.0,0.09065456,0.0,0.0028966665,0.0,0.0,0.07725608,0.0
0.0,0.0,0.029411765,0.1,0.0,0.0,0.0,0.0,0.0,0.0,0.0,0.0,0.0,0.0,0.0,0.0,0.0,0.0,0.0,0.0,0.0,0.0,0.026599087,0.0019569471,1.0,1.0,0.0,0.0,0.01,0.06,0.0,0.70654833,1.0,1.0,0.06656041,0.0,0.0,0.0,0.0,0.071198225,0.0
0.0,0.0,0.029411765,0.2,0.0,0.0,0.0,0.0,0.0,0.0,0.0,0.0,0.0,0.0,0.0,0.0,0.0,0.0,0.0,0.0,0.0,0.0,0.017136097,0.021526419,0.0,0.0,1.0,1.0,0.09,0.08,0.0,0.7645973,1.0,1.0,0.08998608,0.0,0.0030415207,0.0,0.0,0.07665533,0.0
0.035761934,0.0,0.04411765,0.3,0.0008872809,0.0,0.0,0.0,0.0,0.037984103,0.0,0.0,0.0,0.0,0.0,0.0,0.002763033,0.01860264,0.0,0.0,0.0,0.059057653,0.0094483495,0.021526419,0.0,0.0,1.0,1.0,1.0,0.0,0.0,0.8536936,1.0,1.0,0.11988198,0.0,0.009283468,0.0,0.0,0.08253679,0.0
0.0,0.0,0.029411765,0.1,0.0,0.0,0.0,0.0,0.0,0.0,0.0,0.0,0.0,0.0,0.0,0.0,0.0,0.0,0.0,0.0,0.0,0.0,0.023719415,0.0058708414,1.0,1.0,0.0,0.0,0.08,0.21,0.0,0.774542,1.0,1.0,0.08711075,0.0,0.0,0.0,0.0,0.088056564,0.0
0.0,0.0,0.029411765,0.1,0.0,0.0,0.0,0.0,0.0,0.0,0.0,0.0,0.0,0.0,0.0,0.0,0.0,0.0,0.0,0.0,0.0,0.0,0.023339167,0.011741683,1.0,1.0,0.0,0.0,0.03,0.06,0.0,0.774408,1.0,1.0,0.08763661,0.0,0.0,0.0,0.0,0.08873969,0.0
0.0,0.0,0.04411765,0.0,0.0008681168,0.0061771553,0.0,0.0,0.0,0.0,0.0,0.0,0.0,0.0,0.0,0.0,0.0,0.0,0.0,0.0,0.0,0.0076176226,0.010686427,0.007827789,0.0,0.0,0.0,0.0,1.0,0.0,0.5,0.76479435,1.0,1.0,0.09530776,0.0,0.009791657,0.0,0.0,0.06610125,0.0
0.0,0.0,0.7205882,0.2,0.0,0.0,0.0,0.0,0.0,0.0,0.0,0.0,0.0,0.0,0.0,0.0,0.0,0.0,0.0,0.0,0.0,0.005220622,0.016647056,0.03522505,0.0,0.0,1.0,1.0,0.07,0.06,0.0,0.7762933,1.0,1.0,0.0936772,0.0,0.0020480603,0.0,0.0,0.08040866,0.0
0.0,0.0,0.029411765,0.2,0.0,0.0,0.0,0.0,0.0,0.0,0.0,0.0,0.0,0.0,0.0,0.0,0.0,0.0,0.0,0.0,0.0,0.0,0.017113931,0.019569471,0.0,0.0,1.0,1.0,0.07,0.07,0.0,0.7653705,1.0,1.0,0.09023332,0.0,0.0029006004,0.0,0.0,0.076998085,0.0
0.014190419,0.0,0.04411765,0.3,0.0009226168,0.0,0.0,0.0,0.0,0.009682745,0.0,0.0,0.0,0.0,0.0,0.0,0.0,0.0,0.0,0.0,0.0,0.027391851,0.010081127,0.099804305,0.0,0.0,1.0,1.0,1.0,0.0,0.0,0.79894197,1.0,1.0,0.104878746,0.0,0.009490326,0.0,0.0,0.072849005,0.0
0.0,0.0,0.6764706,0.1,0.0,0.0,0.0,0.0,0.0,0.0,0.0,0.0,0.0,0.0,0.0,0.0,0.0,0.0,0.0,0.0,0.0,0.0,0.023401126,0.017612524,1.0,1.0,0.0,0.0,0.05,0.08,0.0,0.77635694,1.0,1.0,0.0880164,0.0,0.0,0.0,0.0,0.088828295,0.0
0.0,0.0,0.029411765,0.2,0.0,0.0,0.0,0.0,0.0,0.0,0.0,0.0,0.0,0.0,0.0,0.0,0.0,0.0,0.0,0.0,0.0,0.005153626,0.0166535,0.03522505,0.0,0.0,1.0,1.0,0.07,0.07,0.0,0.77615094,1.0,1.0,0.09363028,0.0,0.002069205,0.0,0.0,0.0803501,0.0
0.0,0.0,0.04411765,0.1,0.0,0.0,0.0,0.0,0.0,0.05647871,0.0,0.0,0.0,0.0,0.0,0.0,0.002597563,0.02579537,0.0,0.0,0.0,0.07187989,0.015464842,0.15655577,1.0,1.0,0.0,0.0,1.0,0.0,0.0,0.8896502,1.0,1.0,0.12421983,0.0,0.0021766573,0.0,0.0,0.10435623,0.0
0.0,0.0,0.029411765,0.2,0.0,0.0,0.0,0.0,0.0,0.0,0.0,0.0,0.0,0.0,0.0,0.0,0.0,0.0,0.0,0.0,0.0,0.0,0.01714728,0.017612524,0.0,0.0,1.0,1.0,0.07,0.06,0.0,0.76395,1.0,1.0,0.089823686,0.0,0.0029732585,0.0,0.0,0.07653549,0.0
0.0,0.0,0.029411765,0.2,0.0,0.0,0.0,0.0,0.0,0.0,0.0,0.0,0.0,0.0,0.0,0.0,0.0,0.0,0.0,0.0,0.0,0.0035318732,0.016842589,0.023483366,0.0,0.0,1.0,1.0,0.05,0.07,0.0,0.77337277,1.0,1.0,0.09270347,0.0,0.0021381527,0.0,0.0,0.07978365,0.0
0.0,0.0,0.0,0.2,0.0,0.0,0.0,0.0,0.0,0.0,0.0,0.0,0.0,0.0,0.0,0.0,0.0,0.0,0.0,0.0,0.0,0.0018920302,0.016924404,0.0332681,0.0,0.0,1.0,1.0,0.12,0.06,0.0,0.7694652,1.0,1.0,0.091484495,0.0,0.0029241145,0.0,0.0,0.07772198,0.0
0.0,0.0,0.029411765,0.2,0.0,0.0,0.0,0.0,0.0,0.0,0.0,0.0,0.0,0.0,0.0,0.0,0.0,0.0,0.0,0.0,0.0,0.002592206,0.016880915,0.023483366,0.0,0.0,1.0,1.0,0.05,0.06,0.0,0.7715585,1.0,1.0,0.092171706,0.0,0.0022954196,0.0,0.0,0.079134375,0.0
0.0,0.0,0.029411765,0.1,0.0,0.0,0.0,0.0,0.0,0.0,0.0,0.0,0.0,0.0,0.0,0.0,0.0,0.0,0.0,0.0,0.0,0.0,0.025495693,0.0058708414,1.0,1.0,0.0,0.0,0.02,0.06,0.0,0.7345413,1.0,1.0,0.07498998,0.0,0.0,0.0,0.0,0.079197496,0.0
1.7326518e-05,0.0,0.22058824,0.0,4.1368454e-05,0.00021769383,0.0,0.0,0.0,0.0,0.0,0.0,0.0,0.0,0.0,0.0,0.0,0.0,0.0,0.0,0.0,0.0,0.013833404,0.0039138943,0.0,0.0,0.0,0.0,1.0,0.0,0.0,0.75015235,1.0,1.0,0.08865795,0.0,0.0068199784,0.0,0.0,0.07232946,0.0
0.0,0.0,0.029411765,0.2,0.0,0.0,0.0,0.0,0.0,0.0,0.0,0.0,0.0,0.0,0.0,0.0,0.0,0.0,0.0,0.0,0.0,0.0013363063,0.016967967,0.03522505,0.0,0.0,1.0,1.0,0.16,0.06,0.0,0.7682177,1.0,1.0,0.09108082,0.0,0.0031355321,0.0,0.0,0.0771842,0.0
0.0,0.0,0.7352941,0.5,0.0,0.0,0.0,0.0,0.0,0.0,0.0,0.0,0.0,0.0,0.0,0.0,0.0,0.0,0.0,0.0,0.0,0.000174582,0.017046891,0.0058708414,0.0,0.0,1.0,1.0,0.01,0.07,0.0,0.76792836,1.0,1.0,0.09110934,0.0,0.0020010024,0.0,0.0,0.0789133,0.0
0.0,0.0,0.029411765,0.2,0.0,0.0,0.0,0.0,0.0,0.0,0.0,0.0,0.0,0.0,0.0,0.0,0.0,0.0,0.0,0.0,0.0,0.0,0.017156877,0.015655577,0.0,0.0,1.0,1.0,0.06,0.07,0.0,0.76532495,1.0,1.0,0.09018742,0.0,0.0028176755,0.0,0.0,0.077194184,0.0
0.14131509,0.0,0.13235295,0.0,0.0,1.1144735e-05,0.0,0.0,0.0,0.0,0.0,0.0,0.0,0.0,0.0,0.0,0.0,0.0,0.0,0.0,0.0,0.0,0.03474985,0.0019569471,0.0,0.0,0.0,0.0,1.0,0.0,0.0,0.63659763,0.9193835,1.0,0.036919825,0.0,0.009368286,0.0,0.0,0.06092225,0.0
0.0,0.0,0.029411765,0.1,0.0,0.0,0.0,0.0,0.0,0.0,0.0,0.0,0.0,0.0,0.0,0.0,0.0,0.0,0.0,0.0,0.0,0.0,0.023413412,0.015655577,1.0,1.0,0.0,0.0,0.05,0.1,0.0,0.7753763,1.0,1.0,0.087755136,0.0,0.0,0.0,0.0,0.08868265,0.0
0.0,0.0,0.029411765,0.2,0.0,0.0,0.0,0.0,0.0,0.0,0.0,0.0,0.0,0.0,0.0,0.0,0.0,0.0,0.0,0.0,0.0,0.0,0.017265067,0.009784736,0.0,0.0,1.0,1.0,0.04,0.06,0.0,0.7621869,1.0,1.0,0.08924701,0.0,0.00294362,0.0,0.0,0.07633698,0.0
0.0,1.0,0.36764705,0.0,1.6426413e-05,0.0,0.0,0.0,0.0,0.0,0.0,0.0,0.0,0.0,0.0,0.0,0.0,0.0,0.0,0.0,0.0,0.0020888448,0.017810762,0.2446184,0.0,0.0,0.0,0.0,1.0,0.0,0.0,0.77436244,1.0,1.0,0.09200334,0.0,0.00038646162,0.0,0.0,0.08501476,0.0
0.0,1.0,0.36764705,0.0,1.6044403e-05,0.0,0.0,0.0,0.0,0.0,0.0,0.0,0.0,0.0,0.0,0.0,0.0,0.0,0.0,0.0,0.0,0.012076974,0.014295548,0.19960861,0.0,0.0,0.0,0.0,1.0,0.0,0.0,0.77791643,1.0,1.0,0.09610354,0.0,0.004737556,0.0,0.0,0.08292925,0.0
0.0,0.0,0.6764706,0.1,0.0,0.0,0.0,0.0,0.0,0.0,0.0,0.0,0.0,0.0,0.0,0.0,0.0,0.0,0.0,0.0,0.0,0.0,0.023332365,0.023483366,1.0,1.0,0.0,0.0,0.07,0.09,0.0,0.77802,1.0,1.0,0.08851818,0.0,0.0,0.0,0.0,0.08920491,0.0
0.0,1.0,0.36764705,0.0,8.08587e-06,0.0,0.0,0.0,0.0,0.0011550486,0.0,0.0,0.0,0.0,0.0,0.0,0.0,0.0,0.0,0.0,0.0,0.01358816,0.014487952,0.3561644,0.0,0.0,0.0,0.0,1.0,0.0,0.0,0.7810441,1.0,1.0,0.0967608,0.0,0.0044005364,0.0,0.0,0.084450334,0.0
0.035657976,0.0,0.04411765,0.3,0.0016197843,0.0,0.0,0.0,0.0,0.0,0.0,0.0,0.0,0.0,0.0,0.0,0.0,0.0,0.0,0.0,0.0,0.0,0.011520684,0.0039138943,0.0,0.0,0.5,0.5,1.0,0.0,0.0,0.7395427,1.0,1.0,0.087836646,0.0,0.009777352,0.0,0.0,0.06259692,0.0
0.0,0.0,0.029411765,0.2,0.0,0.0,0.0,0.0,0.0,0.0,0.0,0.0,0.0,0.0,0.0,0.0,0.0,0.0,0.0,0.0,0.0,0.0038598478,0.016777657,0.03522505,0.0,0.0,1.0,1.0,0.09,0.06,0.0,0.7733997,1.0,1.0,0.09272308,0.0,0.002477929,0.0,0.0,0.07921854,0.0
0.0,0.0,0.073529415,0.2,0.0,0.0,0.0,0.0,0.0,0.0,0.0,0.0,0.0,0.0,0.0,0.0,0.0,0.0,0.0,0.0,0.0,0.0,0.017082594,0.0039138943,0.0,0.0,1.0,1.0,0.01,0.08,0.0,0.76742077,1.0,1.0,0.090934254,0.0,0.0020502955,0.0,0.0,0.07872921,0.0
0.0,0.0,0.029411765,0.2,0.0,0.0,0.0,0.0,0.0,0.0,0.0,0.0,0.0,0.0,0.0,0.0,0.0,0.0,0.0,0.0,0.0,0.001927346,0.016948394,0.023483366,0.0,0.0,1.0,1.0,0.04,0.07,0.0,0.7710544,1.0,1.0,0.092039414,0.0,0.0018776506,0.0,0.0,0.0797337,0.0
0.0,0.0,0.029411765,0.2,0.0,0.0,0.0,0.0,0.0,0.0,0.0,0.0,0.0,0.0,0.0,0.0,0.0,0.0,0.0,0.0,0.0,0.0,0.017058186,0.011741683,0.0,0.0,1.0,1.0,0.03,0.07,0.0,0.76648927,1.0,1.0,0.09067341,0.0,0.0023305714,0.0,0.0,0.07808179,0.0
0.0,0.0,0.04411765,0.0,0.0008681168,0.0061771553,0.0,0.0,0.0,0.0,0.0,0.0,0.0,0.0,0.0,0.0,0.0,0.0,0.0,0.0,0.0,0.006304145,0.01080665,0.0058708414,0.0,0.0,0.0,0.0,1.0,0.0,0.0,0.7625413,1.0,1.0,0.094593756,0.0,0.00977461,0.0,0.0,0.06596044,0.0
1.7326518e-05,0.0,0.22058824,0.0,4.1368454e-05,0.00021769383,0.0,0.0,0.0,0.0,0.0,0.0,0.0,0.0,0.0,0.0,0.0,0.0,0.0,0.0,0.0,0.0,0.014267042,0.0058708414,0.0,0.0,0.0,0.0,1.0,0.0,0.0,0.7458383,1.0,1.0,0.08722568,0.0,0.0064109415,0.0,0.0,0.07091862,0.0
0.0,0.0,0.029411765,0.2,0.0,0.0,0.0,0.0,0.0,0.026879847,0.0,0.0,0.0,0.0,0.0,0.0,0.0006555468,0.0,0.0,0.0,0.0,0.036364526,0.016463794,0.0058708414,0.0,0.0,1.0,1.0,0.13,0.09,0.0,0.83171654,1.0,1.0,0.10822331,0.0,0.00069643557,0.0,0.0,0.09619343,0.0
0.0,0.0,0.029411765,0.1,0.0,0.0,0.0,0.0,0.0,0.0,0.0,0.0,0.0,0.0,0.0,0.0,0.0,0.0,0.0,0.0,0.0,0.0,0.0234088,0.017612524,1.0,1.0,0.0,0.0,0.06,0.1,0.0,0.77685475,1.0,1.0,0.08812923,0.0,0.0,0.0,0.0,0.08891225,0.0
0.0,0.0,0.30882353,0.2,0.0,0.0,0.0,0.0,0.0,0.0,0.0,0.0,0.0,0.0,0.0,0.0,0.0,0.0,0.0,0.0,0.0,0.0,0.017198615,0.0019569471,0.0,0.0,1.0,1.0,0.0,0.06,0.0,0.7635428,1.0,1.0,0.0897653,0.0,0.002338335,0.0,0.0,0.077518374,0.0
0.0,0.0,0.029411765,0.2,0.0,0.0,0.0,0.0,0.0,0.0,0.0,0.0,0.0,0.0,0.0,0.0,0.0,0.0,0.0,0.0,0.0,0.0011784136,0.01695051,0.0058708414,0.0,0.0,1.0,1.0,0.01,0.06,0.0,0.7700629,1.0,1.0,0.09181323,0.0,0.0016839057,0.0,0.0,0.07979116,0.0
0.0,0.0,0.029411765,0.2,0.0,0.0,0.0,0.0,0.0,0.0,0.0,0.0,0.0,0.0,0.0,0.0,0.0,0.0,0.0,0.0,0.0,0.0,0.017262757,0.009784736,0.0,0.0,1.0,1.0,0.04,0.06,0.0,0.761274,1.0,1.0,0.089012496,0.0,0.002967015,0.0,0.0,0.07605845,0.0
0.0,0.0,0.029411765,0.2,0.0,0.0,0.0,0.0,0.0,0.0,0.0,0.0,0.0,0.0,0.0,0.0,0.0,0.0,0.0,0.0,0.0,0.0011841059,0.016963601,0.031311154,0.0,0.0,1.0,1.0,0.11,0.06,0.0,0.76825523,1.0,1.0,0.09112879,0.0,0.0029280335,0.0,0.0,0.07751146,0.0
0.0,0.0,0.029411765,0.2,0.0,0.0,0.0,0.0,0.0,0.0,0.0,0.0,0.0,0.0,0.0,0.0,0.0,0.0,0.0,0.0,0.0,0.0,0.01927279,0.03522505,0.0,0.0,1.0,1.0,0.12,0.06,0.0,0.7412678,1.0,1.0,0.08178156,0.0,0.0029650033,0.0,0.0,0.07294756,0.0
0.0,0.0,0.029411765,0.2,0.0,0.0,0.0,0.0,0.0,0.0,0.0,0.0,0.0,0.0,0.0,0.0,0.0,0.0,0.0,0.0,0.0,0.0016729534,0.016925842,0.037181996,0.0,0.0,1.0,1.0,0.15,0.07,0.0,0.7688675,1.0,1.0,0.091302864,0.0,0.0030650795,0.0,0.0,0.07742673,0.0
0.015524561,0.0,0.04411765,0.3,0.0009923336,0.0,0.0,0.0,0.0,0.010123253,0.0,0.0,0.0,0.0,0.0,0.0,0.0,0.0,0.0,0.0,0.0,0.02788344,0.010019481,0.12133072,0.02,0.02,0.97,0.97,1.0,0.0,0.0,0.7997602,1.0,1.0,0.10515811,0.0,0.009488821,0.0,0.0,0.07294044,0.0
0.12495885,0.0,0.13235295,0.0,0.0,3.2691223e-05,0.0,0.0,0.0,0.01317659,0.0,0.0,0.0,0.0,0.0,0.0,0.0,0.0,0.0,0.0,0.0,0.023014307,0.018079601,0.0019569471,0.0,0.0,0.0,0.0,1.0,0.0,0.0,0.8065258,1.0,1.0,0.09976854,0.0,0.0020049065,0.0,0.0,0.09242603,0.0
0.0,0.0,0.029411765,0.2,0.0,0.0,0.0,0.0,0.0,0.0,0.0,0.0,0.0,0.0,0.0,0.0,0.0,0.0,0.0,0.0,0.0,0.00060883164,0.017061435,0.025440313,0.0,0.0,1.0,1.0,0.1,0.07,0.0,0.76727533,1.0,1.0,0.09076703,0.0,0.0029578358,0.0,0.0,0.077347994,0.0
0.0,0.0,0.029411765,0.1,0.0,0.0,0.0,0.0,0.0,0.0,0.0,0.0,0.0,0.0,0.0,0.0,0.0,0.0,0.0,0.0,0.0,0.0,0.023097321,0.023483366,1.0,1.0,0.0,0.0,0.05,0.06,0.0,0.7800044,1.0,1.0,0.08937212,0.0,0.0,0.0,0.0,0.09011096,0.0
0.0,0.0,0.029411765,0.2,0.0,0.0,0.0,0.0,0.0,0.0,0.0,0.0,0.0,0.0,0.0,0.0,0.0,0.0,0.0,0.0,0.0,0.0,0.017119065,0.021526419,0.0,0.0,1.0,1.0,0.09,0.06,0.0,0.76497686,1.0,1.0,0.09011119,0.0,0.0029851198,0.0,0.0,0.07681146,0.0
0.0,0.0,0.029411765,0.1,0.0,0.0,0.0,0.0,0.0,0.0,0.0,0.0,0.0,0.0,0.0,0.0,0.0,0.0,0.0,0.0,0.0,0.0,0.023628563,0.0019569471,1.0,1.0,0.0,0.0,0.01,0.1,0.0,0.7701837,1.0,1.0,0.086169235,0.0,0.0,0.0,0.0,0.08746442,0.0
0.0,0.0,0.029411765,0.1,0.0,0.0,0.0,0.0,0.0,0.0,0.0,0.0,0.0,0.0,0.0,0.0,0.0,0.0,0.0,0.0,0.0,0.0,0.0230956,0.029354207,1.0,1.0,0.0,0.0,0.06,0.08,0.0,0.7813598,1.0,1.0,0.08969503,0.0,0.0,0.0,0.0,0.09028131,0.0
0.0,0.0,0.32352942,0.5,0.0,0.0,0.0,0.0,0.0,0.0,0.0,0.0,0.0,0.0,0.0,0.0,0.0,0.0,0.0,0.0,0.0,0.0017602146,0.016927287,0.03522505,0.0,0.0,1.0,1.0,0.13,0.07,0.0,0.769119,1.0,1.0,0.091377996,0.0,0.0030016303,0.0,0.0,0.07755491,0.0
0.0,0.0,0.61764705,0.2,0.0,0.0,0.0,0.0,0.0,0.0,0.0,0.0,0.0,0.0,0.0,0.0,0.0,0.0,0.0,0.0,0.0,0.0,0.017214447,0.011741683,0.0,0.0,1.0,1.0,0.04,0.06,0.0,0.7630266,1.0,1.0,0.08953158,0.0,0.0028449744,0.0,0.0,0.07665765,0.0
0.13183747,0.0,0.13235295,0.0,0.0,3.2691223e-05,0.0,0.0,0.0,0.0,0.0,0.0,0.0,0.0,0.0,0.0,0.0,0.0,0.0,0.0,0.0,0.0,0.019203827,0.015655577,0.0,0.12,0.0,0.38,1.0,0.0,0.62,0.7523823,1.0,1.0,0.08444845,0.0,0.0027218908,0.0,0.0,0.080936074,0.0
0.0,0.0,0.04411765,0.0,0.0008681168,0.0061771553,0.0,0.0,0.0,0.0,0.0,0.0,0.0,0.0,0.0,0.0,0.0,0.0,0.0,0.0,0.0,0.009180218,0.010685593,0.015655577,0.0,0.0,0.0,0.0,1.0,0.0,0.25,0.76752365,1.0,1.0,0.09602701,0.0,0.009747624,0.0,0.0,0.06674519,0.0
0.015645847,0.0,0.04411765,0.3,0.0008993779,0.0,0.0,0.0,0.0,0.0,0.0,0.0,0.0,0.0,0.0,0.0,0.0,0.0,0.0,0.0,0.0,0.01560992,0.010408282,0.06849315,0.03,0.03,0.94,0.94,1.0,0.0,0.0,0.7785593,1.0,1.0,0.09919915,0.0,0.009686977,0.0,0.0,0.068752944,0.0
0.0,0.0,0.04411765,0.2,0.0,0.0,0.0,0.0,0.0,0.0,0.0,0.0,0.0,0.0,0.0,0.0,0.0,0.0,0.0,0.0,0.0,0.0028178096,0.017621912,0.031311154,0.0,0.0,1.0,1.0,0.11,0.06,0.0,0.7725345,1.0,1.0,0.091708206,0.0,0.0022263974,0.0,0.0,0.07949838,0.0
0.12686476,0.0,0.13235295,0.0,0.0,3.2691223e-05,0.0,0.0,0.0,0.0,0.0,0.0,0.0,0.0,0.0,0.0,0.0,0.0,0.0,0.0,0.0,0.0,0.017969348,0.0019569471,0.0,0.0,0.0,0.0,1.0,0.0,0.0,0.7386235,1.0,1.0,0.081861384,0.0,0.0041858554,0.0,0.0,0.0753462,0.0
1.7326518e-05,0.0,0.22058824,0.0,4.1368454e-05,0.00021769383,0.0,0.0,0.0,0.0,0.0,0.0,0.0,0.0,0.0,0.0,0.0,0.0,0.0,0.0,0.0,0.00288862,0.012029462,0.0058708414,0.0,0.0,0.0,0.0,1.0,0.0,0.0,0.75725937,1.0,1.0,0.091924034,0.0,0.00889878,0.0,0.0,0.07099813,0.0
0.0,0.0,0.029411765,0.2,0.0,0.0,0.0,0.0,0.0,0.0,0.0,0.0,0.0,0.0,0.0,0.0,0.0,0.0,0.0,0.0,0.0,0.0029377341,0.01677221,0.0332681,0.0,0.0,1.0,1.0,0.08,0.06,0.0,0.77187264,1.0,1.0,0.09234481,0.0,0.002454251,0.0,0.0,0.07880908,0.0
0.0,0.0,0.029411765,0.1,0.0,0.0,0.0,0.0,0.0,0.0,0.0,0.0,0.0,0.0,0.0,0.0,0.0,0.0,0.0,0.0,0.0,0.0,0.023382999,0.0039138943,1.0,1.0,0.0,0.0,0.01,0.07,0.0,0.7737272,1.0,1.0,0.08742642,0.0,0.0,0.0,0.0,0.0886291,0.0
0.0,0.0,0.75,0.1,0.0,0.0,0.0,0.0,0.0,0.0,0.0,0.0,0.0,0.0,0.0,0.0,0.0,0.0,0.0,0.0,0.0,0.0,0.023477428,0.03522505,1.0,1.0,0.0,0.0,0.17,0.07,0.0,0.77570426,1.0,1.0,0.087680645,0.0,0.0,0.0,0.0,0.08821124,0.0
0.035796586,0.0,0.04411765,0.3,0.0013751072,0.0,0.0,0.0,0.0,0.0,0.0,0.0,0.0,0.0,0.0,0.0,0.0,0.0,0.0,0.0,0.0,0.0,0.011279024,0.023483366,0.0,0.0,1.0,1.0,1.0,0.0,0.0,0.7506057,1.0,1.0,0.09098389,0.0,0.009704605,0.0,0.0,0.06462368,0.0
1.7326518e-05,0.0,0.22058824,0.0,4.1368454e-05,0.00021769383,0.0,0.0,0.0,0.0,0.0,0.0,0.0,0.0,0.0,0.0,0.0,0.0,0.0,0.0,0.0,0.004051447,0.011853091,0.0058708414,0.0,0.0,0.0,0.0,1.0,0.0,0.0,0.7592772,1.0,1.0,0.09263966,0.0,0.00895378,0.0,0.0,0.07070932,0.0
0.0,0.0,0.2647059,0.2,0.0,0.0,0.0,0.0,0.0,0.0,0.0,0.0,0.0,0.0,0.0,0.0,0.0,0.0,0.0,0.0,0.0,0.0,0.017119415,0.0019569471,0.0,0.0,1.0,1.0,0.0,0.07,0.0,0.7652978,1.0,1.0,0.090344034,0.0,0.0020776242,0.0,0.0,0.078240216,0.0
0.0,1.0,0.36764705,0.0,8.276875e-06,0.0,0.0,0.0,0.0,0.00107041,0.0,0.0,0.0,0.0,0.0,0.0,0.0,0.0,0.0,0.0,0.0,0.013512611,0.014478348,0.3483366,0.0,0.0,0.0,0.0,1.0,0.0,0.0,0.78088784,1.0,1.0,0.096727945,0.0,0.0044173747,0.0,0.0,0.08437434,0.0
0.0,0.0,0.4852941,0.2,0.0,0.0,0.0,0.0,0.0,0.0,0.0,0.0,0.0,0.0,0.0,0.0,0.0,0.0,0.0,0.0,0.0,0.0005518198,0.017019846,0.011741683,0.0,0.0,1.0,1.0,0.03,0.07,0.0,0.7683034,1.0,1.0,0.09120514,0.0,0.0021732599,0.0,0.0,0.07873103,0.0
0.0,0.0,0.029411765,0.1,0.0,0.0,0.0,0.0,0.0,0.0,0.0,0.0,0.0,0.0,0.0,0.0,0.0,0.0,0.0,0.0,0.0,0.0,0.022958972,0.029354207,0.89,1.0,0.11,0.0,0.07,0.07,0.0,0.7778443,1.0,1.0,0.088843055,0.0,0.0,0.0,0.0,0.08891383,0.0
0.013947847,0.0,0.04411765,0.3,0.00096909463,7.4298237e-07,0.0,0.0,0.0,0.034460455,0.0,0.0,0.0,0.0,0.0,0.0,0.002611123,0.015227675,0.0,0.0,0.0,0.05494508,0.009326808,0.11545988,0.03,0.03,0.97,0.97,1.0,0.0,0.0,0.8465229,1.0,1.0,0.11812552,0.0,0.009203672,0.0,0.0,0.08164242,0.0
0.0,1.0,0.36764705,0.0,1.6044403e-05,0.0,0.0,0.0,0.0,0.00049850345,0.0,0.0,0.0,0.0,0.0,0.0,0.0,0.0,0.0,0.0,0.0,0.013002574,0.0144134015,0.29549903,0.0,0.0,0.0,0.0,1.0,0.0,0.0,0.77983224,1.0,1.0,0.09650611,0.0,0.00453113,0.0,0.0,0.083860934,0.0
0.015645847,0.0,0.04411765,0.3,3.9537994e-05,0.0,0.0,0.0,0.0,0.006100267,0.0,0.0,0.0,0.0,0.0,0.0,0.0,0.0,0.0,0.0,0.0,0.023439497,0.010159597,0.1037182,0.02,0.02,0.96,0.96,1.0,0.0,0.0,0.7920855,1.0,1.0,0.103001796,0.0,0.009557232,0.0,0.0,0.07143775,0.0
0.0,0.0,0.04411765,0.1,0.0,0.0,0.0,0.0,0.0,0.0,0.0,0.0,0.0,0.0,0.0,0.0,0.0,0.0,0.0,0.0,0.0,0.0,0.024057977,0.01369863,1.0,1.0,0.0,0.0,1.0,0.0,0.0,0.7466333,1.0,1.0,0.079290755,0.0,0.0,0.0,0.0,0.08160347,0.0
0.0,0.0,0.04411765,0.0,0.0008681168,0.0061771553,0.0,0.0,0.0,0.0,0.0,0.0,0.0,0.0,0.0,0.0,0.0,0.0,0.0,0.0,0.0,0.0034077168,0.010810904,0.007827789,0.0,0.0,0.0,0.0,1.0,0.0,0.0,0.75754476,1.0,1.0,0.09328092,0.0,0.009814963,0.0,0.0,0.064843,0.0
0.0,0.0,0.04411765,0.1,0.0,0.0,0.0,0.0,0.0,0.054454178,0.0,0.0,0.0,0.0,0.0,0.0,0.002758272,0.025492162,0.0,0.0,0.0,0.07082242,0.014494956,0.13111547,1.0,1.0,0.0,0.0,1.0,0.0,0.0,0.8857213,1.0,1.0,0.124018155,0.0,0.0032720715,0.0,0.0,0.10116407,0.0
0.0,0.0,0.029411765,0.1,0.0,0.0,0.0,0.0,0.0,0.0,0.0,0.0,0.0,0.0,0.0,0.0,0.0,0.0,0.0,0.0,0.0,0.0,0.02336578,0.037181996,1.0,1.0,0.0,0.0,0.13,0.05,0.0,0.7765746,1.0,1.0,0.08806012,0.0,0.0,0.0,0.0,0.088612854,0.0
0.0,0.0,0.029411765,0.2,0.0,0.0,0.0,0.0,0.0,0.0,0.0,0.0,0.0,0.0,0.0,0.0,0.0,0.0,0.0,0.0,0.0,0.0026970804,0.016837344,0.03522505,0.0,0.0,1.0,1.0,0.1,0.06,0.0,0.77111113,1.0,1.0,0.09203496,0.0,0.0027056783,0.0,0.0,0.07837424,0.0
1.7326518e-05,0.0,0.22058824,0.0,4.1368454e-05,0.00021769383,0.0,0.0,0.0,0.0,0.0,0.0,0.0,0.0,0.0,0.0,0.0,0.0,0.0,0.0,0.0,0.003426671,0.01108294,0.0039138943,0.0,0.0,0.0,0.0,1.0,0.0,0.0,0.7578789,1.0,1.0,0.09308242,0.0,0.009535149,0.0,0.0,0.06642628,0.0
0.0,0.0,0.029411765,0.2,0.0,0.0,0.0,0.0,0.0,0.0,0.0,0.0,0.0,0.0,0.0,0.0,0.0,0.0,0.0,0.0,0.0,0.004662186,0.016639091,0.037181996,0.0,0.0,1.0,1.0,0.07,0.06,0.0,0.77522373,1.0,1.0,0.09339874,0.0,0.0021208078,0.0,0.0,0.08004096,0.0
0.0,0.0,0.13235295,0.1,0.0,0.0,0.0,0.0,0.0,0.0045802593,0.0,0.0,0.0,0.0,0.0,0.0,0.0,0.0,0.0,0.0,0.0,0.008340895,0.022600546,0.015655577,1.0,1.0,0.0,0.0,0.24,0.12,0.0,0.79333997,1.0,1.0,0.09291848,0.0,0.0,0.0,0.0,0.091068,0.0
0.0,0.0,0.029411765,0.2,0.0,0.0,0.0,0.0,0.0,0.0,0.0,0.0,0.0,0.0,0.0,0.0,0.0,0.0,0.0,0.0,0.0,0.002392739,0.016828656,0.02739726,0.0,0.0,1.0,1.0,0.06,0.06,0.0,0.77118623,1.0,1.0,0.09213095,0.0,0.002290696,0.0,0.0,0.079028755,0.0
0.0,0.0,0.029411765,0.2,0.0,0.0,0.0,0.0,0.0,0.0,0.0,0.0,0.0,0.0,0.0,0.0,0.0,0.0,0.0,0.0,0.0,0.0016865432,0.016901493,0.039138943,0.0,0.0,1.0,1.0,0.16,0.06,0.0,0.768785,1.0,1.0,0.09129878,0.0,0.0031408817,0.0,0.0,0.07720262,0.0
0.0,0.0,0.13235295,0.1,0.0,0.0,0.0,0.0,0.0,0.06080407,0.0,0.0,0.0,0.0,0.0,0.0,0.0026482567,0.026416063,0.0,0.0,0.0,0.07151663,0.01959385,0.22700587,1.0,1.0,0.0,0.0,1.0,0.0,0.0,0.8992301,1.0,1.0,0.123341106,0.0,0.0,0.0,0.0,0.11306545,0.0
0.0,0.0,0.029411765,0.1,0.0,0.0,0.0,0.0,0.0,0.0,0.0,0.0,0.0,0.0,0.0,0.0,0.0,0.0,0.0,0.0,0.0,0.0,0.023141846,0.023483366,1.0,1.0,0.0,0.0,0.05,0.06,0.0,0.7794002,1.0,1.0,0.08915327,0.0,0.0,0.0,0.0,0.08989319,0.0
0.0,0.0,0.32352942,0.5,0.0,0.0,0.0,0.0,0.0,0.0,0.0,0.0,0.0,0.0,0.0,0.0,0.0,0.0,0.0,0.0,0.0,0.0032857656,0.016804643,0.025440313,0.0,0.0,1.0,1.0,0.05,0.07,0.0,0.77296734,1.0,1.0,0.09264397,0.0,0.0021122247,0.0,0.0,0.079689115,0.0
0.0,0.0,0.19117647,0.2,0.0,0.0,0.0,0.0,0.0,0.0,0.0,0.0,0.0,0.0,0.0,0.0,0.0,0.0,0.0,0.0,0.0,0.004689157,0.016679093,0.031311154,0.0,0.0,1.0,1.0,0.06,0.07,0.0,0.77552426,1.0,1.0,0.09345927,0.0,0.0019603819,0.0,0.0,0.08040425,0.0
0.0,0.0,0.029411765,0.2,0.0,0.0,0.0,0.0,0.0,0.0,0.0,0.0,0.0,0.0,0.0,0.0,0.0,0.0,0.0,0.0,0.0,0.0024602711,0.016884431,0.017612524,0.0,0.0,1.0,1.0,0.04,0.06,0.0,0.77170515,1.0,1.0,0.092247956,0.0,0.0020456016,0.0,0.0,0.07953122,0.0
0.0,0.0,0.029411765,0.2,0.0,0.0,0.0,0.0,0.0,0.0,0.0,0.0,0.0,0.0,0.0,0.0,0.0,0.0,0.0,0.0,0.0,0.004370898,0.016738348,0.0332681,0.0,0.0,1.0,1.0,0.07,0.07,0.0,0.77455235,1.0,1.0,0.093095444,0.0,0.002280593,0.0,0.0,0.07971734,0.0
0.0,1.0,0.36764705,0.0,1.6426413e-05,0.0,0.0,0.0,0.0,0.0,0.0,0.0,0.0,0.0,0.0,0.0,0.0,0.0,0.0,0.0,0.0,0.011718065,0.014249839,0.16242662,0.0,0.0,0.0,0.0,1.0,0.0,0.0,0.77717364,1.0,1.0,0.09594744,0.0,0.0048176497,0.0,0.0,0.08256796,0.0
0.0,0.0,0.029411765,0.1,0.0,0.0,0.0,0.0,0.0,0.0,0.0,0.0,0.0,0.0,0.0,0.0,0.0,0.0,0.0,0.0,0.0,0.0,0.023121528,0.017612524,1.0,1.0,0.0,0.0,0.03,0.07,0.0,0.77894545,1.0,1.0,0.08908915,0.0,0.0,0.0,0.0,0.08995193,0.0
0.013722602,0.0,0.04411765,0.3,0.0009789632,7.4298237e-07,0.0,0.0,0.0,0.04937139,0.0,0.0,0.0,0.0,0.0,0.0019129217,0.004322268,0.028331846,0.0,0.0,0.0,0.07172117,0.008848034,0.07436399,0.03,0.03,0.97,0.97,1.0,0.0,0.0,0.8753867,1.0,1.0,0.12617671,0.0,0.009188503,0.0,0.0,0.08631009,0.0
0.0,0.0,0.47058824,0.1,0.0,0.0,0.0,0.0,0.0,0.0,0.0,0.0,0.0,0.0,0.0,0.0,0.0,0.0,0.0,0.0,0.0,0.0,0.023559332,0.009784736,1.0,1.0,0.0,0.0,0.04,0.09,0.0,0.7726662,1.0,1.0,0.086874,0.0,0.0,0.0,0.0,0.08792862,0.0
0.0,0.0,0.029411765,0.2,0.0,0.0,0.0,0.0,0.0,0.0,0.0,0.0,0.0,0.0,0.0,0.0,0.0,0.0,0.0,0.0,0.0,0.0044390857,0.016660444,0.037181996,0.0,0.0,1.0,1.0,0.08,0.06,0.0,0.7747493,1.0,1.0,0.09324234,0.0,0.0021912605,0.0,0.0,0.079845846,0.0
0.0,0.0,0.029411765,0.1,0.0,0.0,0.0,0.0,0.0,0.0,0.0,0.0,0.0,0.0,0.0,0.0,0.0,0.0,0.0,0.0,0.0,0.0,0.02340205,0.009784736,1.0,1.0,0.0,0.0,0.03,0.09,0.0,0.77480066,1.0,1.0,0.08764721,0.0,0.0,0.0,0.0,0.08869791,0.0
0.0,0.0,0.029411765,0.2,0.0,0.0,0.0,0.0,0.0,0.0,0.0,0.0,0.0,0.0,0.0,0.0,0.0,0.0,0.0,0.0,0.0,0.0,0.017103955,0.0039138943,0.0,0.0,1.0,1.0,0.01,0.06,0.0,0.76694643,1.0,1.0,0.09077781,0.0,0.002120778,0.0,0.0,0.078534156,0.0
0.0,1.0,0.36764705,0.0,8.08587e-06,0.0,0.0,0.0,0.0,0.00058323145,0.0,0.0,0.0,0.0,0.0,0.0,0.0,0.0,0.0,0.0,0.0,0.013078123,0.014423013,0.30332682,0.0,0.0,0.0,0.0,1.0,0.0,0.0,0.7799885,1.0,1.0,0.09653898,0.0,0.004514277,0.0,0.0,0.08393699,0.0
0.0,0.0,0.029411765,0.1,0.0,0.0,0.0,0.0,0.0,0.0,0.0,0.0,0.0,0.0,0.0,0.0,0.0,0.0,0.0,0.0,0.0,0.0,0.026275672,0.021526419,1.0,1.0,0.0,0.0,0.09,0.06,0.0,0.7232702,1.0,1.0,0.071228586,0.0,0.0,0.0,0.0,0.07485679,0.0
0.0,0.0,0.3970588,0.1,0.0,0.0,0.0,0.0,0.0,0.0,0.0,0.0,0.0,0.0,0.0,0.0,0.0,0.0,0.0,0.0,0.0,0.0,0.023423523,0.011741683,1.0,1.0,0.0,0.0,0.03,0.06,0.0,0.7726617,1.0,1.0,0.0870715,0.0,0.0,0.0,0.0,0.088205755,0.0
0.0,0.0,0.11764706,0.2,0.0,0.0,0.0,0.0,0.0,0.0,0.0,0.0,0.0,0.0,0.0,0.0,0.0,0.0,0.0,0.0,0.0,0.001737088,0.01686848,0.029354207,0.0,0.0,1.0,1.0,0.08,0.06,0.0,0.76968074,1.0,1.0,0.09165766,0.0,0.0025779456,0.0,0.0,0.078219414,0.0
1.7326518e-05,0.0,0.22058824,0.0,4.1368454e-05,0.00021769383,0.0,0.0,0.0,0.0,0.0,0.0,0.0,0.0,0.0,0.0,0.0,0.0,0.0,0.0,0.0,0.0,0.01364848,0.0058708414,0.0,0.0,0.25,0.0,0.75,0.5,0.0,0.7516793,1.0,1.0,0.08917942,0.0,0.007036686,0.0,0.0,0.07286987,0.0
0.013826561,0.0,0.04411765,0.3,0.001178245,0.0,0.0,0.0,0.0,0.0,0.0,0.0,0.0,0.0,0.0,0.0,0.0,0.0,0.0,0.0,0.0,0.015258789,0.010460414,0.058708414,0.0,0.0,1.0,1.0,1.0,0.0,0.0,0.77799594,1.0,1.0,0.09899745,0.0,0.009661511,0.0,0.0,0.06880808,0.0
0.0,0.0,0.029411765,0.2,0.0,0.0,0.0,0.0,0.0,0.0,0.0,0.0,0.0,0.0,0.0,0.0,0.0,0.0,0.0,0.0,0.0,2.0772219e-05,0.01704,0.009784736,0.0,0.0,1.0,1.0,0.02,0.07,0.0,0.767506,1.0,1.0,0.09098815,0.0,0.0021027178,0.0,0.0,0.07869288,0.0
0.0,0.0,0.029411765,0.2,0.0,0.0,0.0,0.0,0.0,0.0,0.0,0.0,0.0,0.0,0.0,0.0,0.0,0.0,0.0,0.0,0.0,0.0,0.017181732,0.017612524,0.0,0.0,1.0,1.0,0.08,0.06,0.0,0.76415145,1.0,1.0,0.089823596,0.0,0.0030555725,0.0,0.0,0.0765214,0.0
0.0,0.0,0.029411765,0.2,0.0,0.0,0.0,0.0,0.0,0.0,0.0,0.0,0.0,0.0,0.0,0.0,0.0,0.0,0.0,0.0,0.0,0.005401075,0.01661995,0.037181996,0.0,0.0,1.0,1.0,0.07,0.07,0.0,0.776611,1.0,1.0,0.09378972,0.0,0.0020269603,0.0,0.0,0.08051464,0.0
0.0,0.0,0.029411765,0.2,0.0,0.0,0.0,0.0,0.0,0.0,0.0,0.0,0.0,0.0,0.0,0.0,0.0,0.0,0.0,0.0,0.0,0.0011278987,0.016983517,0.015655577,0.0,0.0,1.0,1.0,0.04,0.07,0.0,0.7691672,1.0,1.0,0.091454364,0.0,0.0022469014,0.0,0.0,0.07877445,0.0
0.0,0.0,0.029411765,0.2,0.0,0.0,0.0,0.0,0.0,0.0,0.0,0.0,0.0,0.0,0.0,0.0,0.0,0.0,0.0,0.0,0.0,0.00052818656,0.01709348,0.007827789,0.0,0.0,1.0,1.0,0.02,0.08,0.0,0.76820135,1.0,1.0,0.09108954,0.0,0.0022484958,0.0,0.0,0.078641504,0.0
0.0,0.0,0.029411765,0.2,0.0,0.0,0.0,0.0,0.0,0.0,0.0,0.0,0.0,0.0,0.0,0.0,0.0,0.0,0.0,0.0,0.0,0.0,0.017194614,0.017612524,0.0,0.0,1.0,1.0,0.08,0.07,0.0,0.7638669,1.0,1.0,0.08972975,0.0,0.003097847,0.0,0.0,0.07640436,0.0
0.0,0.0,0.89705884,0.1,0.0,0.0,0.0,0.0,0.0,0.0,0.0,0.0,0.0,0.0,0.0,0.0,0.0,0.0,0.0,0.0,0.0,0.0,0.023696497,0.007827789,1.0,1.0,0.0,0.0,0.03,0.07,0.0,0.7690394,1.0,1.0,0.08576592,0.0,0.0,0.0,0.0,0.086915255,0.0
0.0,0.0,0.029411765,0.2,0.0,0.0,0.0,0.0,0.0,0.0,0.0,0.0,0.0,0.0,0.0,0.0,0.0,0.0,0.0,0.0,0.0,0.0,0.01726716,0.01369863,0.0,0.0,1.0,1.0,0.07,0.06,0.0,0.7612363,1.0,1.0,0.08896447,0.0,0.0031744689,0.0,0.0,0.07573119,0.0
0.0,0.0,0.029411765,0.2,0.0,0.0,0.0,0.0,0.0,0.0,0.0,0.0,0.0,0.0,0.0,0.0,0.0,0.0,0.0,0.0,0.0,0.0004389882,0.017102055,0.007827789,0.0,0.0,1.0,1.0,0.02,0.07,0.0,0.7680117,1.0,1.0,0.091026984,0.0,0.002276659,0.0,0.0,0.07856348,0.0
0.0,0.0,0.029411765,0.2,0.0,0.0,0.0,0.0,0.0,0.0,0.0,0.0,0.0,0.0,0.0,0.0,0.0,0.0,0.0,0.0,0.0,0.000710696,0.017057024,0.0039138943,0.0,0.0,1.0,1.0,0.01,0.07,0.0,0.76895046,1.0,1.0,0.091372184,0.0,0.0019353181,0.0,0.0,0.07926139,0.0
0.0,0.0,0.029411765,0.1,0.0,0.0,0.0,0.0,0.0,0.0,0.0,0.0,0.0,0.0,0.0,0.0,0.0,0.0,0.0,0.0,0.0,0.0,0.024877064,0.0019569471,1.0,1.0,0.0,0.0,0.01,0.06,0.0,0.7456447,1.0,1.0,0.07849891,0.0,0.0,0.0,0.0,0.08171266,0.0
1.7326518e-05,0.0,0.22058824,0.0,4.1368454e-05,0.00021769383,0.0,0.0,0.0,0.0,0.0,0.0,0.0,0.0,0.0,0.0,0.0,0.0,0.0,0.0,0.0,0.005635917,0.011378072,0.0039138943,0.0,0.0,0.0,0.0,1.0,0.0,0.0,0.7619922,1.0,1.0,0.09385159,0.0,0.009140506,0.0,0.0,0.0693405,0.0
0.015559213,0.0,0.04411765,0.3,0.0009789632,0.0,0.0,0.0,0.0,0.049038768,0.0,0.0,0.0,0.0,0.0,0.001784414,0.004246451,0.028043985,0.0,0.0,0.0,0.071353465,0.008896448,0.064579256,0.15,0.15,0.85,0.85,1.0,0.0,0.0,0.874779,1.0,1.0,0.12596959,0.0,0.009187788,0.0,0.0,0.08622041,0.0
0.0,0.0,0.38235295,0.2,0.0,0.0,0.0,0.0,0.0,0.0,0.0,0.0,0.0,0.0,0.0,0.0,0.0,0.0,0.0,0.0,0.0,0.0,0.01723069,0.0019569471,0.0,0.0,1.0,1.0,0.01,0.06,0.0,0.76283133,1.0,1.0,0.08953073,0.0,0.0024440885,0.0,0.0,0.077225655,0.0
0.0,1.0,0.36764705,0.0,1.6044403e-05,0.0,0.0,0.0,0.0,1.1265278e-05,0.0,0.0,0.0,0.0,0.0,0.0,0.0,0.0,0.0,0.0,0.0,0.012568086,0.014358059,0.25048923,0.0,0.0,0.0,0.0,1.0,0.0,0.0,0.7789329,1.0,1.0,0.09631715,0.0,0.0046280175,0.0,0.0,0.083423585,0.0
0.0,0.0,0.23529412,0.2,0.0,0.0,0.0,0.0,0.0,0.0,0.0,0.0,0.0,0.0,0.0,0.0,0.0,0.0,0.0,0.0,0.0,0.0034399629,0.01679892,0.031311154,0.0,0.0,1.0,1.0,0.07,0.07,0.0,0.77286816,1.0,1.0,0.092583366,0.0,0.0023550242,0.0,0.0,0.0793117,0.0
0.0,1.0,0.36764705,0.0,1.6426413e-05,0.0,0.0,0.0,0.0,0.0,0.0,0.0,0.0,0.0,0.0,0.0,0.0,0.0,0.0,0.0,0.0,0.0015111566,0.017917275,0.22309197,0.0,0.0,0.0,0.0,1.0,0.0,0.0,0.77384806,1.0,1.0,0.09176757,0.0,0.00026224554,0.0,0.0,0.08489829,0.0
0.0,0.0,0.04411765,0.0,0.0008681168,0.0061771553,0.0,0.0,0.0,0.0,0.0,0.0,0.0,0.0,0.0,0.0,0.0,0.0,0.0,0.0,0.0,0.0061089993,0.010706216,0.007827789,0.0,0.0,0.0,0.0,1.0,0.0,0.5,0.7621275,1.0,1.0,0.09458681,0.0,0.00984703,0.0,0.0,0.06547439,0.0
0.0,0.0,0.029411765,0.2,0.0,0.0,0.0,0.0,0.0,0.0,0.0,0.0,0.0,0.0,0.0,0.0,0.0,0.0,0.0,0.0,0.0,0.0,0.01711835,0.023483366,0.0,0.0,1.0,1.0,0.11,0.07,0.0,0.76533294,1.0,1.0,0.09018529,0.0,0.0031080693,0.0,0.0,0.076670736,0.0
0.0,1.0,0.36764705,0.0,1.6426413e-05,0.0,0.0,0.0,0.0,0.008094043,0.0,0.0,0.0,0.0,0.0,0.0,0.0,0.0,0.0,0.0,0.0,0.01925999,0.015120804,0.9549902,0.0,0.0,0.0,0.0,1.0,0.0,0.0,0.7941104,1.0,1.0,0.09982451,0.0,0.0026324838,0.0,0.0,0.089360386,0.0
0.12703803,0.0,0.13235295,0.0,0.0,3.2691223e-05,0.0,0.0,0.0,0.0,0.0,0.0,0.0,0.0,0.0,0.0,0.0,0.0,0.0,0.0,0.0,0.0014120638,0.017750591,0.0019569471,0.0,0.0,0.0,0.0,1.0,0.0,0.0,0.76658523,1.0,1.0,0.08943894,0.0,0.0037244856,0.0,0.0,0.08162102,0.0
0.0,1.0,0.36764705,0.0,1.6426413e-05,0.0,0.0,0.0,0.0,0.0,0.0,0.0,0.0,0.0,0.0,0.0,0.0,0.0,0.0,0.0,0.0,0.011143684,0.014108531,0.08219178,0.0,0.0,0.0,0.0,1.0,0.0,0.0,0.77591467,1.0,1.0,0.095741354,0.0,0.0049924552,0.0,0.0,0.08180395,0.0
0.12592913,0.0,0.13235295,0.0,0.0,3.2691223e-05,0.0,0.0,0.0,0.0,0.0,0.0,0.0,0.0,0.0,0.0,0.0,0.0,0.0,0.0,0.0,0.0,0.017873287,0.0019569471,0.0,0.0,0.0,0.0,1.0,0.0,0.0,0.7632954,1.0,1.0,0.0884813,0.0,0.0036797225,0.0,0.0,0.080589354,0.0
0.015611193,0.0,0.04411765,0.3,0.00094585575,0.0,0.0,0.0,0.0,0.0,0.0,0.0,0.0,0.0,0.0,0.0,0.0,0.0,0.0,0.0,0.0,0.010037363,0.0105845705,0.045009784,0.04,0.04,0.91,0.91,1.0,0.0,0.0,0.768934,1.0,1.0,0.09649403,0.0,0.009775832,0.0,0.0,0.066856086,0.0
0.14200814,0.0,0.13235295,0.0,0.0,1.1144735e-05,0.0,0.0,0.0,0.0,0.0,0.0,0.0,0.0,0.0,0.0,0.0,0.0,0.0,0.0,0.0,0.0,0.036794446,0.0019569471,0.0,0.0,0.0,0.0,1.0,0.0,0.0,0.6278881,0.90808654,1.0,0.03246159,0.0,0.009663567,0.0,0.0,0.060520723,0.0
0.0,0.0,0.04411765,0.1,0.0,0.0,0.0,0.0,0.0,0.0,0.0,0.0,0.0,0.0,0.0,0.0,0.0,0.0,0.0,0.0,0.0,0.0,0.02346789,0.0058708414,1.0,1.0,0.0,0.0,0.02,0.08,0.0,0.7731366,1.0,1.0,0.087141626,0.0,0.0,0.0,0.0,0.08831334,0.0
0.0,0.0,0.029411765,0.1,0.0,0.0,0.0,0.0,0.0,0.0,0.0,0.0,0.0,0.0,0.0,0.0,0.0,0.0,0.0,0.0,0.0,0.0,0.023688294,0.015655577,1.0,1.0,0.0,0.0,0.07,0.07,0.0,0.7692369,1.0,1.0,0.08580107,0.0,0.0,0.0,0.0,0.086851686,0.0
0.0,0.0,0.029411765,0.2,0.0,0.0,0.0,0.0,0.0,0.0,0.0,0.0,0.0,0.0,0.0,0.0,0.0,0.0,0.0,0.0,0.0,0.0019265711,0.016852327,0.023483366,0.0,0.0,1.0,1.0,0.05,0.06,0.0,0.7705928,1.0,1.0,0.091973476,0.0,0.0021636933,0.0,0.0,0.07909927,0.0
0.0,0.0,0.029411765,0.2,0.0,0.0,0.0,0.0,0.0,0.0,0.0,0.0,0.0,0.0,0.0,0.0,0.0,0.0,0.0,0.0,0.0,0.0,0.017188706,0.019569471,0.0,0.0,1.0,1.0,0.1,0.06,0.0,0.7627498,1.0,1.0,0.089435674,0.0,0.0031776577,0.0,0.0,0.07601714,0.0
0.0,0.0,0.029411765,0.2,0.0,0.0,0.0,0.0,0.0,0.0,0.0,0.0,0.0,0.0,0.0,0.0,0.0,0.0,0.0,0.0,0.0,0.0,0.017061643,0.0019569471,0.0,0.0,1.0,1.0,0.0,0.06,0.0,0.76657856,1.0,1.0,0.09076636,0.0,0.0018873811,0.0,0.0,0.07876688,0.0
0.0,0.0,0.029411765,0.2,0.0,0.0,0.0,0.0,0.0,0.0,0.0,0.0,0.0,0.0,0.0,0.0,0.0,0.0,0.0,0.0,0.0,0.0037589967,0.01680123,0.02739726,0.0,0.0,1.0,1.0,0.06,0.07,0.0,0.7737237,1.0,1.0,0.092834644,0.0,0.0021382123,0.0,0.0,0.07987854,0.0
0.0,0.0,0.4117647,0.1,0.0,0.0,0.0,0.0,0.0,0.0,0.0,0.0,0.0,0.0,0.0,0.0,0.0,0.0,0.0,0.0,0.0,0.0,0.023482665,0.0039138943,1.0,1.0,0.0,0.0,0.01,0.09,0.0,0.77297664,1.0,1.0,0.087087,0.0,0.0,0.0,0.0,0.088263184,0.0
0.0,1.0,0.36764705,0.0,1.6426413e-05,0.0,0.0,0.0,0.0,0.0068178475,0.0,0.0,0.0,0.0,0.0,0.0,0.0,0.0,0.0,0.0,0.0,0.018271357,0.01502081,0.84931505,0.0,0.0,0.0,0.0,1.0,0.0,0.0,0.79168,1.0,1.0,0.09922179,0.0,0.0029985905,0.0,0.0,0.08859643,0.0
0.0,0.0,0.029411765,0.1,0.0,0.0,0.0,0.0,0.0,0.0,0.0,0.0,0.0,0.0,0.0,0.0,0.0,0.0,0.0,0.0,0.0,0.0,0.023496188,0.023483366,1.0,1.0,0.0,0.0,0.09,0.07,0.0,0.7739892,1.0,1.0,0.08726055,0.0,0.0,0.0,0.0,0.088038564,0.0
0.0,0.0,0.029411765,0.1,0.0,0.0,0.0,0.0,0.0,0.0,0.0,0.0,0.0,0.0,0.0,0.0,0.0,0.0,0.0,0.0,0.0,0.0,0.021989934,0.02739726,0.84,1.0,0.16,0.0,0.1,0.06,0.0,0.76468396,1.0,1.0,0.086085774,0.0,0.0,0.0,0.0,0.08345106,0.0
0.0,0.0,0.13235295,0.8,0.0,3.2691223e-05,0.0,0.0,0.0,0.0,0.0,0.0,0.0,0.0,0.0,0.0,0.0,0.0,0.0,0.0,0.0,0.0,0.01986844,0.0019569471,1.0,1.0,0.0,0.0,1.0,0.0,0.0,0.7377751,1.0,1.0,0.0801383,0.0,0.0020660013,0.0,0.0,0.07830435,0.0
1.7326518e-05,0.0,0.22058824,0.0,4.1368454e-05,0.00021769383,0.0,0.0,0.0,0.0,0.0,0.0,0.0,0.0,0.0,0.0,0.0,0.0,0.0,0.0,0.0,0.002126038,0.011010222,0.0058708414,0.0,0.0,0.0,0.0,1.0,0.0,0.0,0.75547326,1.0,1.0,0.092526026,0.0,0.009696186,0.0,0.0,0.065273345,0.0
0.0,0.0,0.029411765,0.1,0.0,0.0,0.0,0.0,0.0,0.0,0.0,0.0,0.0,0.0,0.0,0.0,0.0,0.0,0.0,0.0,0.0,0.0,0.022935413,0.037181996,1.0,1.0,0.0,0.0,0.06,0.05,0.0,0.78241396,1.0,1.0,0.09017553,0.0,0.0,0.0,0.0,0.090717375,0.0
0.13914926,0.0,0.13235295,0.0,0.0,3.2691223e-05,0.0,0.0,0.0,0.0,0.0,0.0,0.0,0.0,0.0,0.0,0.0,0.0,0.0,0.0,0.0,0.0,0.020936452,0.0019569471,0.0,0.0,0.0,0.0,1.0,0.0,0.0,0.7276195,1.0,1.0,0.07657691,0.0,0.0015084296,0.0,0.0,0.07611516,0.0
0.0,0.0,0.029411765,0.2,0.0,0.0,0.0,0.0,0.0,0.0,0.0,0.0,0.0,0.0,0.0,0.0,0.0,0.0,0.0,0.0,0.0,0.0026400983,0.016795747,0.021526419,0.0,0.0,1.0,1.0,0.04,0.06,0.0,0.7721393,1.0,1.0,0.09247308,0.0,0.0019211024,0.0,0.0,0.07975733,0.0
0.13017413,0.0,0.13235295,0.0,0.0,3.2691223e-05,0.0,0.0,0.0,0.0,0.0,0.0,0.0,0.0,0.0,0.0,0.0,0.0,0.0,0.0,0.0,0.0,0.018293858,0.0019569471,0.0,0.0,0.0,0.0,1.0,0.0,0.0,0.7617079,1.0,1.0,0.08768561,0.0,0.0032670647,0.0,0.0,0.08200863,0.0
0.13240926,0.0,0.13235295,0.0,0.0,3.2691223e-05,0.0,0.0,0.0,0.0,0.0,0.0,0.0,0.0,0.0,0.0,0.0,0.0,0.0,0.0,0.0,0.0,0.019435018,0.0019569471,0.0,0.0,0.0,0.0,1.0,0.0,0.0,0.7493702,1.0,1.0,0.083466075,0.0,0.002581641,0.0,0.0,0.08036515,0.0
0.0,0.0,0.04411765,0.3,0.0006042118,0.005423771,0.0,0.0,0.0,0.0,0.0,0.0,0.0,0.0,0.0,0.0,0.0,0.0,0.0,0.0,0.0,0.006731093,0.010693237,0.007827789,0.0,0.0,1.0,0.5,1.0,0.0,0.75,0.76319396,1.0,1.0,0.09487673,0.0,0.009871289,0.0,0.0,0.06555027,0.0
0.0,1.0,0.36764705,0.0,1.6044403e-05,0.0,0.0,0.0,0.0,0.0014092922,0.0,0.0,0.0,0.0,0.0,0.0,0.0,0.0,0.0,0.0,0.0,0.013814867,0.014516845,0.37964776,0.0,0.0,0.0,0.0,1.0,0.0,0.0,0.78151345,1.0,1.0,0.09685939,0.0,0.004349947,0.0,0.0,0.08467853,0.0
1.7326518e-05,0.0,0.22058824,0.0,4.1368454e-05,0.00021769383,0.0,0.0,0.0,0.0,0.0,0.0,0.0,0.0,0.0,0.0,0.0,0.0,0.0,0.0,0.0,0.0013748705,0.012416296,0.0058708414,0.0,0.0,0.0,0.0,1.0,0.0,0.0,0.75514483,1.0,1.0,0.09101867,0.0,0.008569166,0.0,0.0,0.07178396,0.0
0.0,0.0,0.029411765,0.2,0.0,0.0,0.0,0.0,0.0,0.0,0.0,0.0,0.0,0.0,0.0,0.0,0.0,0.0,0.0,0.0,0.0,0.00044324994,0.016992614,0.029354207,0.0,0.0,1.0,1.0,0.11,0.06,0.0,0.7669296,1.0,1.0,0.09075048,0.0,0.0029866546,0.0,0.0,0.07708785,0.0
0.0,1.0,0.36764705,0.0,1.6426413e-05,0.0,0.0,0.0,0.0,0.0070068836,0.0,0.0,0.0,0.0,0.0,0.0,0.0,0.0,0.0,0.0,0.0,0.018417805,0.015035659,0.8649706,0.0,0.0,0.0,0.0,1.0,0.0,0.0,0.79204,1.0,1.0,0.099311076,0.0,0.0029443204,0.0,0.0,0.08870959,0.0
0.0,0.0,0.029411765,0.2,0.0,0.0,0.0,0.0,0.0,0.0,0.0,0.0,0.0,0.0,0.0,0.0,0.0,0.0,0.0,0.0,0.0,0.004689157,0.016679093,0.031311154,0.0,0.0,1.0,1.0,0.06,0.07,0.0,0.77552426,1.0,1.0,0.09345927,0.0,0.0019603819,0.0,0.0,0.08040425,0.0
0.0,0.0,0.029411765,0.1,0.0,0.0,0.0,0.0,0.0,0.0,0.0,0.0,0.0,0.0,0.0,0.0,0.0,0.0,0.0,0.0,0.0,0.0,0.023410857,0.0039138943,1.0,1.0,0.0,0.0,0.01,0.07,0.0,0.7727462,1.0,1.0,0.087138526,0.0,0.0,0.0,0.0,0.08837092,0.0
0.0,0.0,0.029411765,0.2,0.0,0.0,0.0,0.0,0.0,0.0,0.0,0.0,0.0,0.0,0.0,0.0,0.0,0.0,0.0,0.0,0.0,0.0005798638,0.017031364,0.029354207,0.0,0.0,1.0,1.0,0.13,0.08,0.0,0.7670362,1.0,1.0,0.0907191,0.0,0.0030830652,0.0,0.0,0.0770348,0.0
0.0,0.0,0.029411765,0.2,0.0,0.0,0.0,0.0,0.0,0.0,0.0,0.0,0.0,0.0,0.0,0.0,0.0,0.0,0.0,0.0,0.0,0.0008350611,0.016960382,0.007827789,0.0,0.0,1.0,1.0,0.01,0.05,0.0,0.7692213,1.0,1.0,0.091558896,0.0,0.001872465,0.0,0.0,0.079254955,0.0
0.0,0.0,0.029411765,0.2,0.0,0.0,0.0,0.0,0.0,0.0,0.0,0.0,0.0,0.0,0.0,0.0,0.0,0.0,0.0,0.0,0.0,0.003281027,0.01676301,0.023483366,0.0,0.0,1.0,1.0,0.04,0.06,0.0,0.77320707,1.0,1.0,0.092781834,0.0,0.0019383132,0.0,0.0,0.079909295,0.0
0.0,0.0,0.029411765,0.2,0.0,0.0,0.0,0.0,0.0,0.0,0.0,0.0,0.0,0.0,0.0,0.0,0.0,0.0,0.0,0.0,0.0,0.0032005906,0.016793787,0.021526419,0.0,0.0,1.0,1.0,0.04,0.06,0.0,0.7731472,1.0,1.0,0.092738934,0.0,0.0018836409,0.0,0.0,0.08007491,0.0
0.0001905917,0.0,0.22058824,0.0,4.1368454e-05,0.00021769383,0.0,0.0,0.0,0.0,0.0,0.0,0.0,0.0,0.0,0.0,0.0,0.0,0.0,0.0,0.0,0.0029328465,0.010970302,0.0039138943,0.0,0.0,0.0,0.0,1.0,0.0,0.0,0.75682974,1.0,1.0,0.09291919,0.0,0.009695798,0.0,0.0,0.065544784,0.0
0.0,0.0,0.029411765,0.2,0.0,0.0,0.0,0.0,0.0,0.0,0.0,0.0,0.0,0.0,0.0,0.0,0.0,0.0,0.0,0.0,0.0,0.0038665235,0.01681047,0.023483366,0.0,0.0,1.0,1.0,0.05,0.07,0.0,0.7740843,1.0,1.0,0.09293809,0.0,0.0020324439,0.0,0.0,0.08007622,0.0
0.0,0.0,0.029411765,0.2,0.0,0.0,0.0,0.0,0.0,0.0,0.0,0.0,0.0,0.0,0.0,0.0,0.0,0.0,0.0,0.0,0.0,0.0,0.017041057,0.023483366,0.0,0.0,1.0,1.0,0.08,0.05,0.0,0.76608014,1.0,1.0,0.09049823,0.0,0.002884835,0.0,0.0,0.077075034,0.0
0.0,0.0,0.029411765,0.2,0.0,0.0,0.0,0.0,0.0,0.0,0.0,0.0,0.0,0.0,0.0,0.0,0.0,0.0,0.0,0.0,0.0,0.0005121231,0.016976297,0.031311154,0.0,0.0,1.0,1.0,0.12,0.07,0.0,0.7670102,1.0,1.0,0.090784736,0.0,0.003000766,0.0,0.0,0.07709634,0.0
0.0,0.0,0.04411765,0.1,0.0,0.0,0.0,0.0,0.0,0.05684024,0.0,0.0,0.0,0.0,0.0,0.0,0.002458632,0.02524212,0.0,0.0,0.0,0.07156789,0.016009487,0.18590999,1.0,1.0,0.0,0.0,1.0,0.0,0.0,0.89030993,1.0,1.0,0.12393039,0.0,0.0015388578,0.0,0.0,0.10594508,0.0
0.0,0.0,0.029411765,0.1,0.0,0.0,0.0,0.0,0.0,0.0,0.0,0.0,0.0,0.0,0.0,0.0,0.0,0.0,0.0,0.0,0.0,0.0,0.023085684,0.03522505,1.0,1.0,0.0,0.0,0.08,0.06,0.0,0.7810203,1.0,1.0,0.08960643,0.0,0.0,0.0,0.0,0.09012708,0.0
0.0,0.0,0.47058824,0.1,0.0,0.0,0.0,0.0,0.0,0.0,0.0,0.0,0.0,0.0,0.0,0.0,0.0,0.0,0.0,0.0,0.0,0.0,0.023053497,0.031311154,1.0,1.0,0.0,0.0,0.06,0.06,0.0,0.78068507,1.0,1.0,0.08958232,0.0,0.0,0.0,0.0,0.090221524,0.0
0.0,0.0,0.029411765,0.2,0.0,0.0,0.0,0.0,0.0,0.0,0.0,0.0,0.0,0.0,0.0,0.0,0.0,0.0,0.0,0.0,0.0,0.005843997,0.016658016,0.039138943,0.0,0.0,1.0,1.0,0.09,0.07,0.0,0.77707374,1.0,1.0,0.0938325,0.0,0.0022462457,0.0,0.0,0.080320895,0.0
0.0,0.0,0.20588236,0.2,0.0,0.0,0.0,0.0,0.0,0.0,0.0,0.0,0.0,0.0,0.0,0.0,0.0,0.0,0.0,0.0,0.0,0.0,0.017107353,0.019569471,0.0,0.0,1.0,1.0,0.07,0.06,0.0,0.76455235,1.0,1.0,0.0900301,0.0,0.0029098839,0.0,0.0,0.076758504,0.0
0.0,0.0,0.029411765,0.1,0.0,0.0,0.0,0.0,0.0,0.0,0.0,0.0,0.0,0.0,0.0,0.0,0.0,0.0,0.0,0.0,0.0,0.0,0.023106687,0.019569471,1.0,1.0,0.0,0.0,0.04,0.06,0.0,0.7791054,1.0,1.0,0.08914376,0.0,0.0,0.0,0.0,0.09000218,0.0
0.013843888,0.0,0.04411765,0.3,0.0009226168,0.0,0.0,0.0,0.0,0.03531474,0.0,0.0,0.0,0.0,0.0,0.0,0.0027428567,0.015523285,0.0,0.0,0.0,0.05571735,0.009275094,0.18003914,0.02,0.02,0.98,0.98,1.0,0.0,0.0,0.84792554,1.0,1.0,0.11855265,0.0,0.009055063,0.0,0.0,0.08244902,0.0
0.0,0.0,0.5294118,0.2,0.0,0.0,0.0,0.0,0.0,0.0,0.0,0.0,0.0,0.0,0.0,0.0,0.0,0.0,0.0,0.0,0.0,0.002508968,0.016860172,0.021526419,0.0,0.0,1.0,1.0,0.05,0.07,0.0,0.7716768,1.0,1.0,0.092254035,0.0,0.002102062,0.0,0.0,0.07947013,0.0
0.12516677,0.0,0.13235295,0.0,0.0,3.2691223e-05,0.0,0.0,0.0,0.0,0.0,0.0,0.0,0.0,0.0,0.0,0.0,0.0,0.0,0.0,0.0,0.0,0.017803945,0.0019569471,0.0,0.0,0.0,0.0,1.0,0.0,0.0,0.7637228,1.0,1.0,0.08866685,0.0,0.0036979914,0.0,0.0,0.080443025,0.0
1.7326518e-05,0.0,0.22058824,0.0,4.1368454e-05,0.00021769383,0.0,0.0,0.0,0.0,0.0,0.0,0.0,0.0,0.0,0.0,0.0,0.0,0.0,0.0,0.0,0.0,0.013969898,0.0039138943,0.0,0.0,0.0,0.0,1.0,0.0,0.0,0.748716,1.0,1.0,0.088184126,0.0,0.0067017823,0.0,0.0,0.07187024,0.0
0.0,0.0,0.029411765,0.1,0.0,0.0,0.0,0.0,0.0,0.0,0.0,0.0,0.0,0.0,0.0,0.0,0.0,0.0,0.0,0.0,0.0,0.0,0.022586651,0.03522505,0.87,1.0,0.13,0.0,0.06,0.06,0.0,0.78037596,1.0,1.0,0.08992369,0.0,0.0,0.0,0.0,0.08959007,0.0
0.0,0.0,0.029411765,0.2,0.0,0.0,0.0,0.0,0.0,0.0,0.0,0.0,0.0,0.0,0.0,0.0,0.0,0.0,0.0,0.0,0.0,0.0,0.01711692,0.025440313,0.0,0.0,1.0,1.0,0.13,0.07,0.0,0.7650815,1.0,1.0,0.090110175,0.0,0.0031715333,0.0,0.0,0.076542705,0.0
0.0,0.0,0.029411765,0.1,0.0,0.0,0.0,0.0,0.0,0.0,0.0,0.0,0.0,0.0,0.0,0.0,0.0,0.0,0.0,0.0,0.0,0.0,0.023800991,0.019569471,1.0,1.0,0.0,0.0,0.08,0.06,0.0,0.7435951,1.0,1.0,0.07883834,0.0,0.0,0.0,0.0,0.08177015,0.0
0.0,0.0,0.0,0.1,0.0,0.0,0.0,0.0,0.0,0.003551066,0.0,0.0,0.0,0.0,0.0,0.0,0.0,0.0,0.0,0.0,0.0,0.00669837,0.022872247,0.0332681,1.0,1.0,0.0,0.0,0.24,0.06,0.0,0.79146564,1.0,1.0,0.092225604,0.0,0.0,0.0,0.0,0.09095684,0.0
0.0,0.0,0.029411765,0.2,0.0,0.0,0.0,0.0,0.0,0.0,0.0,0.0,0.0,0.0,0.0,0.0,0.0,0.0,0.0,0.0,0.0,0.0,0.017154686,0.019569471,0.0,0.0,1.0,1.0,0.09,0.07,0.0,0.76446927,1.0,1.0,0.08993613,0.0,0.0030344874,0.0,0.0,0.076627314,0.0
0.0,0.0,0.04411765,0.1,0.0,0.0,0.0,0.0,0.0,0.02716288,0.0,0.0,0.0,0.0,0.0,0.0,0.0,0.0042591393,0.0,0.0,0.0,0.042401016,0.01436846,0.02739726,1.0,1.0,0.0,0.0,1.0,0.0,0.0,0.8336706,1.0,1.0,0.11024835,0.0,0.0052155554,0.0,0.0,0.08839977,0.0
0.0,0.0,0.04411765,0.0,0.0008681168,0.0061771553,0.0,0.0,0.0,0.0,0.0,0.0,0.0,0.0,0.0,0.0,0.0,0.0,0.0,0.0,0.0,0.0058096945,0.010752,0.007827789,0.0,0.0,0.0,0.0,1.0,0.0,0.0,0.7616781,1.0,1.0,0.09441932,0.0,0.009840816,0.0,0.0,0.065415055,0.0
0.0,0.0,0.029411765,0.2,0.0,0.0,0.0,0.0,0.0,0.0,0.0,0.0,0.0,0.0,0.0,0.0,0.0,0.0,0.0,0.0,0.0,0.0025022328,0.016827963,0.025440313,0.0,0.0,1.0,1.0,0.05,0.06,0.0,0.7714851,1.0,1.0,0.09222173,0.0,0.0022201985,0.0,0.0,0.079176396,0.0
0.0,0.0,0.45588234,0.2,0.0,0.0,0.0,0.0,0.0,0.0,0.0,0.0,0.0,0.0,0.0,0.0,0.0,0.0,0.0,0.0,0.0,0.0,0.017186686,0.015655577,0.0,0.0,1.0,1.0,0.06,0.06,0.0,0.7637005,1.0,1.0,0.089718215,0.0,0.0029467791,0.0,0.0,0.07662302,0.0
0.0,0.0,0.4117647,0.2,0.0,0.0,0.0,0.0,0.0,0.0,0.0,0.0,0.0,0.0,0.0,0.0,0.0,0.0,0.0,0.0,0.0,0.007483244,0.01728049,0.011741683,0.0,0.0,1.0,1.0,0.05,0.07,0.0,0.78024566,1.0,1.0,0.09396108,0.0,0.002104491,0.0,0.0,0.08266717,0.0
0.0,0.0,0.029411765,0.1,0.0,0.0,0.0,0.0,0.0,0.0,0.0,0.0,0.0,0.0,0.0,0.0,0.0,0.0,0.0,0.0,0.0,0.0,0.023529649,0.011741683,1.0,1.0,0.0,0.0,0.04,0.1,0.0,0.77302754,1.0,1.0,0.087001555,0.0,0.0,0.0,0.0,0.08805147,0.0
0.0,0.0,0.029411765,0.1,0.0,0.0,0.0,0.0,0.0,0.0,0.0,0.0,0.0,0.0,0.0,0.0,0.0,0.0,0.0,0.0,0.0,0.0,0.023318402,0.009784736,1.0,1.0,0.0,0.0,0.02,0.07,0.0,0.7747313,1.0,1.0,0.08775704,0.0,0.0,0.0,0.0,0.08886361,0.0
0.0,0.0,0.029411765,0.2,0.0,0.0,0.0,0.0,0.0,0.0,0.0,0.0,0.0,0.0,0.0,0.0,0.0,0.0,0.0,0.0,0.0,0.001455009,0.016857676,0.021526419,0.0,0.0,1.0,1.0,0.04,0.06,0.0,0.7698033,1.0,1.0,0.09176924,0.0,0.002155885,0.0,0.0,0.07889345,0.0
0.0,0.0,0.3970588,0.2,0.0,0.0,0.0,0.0,0.0,0.0,0.0,0.0,0.0,0.0,0.0,0.0,0.0,0.0,0.0,0.0,0.0,0.004999548,0.016658515,0.037181996,0.0,0.0,1.0,1.0,0.08,0.06,0.0,0.7757572,1.0,1.0,0.09350815,0.0,0.002153799,0.0,0.0,0.08016345,0.0
0.014155765,0.0,0.04411765,0.3,0.00096909463,0.0,0.0,0.0,0.0,0.02460754,0.0,0.0,0.0,0.0,0.0,0.0,0.0014951974,0.0064899623,0.0,0.0,0.0,0.043818355,0.009638652,0.15851273,0.02,0.02,0.98,0.98,1.0,0.0,0.0,0.8274046,1.0,1.0,0.11280083,0.0,0.009181231,0.0,0.0,0.07865256,0.0
0.0,0.0,0.029411765,0.2,0.0,0.0,0.0,0.0,0.0,0.0,0.0,0.0,0.0,0.0,0.0,0.0,0.0,0.0,0.0,0.0,0.0,0.004477769,0.016685449,0.039138943,0.0,0.0,1.0,1.0,0.09,0.05,0.0,0.77453625,1.0,1.0,0.09312879,0.0,0.002398774,0.0,0.0,0.07947111,0.0
0.0,0.0,0.029411765,0.1,0.0,0.0,0.0,0.0,0.0,0.0,0.0,0.0,0.0,0.0,0.0,0.0,0.0,0.0,0.0,0.0,0.0,0.0,0.025981061,0.025440313,1.0,1.0,0.0,0.0,0.09,0.06,0.0,0.7295599,1.0,1.0,0.07318007,0.0,0.0,0.0,0.0,0.076886296,0.0
1.7326518e-05,0.0,0.22058824,0.0,4.1368454e-05,0.00021769383,0.0,0.0,0.0,0.0,0.0,0.0,0.0,0.0,0.0,0.0,0.0,0.0,0.0,0.0,0.0,0.0028501153,0.010986686,0.0039138943,0.0,0.0,0.0,0.0,0.67,0.67,0.0,0.75670815,1.0,1.0,0.092872106,0.0,0.009687513,0.0,0.0,0.06554419,0.0
0.0,0.0,0.1764706,0.2,0.0,0.0,0.0,0.0,0.0,0.0,0.0,0.0,0.0,0.0,0.0,0.0,0.0,0.0,0.0,0.0,0.0,0.0043283105,0.016732715,0.03522505,0.0,0.0,1.0,1.0,0.08,0.07,0.0,0.7743958,1.0,1.0,0.093051516,0.0,0.0023299307,0.0,0.0,0.07962823,0.0
0.0,0.0,0.029411765,0.2,0.0,0.0,0.0,0.0,0.0,0.0,0.0,0.0,0.0,0.0,0.0,0.0,0.0,0.0,0.0,0.0,0.0,0.0005751252,0.01698915,0.03522505,0.0,0.0,1.0,1.0,0.17,0.06,0.0,0.7667829,1.0,1.0,0.090674214,0.0,0.0032364577,0.0,0.0,0.076691,0.0
0.0,0.0,0.25,0.5,0.0,0.0,0.0,0.0,0.0,0.0,0.0,0.0,0.0,0.0,0.0,0.0,0.0,0.0,0.0,0.0,0.0,0.00013560057,0.017064847,0.023483366,0.0,0.0,1.0,1.0,0.09,0.07,0.0,0.76651883,1.0,1.0,0.09057637,0.0,0.0029318929,0.0,0.0,0.07715851,0.0
1.7326518e-05,0.0,0.22058824,0.0,4.1368454e-05,0.00021769383,0.0,0.0,0.0,0.0,0.0,0.0,0.0,0.0,0.0,0.0,0.0,0.0,0.0,0.0,0.0,0.0029328465,0.010970302,0.0039138943,0.0,0.0,0.0,0.0,1.0,0.0,0.0,0.75682974,1.0,1.0,0.09291919,0.0,0.009695798,0.0,0.0,0.065544784,0.0
0.0,0.0,0.029411765,0.2,0.0,0.0,0.0,0.0,0.0,0.0,0.0,0.0,0.0,0.0,0.0,0.0,0.0,0.0,0.0,0.0,0.0,0.0,0.017154604,0.015655577,0.0,0.0,1.0,1.0,0.06,0.06,0.0,0.76441205,1.0,1.0,0.089952864,0.0,0.0028410703,0.0,0.0,0.07691565,0.0
0.0,0.0,0.029411765,0.5,0.0,0.0,0.0,0.0,0.0,0.0,0.0,0.0,0.0,0.0,0.0,0.0,0.0,0.0,0.0,0.0,0.0,0.0046366453,0.016722038,0.039138943,0.0,0.0,1.0,1.0,0.1,0.07,0.0,0.7746904,1.0,1.0,0.09311306,0.0,0.0024881214,0.0,0.0,0.079437554,0.0
0.0,1.0,0.36764705,0.0,8.276875e-06,0.0,0.0,0.0,0.0,0.0,0.0,0.0,0.0,0.0,0.0,0.0,0.0,0.0,0.0,0.0,0.0,0.010758042,0.0139526725,0.009784736,0.0,0.0,0.0,0.0,1.0,0.0,0.0,0.77500653,1.0,1.0,0.09564201,0.0,0.0051515996,0.0,0.0,0.08112472,0.0
0.0,0.0,0.029411765,0.2,0.0,0.0,0.0,0.0,0.0,0.0,0.0,0.0,0.0,0.0,0.0,0.0,0.0,0.0,0.0,0.0,0.0,0.001129061,0.016912624,0.011741683,0.0,0.0,1.0,1.0,0.02,0.06,0.0,0.7697147,1.0,1.0,0.091737024,0.0,0.001851365,0.0,0.0,0.07940841,0.0
0.0,0.0,0.04411765,0.2,0.0,0.0,0.0,0.0,0.0,0.0,0.0,0.0,0.0,0.0,0.0,0.0,0.0,0.0,0.0,0.0,0.0,0.0010581315,0.016939,0.007827789,0.0,0.0,1.0,1.0,0.01,0.06,0.0,0.76969564,1.0,1.0,0.09171531,0.0,0.0018019825,0.0,0.0,0.07945001,0.0
0.0,0.0,0.04411765,0.1,0.0,0.0,0.0,0.0,0.0,0.04442221,0.0,0.0,0.0,0.0,0.0,0.0,0.0019328222,0.018921465,0.0,0.0,0.0,0.06126094,0.013676316,0.086105675,0.86,0.86,0.11,0.11,1.0,0.0,0.0,0.86663496,1.0,1.0,0.11965037,0.0,0.0047784597,0.0,0.0,0.09440914,0.0
0.13038205,0.0,0.13235295,0.0,0.0,3.2691223e-05,0.0,0.0,0.0,0.0,0.0,0.0,0.0,0.0,0.0,0.0,0.0,0.0,0.0,0.0,0.0,0.0,0.018438853,0.0019569471,0.0,0.0,0.0,0.0,1.0,0.0,0.0,0.7602123,1.0,1.0,0.08716666,0.0,0.0031651556,0.0,0.0,0.08193469,0.0
0.13187213,0.0,0.13235295,0.0,0.0,3.2691223e-05,0.0,0.0,0.0,0.028489769,0.0,0.0,0.0,0.0,0.0,0.0,0.0,0.00045371056,0.0,0.0,0.0,0.036839277,0.01900427,0.0019569471,0.0,0.0,0.0,0.0,1.0,0.0,0.0,0.8365818,1.0,1.0,0.10722508,0.0,0.0,0.0,0.0,0.09906182,0.0
0.0,0.0,0.029411765,0.2,0.0,0.0,0.0,0.0,0.0,0.0,0.0,0.0,0.0,0.0,0.0,0.0,0.0,0.0,0.0,0.0,0.0,0.0,0.01720386,0.015655577,0.0,0.0,1.0,1.0,0.07,0.07,0.0,0.7633209,1.0,1.0,0.08959312,0.0,0.0030031204,0.0,0.0,0.07646698,0.0
0.0,0.0,0.23529412,0.2,0.0,0.0,0.0,0.0,0.0,0.0,0.0,0.0,0.0,0.0,0.0,0.0,0.0,0.0,0.0,0.0,0.0,0.0,0.017040282,0.0058708414,0.0,0.0,1.0,1.0,0.01,0.06,0.0,0.7671102,1.0,1.0,0.090906076,0.0,0.0020102859,0.0,0.0,0.07867372,0.0
1.7326518e-05,0.0,0.22058824,0.0,4.1368454e-05,0.00021769383,0.0,0.0,0.0,0.0,0.0,0.0,0.0,0.0,0.0,0.0,0.0,0.0,0.0,0.0,0.0,0.0,0.012878142,0.0058708414,0.0,0.0,0.0,0.0,1.0,0.0,0.0,0.75404954,1.0,1.0,0.0904079,0.0,0.0077870637,0.0,0.0,0.072808,0.0
0.015559213,0.0,0.04411765,0.3,0.0008993779,0.0,0.0,0.0,0.0,0.032775104,0.0,0.0,0.0,0.0,0.0,0.0,0.0025029853,0.014629304,0.0,0.0,0.0,0.053405493,0.009295031,0.043052837,0.0,0.0,1.0,1.0,1.0,0.0,0.0,0.8436357,1.0,1.0,0.117389016,0.0,0.009494886,0.0,0.0,0.079980046,0.0
0.0,0.0,0.029411765,0.2,0.0,0.0,0.0,0.0,0.0,0.0,0.0,0.0,0.0,0.0,0.0,0.0,0.0,0.0,0.0,0.0,0.0,0.0007459223,0.016968325,0.015655577,0.0,0.0,1.0,1.0,0.04,0.06,0.0,0.7685387,1.0,1.0,0.09131365,0.0,0.0022280067,0.0,0.0,0.07861292,0.0
0.1383869,0.0,0.13235295,0.0,0.0,3.2691223e-05,0.0,0.0,0.0,0.0,0.0,0.0,0.0,0.0,0.0,0.0,0.0,0.0,0.0,0.0,0.0,0.0,0.020946324,0.0019569471,0.0,0.0,0.0,0.0,1.0,0.0,0.0,0.7232666,1.0,1.0,0.0753394,0.0,0.001955852,0.0,0.0,0.07499874,0.0
0.0,0.0,0.45588234,0.2,0.0,0.0,0.0,0.0,0.0,0.0,0.0,0.0,0.0,0.0,0.0,0.0,0.0,0.0,0.0,0.0,0.0,0.0002590716,0.016996704,0.0039138943,0.0,0.0,1.0,1.0,0.01,0.06,0.0,0.76835763,1.0,1.0,0.09130972,0.0,0.0017988533,0.0,0.0,0.07921153,0.0
0.0,0.0,0.029411765,0.2,0.0,0.0,0.0,0.0,0.0,0.0,0.0,0.0,0.0,0.0,0.0,0.0,0.0,0.0,0.0,0.0,0.0,0.0,0.017146118,0.019569471,0.0,0.0,1.0,1.0,0.08,0.07,0.0,0.76465905,1.0,1.0,0.089998685,0.0,0.0030062497,0.0,0.0,0.076705456,0.0
0.0,0.0,0.029411765,0.1,0.0,0.0,0.0,0.0,0.0,0.0,0.0,0.0,0.0,0.0,0.0,0.0,0.0,0.0,0.0,0.0,0.0,0.0,0.023737177,0.0058708414,1.0,1.0,0.0,0.0,0.09,0.18,0.0,0.7743002,1.0,1.0,0.08702319,0.0,0.0,0.0,0.0,0.08796948,0.0
0.0,0.0,0.6764706,0.1,0.0,0.0,0.0,0.0,0.0,0.0,0.0,0.0,0.0,0.0,0.0,0.0,0.0,0.0,0.0,0.0,0.0,0.0,0.02346439,0.009784736,1.0,1.0,0.0,0.0,0.03,0.09,0.0,0.773955,1.0,1.0,0.087340854,0.0,0.0,0.0,0.0,0.08839306,0.0
0.013878541,0.0,0.04411765,0.3,0.001178245,0.0,0.0,0.0,0.0,0.0,0.0,0.0,0.0,0.0,0.0,0.0,0.0,0.0,0.0,0.0,0.0,0.0102161765,0.010781087,0.04109589,0.0,0.0,1.0,1.0,1.0,0.0,0.0,0.76945734,1.0,1.0,0.096441366,0.0,0.009701669,0.0,0.0,0.067198694,0.0
5.1979554e-05,0.0,0.04411765,0.3,0.00051125616,0.0010847542,0.0,0.0,0.0,0.0,0.0,0.0,0.0,0.0,0.0,0.0,0.0,0.0,0.0,0.0,0.0,0.0029800832,0.011006869,0.009784736,0.0,0.0,1.0,1.0,1.0,0.0,0.0,0.75687957,1.0,1.0,0.09290659,0.0,0.009781212,0.0,0.0,0.06508526,0.0
0.0,0.0,0.029411765,0.2,0.0,0.0,0.0,0.0,0.0,0.0,0.0,0.0,0.0,0.0,0.0,0.0,0.0,0.0,0.0,0.0,0.0,0.0015935898,0.016887002,0.015655577,0.0,0.0,1.0,1.0,0.03,0.06,0.0,0.7703413,1.0,1.0,0.09190803,0.0,0.0019601732,0.0,0.0,0.079354316,0.0
0.0,0.0,0.029411765,0.1,0.0,0.0,0.0,0.0,0.0,0.0,0.0,0.0,0.0,0.0,0.0,0.0,0.0,0.0,0.0,0.0,0.0,0.0,0.020352311,0.007827789,0.04,0.75,0.96,0.25,0.04,0.07,0.0,0.75524426,1.0,1.0,0.084879,0.0,0.0,0.0,0.0,0.07872477,0.0
0.0,0.0,0.029411765,0.2,0.0,0.0,0.0,0.0,0.0,0.0,0.0,0.0,0.0,0.0,0.0,0.0,0.0,0.0,0.0,0.0,0.0,0.00030362606,0.01699245,0.0039138943,0.0,0.0,1.0,1.0,0.01,0.06,0.0,0.7684525,1.0,1.0,0.09134101,0.0,0.0017847568,0.0,0.0,0.079250515,0.0
0.035848565,0.0,0.04411765,0.3,0.001155006,0.0,0.0,0.0,0.0,0.03064695,0.0,0.0,0.0,0.0,0.0,0.0,0.0019236133,0.012382925,0.0,0.0,0.0,0.050878465,0.009695418,0.017612524,0.0,0.0,1.0,1.0,1.0,0.0,0.0,0.83961236,1.0,1.0,0.11594037,0.0,0.009349883,0.0,0.0,0.07997227,0.0
0.0,0.0,0.029411765,0.2,0.0,0.0,0.0,0.0,0.0,0.0,0.0,0.0,0.0,0.0,0.0,0.0,0.0,0.0,0.0,0.0,0.0,0.0,0.017172515,0.021526419,0.0,0.0,1.0,1.0,0.11,0.08,0.0,0.76379097,1.0,1.0,0.08972018,0.0,0.0031613111,0.0,0.0,0.07632372,0.0
0.035969853,0.0,0.04411765,0.3,0.001155006,0.0,0.0,0.0,0.0,0.0,0.0,0.0,0.0,0.0,0.0,0.0,0.0,0.0,0.0,0.0,0.0,0.0013580322,0.011207059,0.023483366,0.0,0.0,1.0,1.0,1.0,0.0,0.0,0.7542114,1.0,1.0,0.09200566,0.0,0.009698838,0.0,0.0,0.06512299,0.0
0.0,0.0,0.13235295,0.5,0.0,0.0,0.0,0.0,0.0,0.0046589375,0.0,0.0,0.0,0.0,0.0,0.0,0.0,0.0,0.0,0.0,0.0,0.0154622495,0.016076341,0.025440313,0.0,0.0,1.0,1.0,0.2,0.06,0.0,0.7910603,1.0,1.0,0.09780476,0.0,0.0036718994,0.0,0.0,0.08110541,0.0
1.7326518e-05,0.0,0.22058824,0.0,4.1368454e-05,0.00021769383,0.0,0.0,0.0,0.0,0.0,0.0,0.0,0.0,0.0,0.0,0.0,0.0,0.0,0.0,0.0,4.7922134e-05,0.012837045,0.0058708414,0.0,0.0,0.0,0.0,1.0,0.0,0.0,0.75415385,1.0,1.0,0.090460904,0.0,0.007873088,0.0,0.0,0.0726918,0.0
0.0,0.0,0.073529415,0.2,0.0,0.0,0.0,0.0,0.0,0.0,0.0,0.0,0.0,0.0,0.0,0.0,0.0,0.0,0.0,0.0,0.0,0.0046581626,0.016658984,0.0332681,0.0,0.0,1.0,1.0,0.06,0.07,0.0,0.775347,1.0,1.0,0.093423985,0.0,0.0020502806,0.0,0.0,0.08014113,0.0
0.0,0.0,0.029411765,0.2,0.0,0.0,0.0,0.0,0.0,0.0,0.0,0.0,0.0,0.0,0.0,0.0,0.0,0.0,0.0,0.0,0.0,0.0,0.017290816,0.009784736,0.0,0.0,1.0,1.0,0.05,0.07,0.0,0.7616178,1.0,1.0,0.0890593,0.0,0.003028199,0.0,0.0,0.07610291,0.0
0.0,0.0,0.029411765,0.2,0.0,0.0,0.0,0.0,0.0,0.0,0.0,0.0,0.0,0.0,0.0,0.0,0.0,0.0,0.0,0.0,0.0,0.0040774643,0.01665309,0.03522505,0.0,0.0,1.0,1.0,0.07,0.06,0.0,0.77423,1.0,1.0,0.09312991,0.0,0.002130106,0.0,0.0,0.079753935,0.0
0.0,0.0,0.029411765,0.1,0.0,0.0,0.0,0.0,0.0,0.0,0.0,0.0,0.0,0.0,0.0,0.0,0.0,0.0,0.0,0.0,0.0,0.0,0.02338054,0.031311154,1.0,1.0,0.0,0.0,0.12,0.09,0.0,0.77745223,1.0,1.0,0.08827617,0.0,0.0,0.0,0.0,0.08886555,0.0
0.0,0.0,0.029411765,0.1,0.0,0.0,0.0,0.0,0.0,0.0,0.0,0.0,0.0,0.0,0.0,0.0,0.0,0.0,0.0,0.0,0.0,0.0,0.026393548,0.021526419,1.0,1.0,0.0,0.0,0.07,0.05,0.0,0.72407246,1.0,1.0,0.07135769,0.0,0.0,0.0,0.0,0.07481012,0.0
0.12793902,0.0,0.13235295,0.0,0.0,3.2691223e-05,0.0,0.0,0.0,0.0,0.0,0.0,0.0,0.0,0.0,0.0,0.0,0.0,0.0,0.0,0.0,0.0027153194,0.017686412,0.0019569471,0.0,0.0,0.0,0.0,1.0,0.0,0.0,0.76880467,1.0,1.0,0.09009039,0.0,0.003679663,0.0,0.0,0.08217296,0.0
0.0,0.0,0.04411765,0.1,0.0,0.0,0.0,0.0,0.0,0.03321159,0.0,0.0,0.0,0.0,0.0,0.0,0.00109981,0.011451542,0.0,0.0,0.0,0.050011247,0.013194956,0.052837573,0.44,0.44,0.52,0.52,1.0,0.0,0.0,0.8455126,1.0,1.0,0.114489995,0.0,0.005954787,0.0,0.0,0.08737087,0.0
0.0,0.0,0.89705884,0.2,0.0,0.0,0.0,0.0,0.0,0.0,0.0,0.0,0.0,0.0,0.0,0.0,0.0,0.0,0.0,0.0,0.0,0.0003733635,0.01703702,0.011741683,0.0,0.0,1.0,1.0,0.03,0.06,0.0,0.76792395,1.0,1.0,0.09108,0.0,0.0022296458,0.0,0.0,0.078574926,0.0
0.0,0.0,0.029411765,0.2,0.0,0.0,0.0,0.0,0.0,0.0,0.0,0.0,0.0,0.0,0.0,0.0,0.0,0.0,0.0,0.0,0.0,0.00033083558,0.017182805,0.0058708414,0.02,0.0,0.98,1.0,0.01,0.07,0.0,0.76840985,1.0,1.0,0.0911141,0.0,0.001917243,0.0,0.0,0.07915336,0.0
0.0,0.0,0.029411765,0.2,0.0,0.0,0.0,0.0,0.0,0.0,0.0,0.0,0.0,0.0,0.0,0.0,0.0,0.0,0.0,0.0,0.0,0.0,0.017184645,0.019569471,0.0,0.0,1.0,1.0,0.1,0.06,0.0,0.76380527,1.0,1.0,0.08971717,0.0,0.0031330734,0.0,0.0,0.076354265,0.0
0.0,0.0,0.04411765,0.1,0.0,0.0,0.0,0.0,0.0,0.0012571514,0.0,0.0,0.0,0.0,0.0,0.0,0.0,0.0,0.0,0.0,0.0,0.0045062006,0.023043908,0.021526419,1.0,1.0,0.0,0.0,0.55,0.1,0.0,0.7873428,1.0,1.0,0.09093916,0.0,0.0,0.0,0.0,0.08980182,0.0
1.7326518e-05,0.0,0.22058824,0.0,4.1368454e-05,0.00021769383,0.0,0.0,0.0,0.0,0.0,0.0,0.0,0.0,0.0,0.0,0.0,0.0,0.0,0.0,0.0,0.0,0.014130689,0.0039138943,0.0,0.0,0.0,0.0,1.0,0.0,0.0,0.7470634,1.0,1.0,0.087637864,0.0,0.006556526,0.0,0.0,0.07133517,0.0
0.0,0.0,0.029411765,0.1,0.0,0.0,0.0,0.0,0.0,0.0,0.0,0.0,0.0,0.0,0.0,0.0,0.0,0.0,0.0,0.0,0.0,0.0,0.023614667,0.01369863,1.0,1.0,0.0,0.0,0.06,0.07,0.0,0.7714821,1.0,1.0,0.086482696,0.0,0.0,0.0,0.0,0.087477505,0.0
0.0,0.0,0.19117647,0.2,0.0,0.0,0.0,0.0,0.0,0.0,0.0,0.0,0.0,0.0,0.0,0.0,0.0,0.0,0.0,0.0,0.0,0.0008417666,0.016991995,0.011741683,0.0,0.0,1.0,1.0,0.03,0.07,0.0,0.76892006,1.0,1.0,0.0914085,0.0,0.0020816475,0.0,0.0,0.07898468,0.0
0.0,0.0,0.029411765,0.1,0.0,0.0,0.0,0.0,0.0,0.0,0.0,0.0,0.0,0.0,0.0,0.0,0.0,0.0,0.0,0.0,0.0,4.2259693e-05,0.02290462,0.037181996,1.0,1.0,0.0,0.0,0.06,0.05,0.0,0.78343546,1.0,1.0,0.090478055,0.0,0.0,0.0,0.0,0.09099004,0.0
0.13045135,0.0,0.13235295,0.0,0.0,3.2691223e-05,0.0,0.0,0.0,0.0,0.0,0.0,0.0,0.0,0.0,0.0,0.0,0.0,0.0,0.0,0.0,0.0,0.018457338,0.0019569471,0.0,0.0,0.0,0.0,1.0,0.0,0.0,0.76008415,1.0,1.0,0.087116726,0.0,0.0031581074,0.0,0.0,0.081906766,0.0
0.035675302,0.0,0.04411765,0.3,0.0011598448,0.0,0.0,0.0,0.0,0.028483152,0.0,0.0,0.0,0.0,0.0,0.0,0.0016647205,0.010471165,0.0,0.0,0.0,0.048450917,0.009764776,0.019569471,0.0,0.0,1.0,1.0,1.0,0.0,0.0,0.8354207,1.0,1.0,0.11476954,0.0,0.009357661,0.0,0.0,0.07930538,0.0
0.0,0.0,0.89705884,0.1,0.0,0.0,0.0,0.0,0.0,0.0,0.0,0.0,0.0,0.0,0.0,0.0,0.0,0.0,0.0,0.0,0.0,0.0,0.023483947,0.011741683,1.0,1.0,0.0,0.0,0.04,0.11,0.0,0.77425027,1.0,1.0,0.087377004,0.0,0.0,0.0,0.0,0.0883967,0.0
0.0,0.0,0.1764706,0.2,0.0,0.0,0.0,0.0,0.0,0.0,0.0,0.0,0.0,0.0,0.0,0.0,0.0,0.0,0.0,0.0,0.0,0.0040896535,0.016788483,0.031311154,0.0,0.0,1.0,1.0,0.07,0.07,0.0,0.77406573,1.0,1.0,0.09291177,0.0,0.002289325,0.0,0.0,0.079707325,0.0
0.1424413,0.0,0.13235295,0.0,0.0,1.1144735e-05,0.0,0.0,0.0,0.0,0.0,0.0,0.0,0.0,0.0,0.0,0.0,0.0,0.0,0.0,0.0,0.0,0.019177884,0.0019569471,0.0,0.0,0.0,0.0,1.0,0.0,0.0,0.7436441,1.0,1.0,0.08238945,0.0,0.0015250891,0.0,0.0,0.07754654,0.0
0.0,0.0,0.029411765,0.2,0.0,0.0,0.0,0.0,0.0,0.0,0.0,0.0,0.0,0.0,0.0,0.0,0.0,0.0,0.0,0.0,0.0,0.00033643842,0.017045006,0.031311154,0.0,0.0,1.0,1.0,0.16,0.07,0.0,0.7664528,1.0,1.0,0.0905344,0.0,0.0031957924,0.0,0.0,0.0767701,0.0
0.0,0.0,0.0,0.1,0.0,0.0,0.0,0.0,0.0,0.0,0.0,0.0,0.0,0.0,0.0,0.0,0.0,0.0,0.0,0.0,0.0,0.0,0.0232699,0.019569471,1.0,1.0,0.0,0.0,0.05,0.06,0.0,0.7768905,1.0,1.0,0.08834138,0.0,0.0,0.0,0.0,0.089203954,0.0
0.0,0.0,0.029411765,0.2,0.0,0.0,0.0,0.0,0.0,0.0,0.0,0.0,0.0,0.0,0.0,0.0,0.0,0.0,0.0,0.0,0.0,0.0013160408,0.01696013,0.037181996,0.0,0.0,1.0,1.0,0.17,0.07,0.0,0.7681086,1.0,1.0,0.09105257,0.0,0.0031778216,0.0,0.0,0.07711464,0.0
0.0,0.0,0.5294118,0.2,0.0,0.0,0.0,0.0,0.0,0.0,0.0,0.0,0.0,0.0,0.0,0.0,0.0,0.0,0.0,0.0,0.0,6.0260296e-05,0.01700607,0.0058708414,0.0,0.0,1.0,1.0,0.01,0.06,0.0,0.7678691,1.0,1.0,0.09115628,0.0,0.0018975586,0.0,0.0,0.0789859,0.0
0.0,0.0,0.029411765,0.2,0.0,0.0,0.0,0.0,0.0,0.0,0.0,0.0,0.0,0.0,0.0,0.0,0.0,0.0,0.0,0.0,0.0,0.0,0.017322086,0.007827789,0.0,0.0,1.0,1.0,0.04,0.07,0.0,0.7612051,1.0,1.0,0.08891555,0.0,0.0030634254,0.0,0.0,0.075957894,0.0
0.0,0.0,0.14705883,0.5,0.0,0.0,0.0,0.0,0.0,0.0,0.0,0.0,0.0,0.0,0.0,0.0,0.0,0.0,0.0,0.0,0.0,0.0023082495,0.016879454,0.021526419,0.0,0.0,1.0,1.0,0.05,0.06,0.0,0.7712499,1.0,1.0,0.09211325,0.0,0.0021654963,0.0,0.0,0.07929453,0.0
0.0,0.0,0.7794118,0.5,0.0,0.0,0.0,0.0,0.0,0.0,0.0,0.0,0.0,0.0,0.0,0.0,0.0,0.0,0.0,0.0,0.0,0.0,0.017084658,0.0039138943,0.0,0.0,1.0,1.0,0.01,0.07,0.0,0.76737344,1.0,1.0,0.09091865,0.0,0.0020573586,0.0,0.0,0.07870975,0.0
0.0,0.0,0.7352941,0.1,0.0,0.0,0.0,0.0,0.0,0.0,0.0,0.0,0.0,0.0,0.0,0.0,0.0,0.0,0.0,0.0,0.0,0.0,0.023341693,0.021526419,1.0,1.0,0.0,0.0,0.06,0.09,0.0,0.7770796,1.0,1.0,0.08827152,0.0,0.0,0.0,0.0,0.08907375,0.0
0.0,0.0,0.029411765,0.2,0.0,0.0,0.0,0.0,0.0,0.0,0.0,0.0,0.0,0.0,0.0,0.0,0.0,0.0,0.0,0.0,0.0,0.0031201541,0.016735792,0.029354207,0.0,0.0,1.0,1.0,0.06,0.05,0.0,0.77262163,1.0,1.0,0.09262741,0.0,0.0021410584,0.0,0.0,0.07942894,0.0
0.0,0.0,0.029411765,0.2,0.0,0.0,0.0,0.0,0.0,0.0,0.0,0.0,0.0,0.0,0.0,0.0,0.0,0.0,0.0,0.0,0.0,0.0,0.017330453,0.0039138943,0.0,0.0,1.0,1.0,0.02,0.06,0.0,0.7599976,1.0,1.0,0.08861946,0.0,0.0029285997,0.0,0.0,0.07587001,0.0
0.0,1.0,0.36764705,0.0,8.276875e-06,0.0,0.0,0.0,0.0,0.0024260879,0.0,0.0,0.0,0.0,0.0,0.0,0.0,0.0,0.0,0.0,0.0,0.014721572,0.014632195,0.47358122,0.0,0.0,0.0,0.0,1.0,0.0,0.0,0.7833899,1.0,1.0,0.09725382,0.0,0.004147753,0.0,0.0,0.08559117,0.0
1.7326518e-05,0.0,0.22058824,0.0,4.1368454e-05,0.00021769383,0.0,0.0,0.0,0.0,0.0,0.0,0.0,0.0,0.0,0.0,0.0,0.0,0.0,0.0,0.0,0.0,0.013368048,0.0058708414,0.0,0.0,0.0,0.0,1.0,0.0,0.0,0.75300336,1.0,1.0,0.08972915,0.0,0.0073494017,0.0,0.0,0.07316467,0.0
0.0,0.0,0.029411765,0.2,0.0,0.0,0.0,0.0,0.0,0.0,0.0,0.0,0.0,0.0,0.0,0.0,0.0,0.0,0.0,0.0,0.0,0.0007981956,0.016967744,0.03522505,0.0,0.0,1.0,1.0,0.15,0.05,0.0,0.7672572,1.0,1.0,0.09083063,0.0,0.003166005,0.0,0.0,0.07688615,0.0
0.1393052,0.0,0.13235295,0.0,0.0,3.2691223e-05,0.0,0.0,0.0,0.0,0.0,0.0,0.0,0.0,0.0,0.0,0.0,0.0,0.0,0.0,0.0,0.0,0.03266909,0.0019569471,0.0,0.0,0.0,0.0,1.0,0.0,0.0,0.64534396,0.93068063,1.0,0.041420713,0.0,0.009048104,0.0,0.0,0.061489806,0.0
0.0,0.0,0.029411765,0.2,0.0,0.0,0.0,0.0,0.0,0.0,0.0,0.0,0.0,0.0,0.0,0.0,0.0,0.0,0.0,0.0,0.0,0.0025272965,0.016877405,0.025440313,0.0,0.0,1.0,1.0,0.06,0.07,0.0,0.7713547,1.0,1.0,0.09211219,0.0,0.0023518503,0.0,0.0,0.079025716,0.0
0.0,0.0,0.029411765,0.2,0.0,0.0,0.0,0.0,0.0,0.0,0.0,0.0,0.0,0.0,0.0,0.0,0.0,0.0,0.0,0.0,0.0,0.0,0.017143756,0.019569471,0.0,0.0,1.0,1.0,0.08,0.06,0.0,0.7637459,1.0,1.0,0.08976417,0.0,0.0030296892,0.0,0.0,0.076426834,0.0
0.0,0.0,0.04411765,0.1,0.0,0.0,0.0,0.0,0.0,0.05702281,0.0,0.0,0.0,0.0,0.0,0.0,0.0023361966,0.024664253,0.0,0.0,0.0,0.07116386,0.016465478,0.21330725,1.0,1.0,0.0,0.0,1.0,0.0,0.0,0.8906212,1.0,1.0,0.12362551,0.0,0.0009993613,0.0,0.0,0.10724723,0.0
0.0,0.0,0.3970588,0.1,0.0,0.0,0.0,0.0,0.0,0.0,0.0,0.0,0.0,0.0,0.0,0.0,0.0,0.0,0.0,0.0,0.0,0.0,0.023759782,0.0019569471,1.0,1.0,0.0,0.0,0.01,0.06,0.0,0.76659596,1.0,1.0,0.08507205,0.0,0.0,0.0,0.0,0.0864577,0.0
0.0,1.0,0.36764705,0.0,1.6426413e-05,0.0,0.0,0.0,0.0,0.0,0.0,0.0,0.0,0.0,0.0,0.0,0.0,0.0,0.0,0.0,0.0,0.011831373,0.014264263,0.1741683,0.0,0.0,0.0,0.0,1.0,0.0,0.0,0.777408,1.0,1.0,0.095996715,0.0,0.0047923923,0.0,0.0,0.08268201,0.0
0.0,0.0,0.29411766,0.2,0.0,0.0,0.0,0.0,0.0,0.0,0.0,0.0,0.0,0.0,0.0,0.0,0.0,0.0,0.0,0.0,0.0,0.0013955534,0.016957872,0.015655577,0.0,0.0,1.0,1.0,0.03,0.07,0.0,0.7697364,1.0,1.0,0.091642044,0.0,0.0021623224,0.0,0.0,0.07900855,0.0
0.0,1.0,0.36764705,0.0,1.6426413e-05,0.0,0.0,0.0,0.0,0.0014092922,0.0,0.0,0.0,0.0,0.0,0.0,0.0,0.0,0.0,0.0,0.0,0.013814867,0.014516845,0.37964776,0.0,0.0,0.0,0.0,1.0,0.0,0.0,0.78151345,1.0,1.0,0.09685939,0.0,0.004349947,0.0,0.0,0.08467853,0.0
0.0,0.0,0.029411765,0.2,0.0,0.0,0.0,0.0,0.0,0.0,0.0,0.0,0.0,0.0,0.0,0.0,0.0,0.0,0.0,0.0,0.0,0.0,0.017095514,0.025440313,0.0,0.0,1.0,1.0,0.12,0.07,0.0,0.76555586,1.0,1.0,0.09026661,0.0,0.003101036,0.0,0.0,0.07673776,0.0
0.0,0.0,0.04411765,0.0,0.0008681168,0.0061771553,0.0,0.0,0.0,0.0,0.0,0.0,0.0,0.0,0.0,0.0,0.0,0.0,0.0,0.0,0.0,0.009687483,0.010626592,0.0039138943,0.0,0.0,0.0,0.0,1.0,0.0,1.0,0.76835537,1.0,1.0,0.09630179,0.0,0.00978674,0.0,0.0,0.06669375,0.0
0.0,0.0,0.04411765,0.0,0.0008681168,0.0061771553,0.0,0.0,0.0,0.0,0.0,0.0,0.0,0.0,0.0,0.0,0.0,0.0,0.0,0.0,0.0,0.005074084,0.010736182,0.058708414,0.0,0.0,0.0,0.0,1.0,0.0,0.07,0.760347,1.0,1.0,0.094089784,0.0,0.009849474,0.0,0.0,0.065178216,0.0
0.017482458,0.0,0.04411765,0.3,0.00079559867,0.0,0.0,0.0,0.0,0.036824077,0.0,0.0,0.0,0.0,0.0,0.0,0.0029806122,0.01796788,0.0,0.0,0.0,0.05787289,0.009153448,0.06262231,0.0,0.0,1.0,1.0,1.0,0.0,0.0,0.85135293,1.0,1.0,0.1195583,0.0,0.00942193,0.0,0.0,0.081507385,0.0
0.0,0.0,0.029411765,0.2,0.0,0.0,0.0,0.0,0.0,0.0,0.0,0.0,0.0,0.0,0.0,0.0,0.0,0.0,0.0,0.0,0.0,0.00093108416,0.016983427,0.011741683,0.0,0.0,1.0,1.0,0.02,0.07,0.0,0.76910985,1.0,1.0,0.09147107,0.0,0.0020535141,0.0,0.0,0.0790627,0.0
0.13852552,0.0,0.13235295,0.0,0.0,3.2691223e-05,0.0,0.0,0.0,0.0,0.0,0.0,0.0,0.0,0.0,0.0,0.0,0.0,0.0,0.0,0.0,0.0,0.02087479,0.0019569471,0.0,0.0,0.0,0.0,1.0,0.0,0.0,0.7249222,1.0,1.0,0.0758583,0.0,0.0018773228,0.0,0.0,0.0753724,0.0
0.0,0.0,0.029411765,0.2,0.0,0.0,0.0,0.0,0.0,0.0,0.0,0.0,0.0,0.0,0.0,0.0,0.0,0.0,0.0,0.0,0.0,0.0,0.017134644,0.0058708414,0.0,0.0,1.0,1.0,0.01,0.08,0.0,0.7659836,1.0,1.0,0.09046804,0.0,0.0022899657,0.0,0.0,0.07811341,0.0
0.0,0.0,0.029411765,0.2,0.0,0.0,0.0,0.0,0.0,0.0,0.0,0.0,0.0,0.0,0.0,0.0,0.0,0.0,0.0,0.0,0.0,0.002826929,0.0168439,0.039138943,0.0,0.0,1.0,1.0,0.13,0.06,0.0,0.77102613,1.0,1.0,0.09197133,0.0,0.0029201657,0.0,0.0,0.07802749,0.0
0.0,0.0,0.029411765,0.2,0.0,0.0,0.0,0.0,0.0,0.0,0.0,0.0,0.0,0.0,0.0,0.0,0.0,0.0,0.0,0.0,0.0,0.001422584,0.016997896,0.009784736,0.0,0.0,1.0,1.0,0.02,0.07,0.0,0.7700372,1.0,1.0,0.0917026,0.0,0.0020019114,0.0,0.0,0.07937181,0.0
0.0,0.0,0.0,0.2,0.0,0.0,0.0,0.0,0.0,0.0,0.0,0.0,0.0,0.0,0.0,0.0,0.0,0.0,0.0,0.0,0.0,0.00019484758,0.0170547,0.0039138943,0.0,0.0,1.0,1.0,0.01,0.06,0.0,0.76803744,1.0,1.0,0.09113761,0.0,0.001958713,0.0,0.0,0.07898286,0.0
0.0,0.0,0.029411765,0.2,0.0,0.0,0.0,0.0,0.0,0.0,0.0,0.0,0.0,0.0,0.0,0.0,0.0,0.0,0.0,0.0,0.0,0.002482742,0.016881637,0.025440313,0.0,0.0,1.0,1.0,0.06,0.07,0.0,0.7712598,1.0,1.0,0.09208091,0.0,0.0023659617,0.0,0.0,0.078986704,0.0
0.0,0.0,0.0882353,0.2,0.0,0.0,0.0,0.0,0.0,0.0,0.0,0.0,0.0,0.0,0.0,0.0,0.0,0.0,0.0,0.0,0.0,0.0010386705,0.016992114,0.015655577,0.0,0.0,1.0,1.0,0.04,0.07,0.0,0.7689774,1.0,1.0,0.09139178,0.0,0.0022750646,0.0,0.0,0.07869646,0.0
0.0,0.0,0.04411765,0.1,0.0,0.0,0.0,0.0,0.0,0.055778176,0.0,0.0,0.0,0.0,0.0,0.0,0.002481684,0.02502355,0.0,0.0,0.0,0.070973665,0.015579537,0.16438356,1.0,1.0,0.0,0.0,1.0,0.0,0.0,0.88828266,1.0,1.0,0.12375908,0.0,0.0020726025,0.0,0.0,0.10439479,0.0
0.0,0.0,0.04411765,0.0,0.0008681168,0.0061771553,0.0,0.0,0.0,0.0,0.0,0.0,0.0,0.0,0.0,0.0,0.0,0.0,0.0,0.0,0.0,0.0062214136,0.010822944,0.007827789,0.0,0.0,0.0,0.0,1.0,0.0,0.0,0.7624197,1.0,1.0,0.09454667,0.0,0.009766385,0.0,0.0,0.06595975,0.0
0.0,0.0,0.11764706,0.1,0.0,0.0,0.0,0.0,0.0,0.0,0.0,0.0,0.0,0.0,0.0,0.0,0.0,0.0,0.0,0.0,0.0,0.0,0.023363367,0.0058708414,1.0,1.0,0.0,0.0,0.01,0.06,0.0,0.77334905,1.0,1.0,0.08735364,0.0,0.0,0.0,0.0,0.08858079,0.0
0.0,0.0,0.029411765,0.1,0.0,0.0,0.0,0.0,0.0,0.0,0.0,0.0,0.0,0.0,0.0,0.0,0.0,0.0,0.0,0.0,0.0,0.0,0.023328274,0.0019569471,1.0,1.0,0.0,0.0,0.0,0.07,0.0,0.77305424,1.0,1.0,0.08734407,0.0,0.0,0.0,0.0,0.088689744,0.0
0.0,0.0,0.029411765,0.2,0.0,0.0,0.0,0.0,0.0,0.0,0.0,0.0,0.0,0.0,0.0,0.0,0.0,0.0,0.0,0.0,0.0,0.0024477541,0.016880274,0.039138943,0.0,0.0,1.0,1.0,0.15,0.06,0.0,0.7702198,1.0,1.0,0.091705404,0.0,0.0030400008,0.0,0.0,0.07769585,0.0
0.0140691325,0.0,0.04411765,0.3,0.001208169,0.0,0.0,0.0,0.0,0.051395804,0.0,0.0,0.0,0.0,0.0,0.0024753213,0.0045611113,0.030001134,0.0,0.0,0.0,0.07395479,0.0087772235,0.08414873,0.02,0.02,0.98,0.98,1.0,0.0,0.0,0.8792453,1.0,1.0,0.12726134,0.0,0.009152085,0.0,0.0,0.087073654,0.0
0.0,0.0,0.5294118,0.2,0.0,0.0,0.0,0.0,0.0,0.0,0.0,0.0,0.0,0.0,0.0,0.0,0.0,0.0,0.0,0.0,0.0,0.0054436624,0.016625628,0.03522505,0.0,0.0,1.0,1.0,0.07,0.06,0.0,0.7767675,1.0,1.0,0.09383362,0.0,0.0019775778,0.0,0.0,0.08060375,0.0
0.0,0.0,0.029411765,0.2,0.0,0.0,0.0,0.0,0.0,0.0,0.0,0.0,0.0,0.0,0.0,0.0,0.0,0.0,0.0,0.0,0.0,0.0026415586,0.01691886,0.017612524,0.0,0.0,1.0,1.0,0.04,0.08,0.0,0.77190673,1.0,1.0,0.09224791,0.0,0.0021279305,0.0,0.0,0.079517156,0.0
0.0,0.0,0.029411765,0.2,0.0,0.0,0.0,0.0,0.0,0.0,0.0,0.0,0.0,0.0,0.0,0.0,0.0,0.0,0.0,0.0,0.0,0.0022372603,0.016905807,0.017612524,0.0,0.0,1.0,1.0,0.04,0.07,0.0,0.77123094,1.0,1.0,0.09209155,0.0,0.0021160692,0.0,0.0,0.07933614,0.0
0.13985966,0.0,0.13235295,0.8,1.5917067e-08,1.1144735e-05,0.0,0.0,0.0,0.0,0.0,0.0,0.0,0.0,0.0,0.0,0.0,0.0,0.0,0.0,0.0,0.0,0.01823467,0.0019569471,1.0,1.0,0.0,0.0,1.0,0.0,0.0,0.76949704,1.0,1.0,0.09024682,0.0,0.00044882298,0.0,0.0,0.08436617,0.0
0.0,0.0,0.25,0.5,0.0,0.0,0.0,0.0,0.0,0.0,0.0,0.0,0.0,0.0,0.0,0.0,0.0,0.0,0.0,0.0,0.0,0.00071564317,0.017008558,0.031311154,0.0,0.0,1.0,1.0,0.13,0.08,0.0,0.7672591,1.0,1.0,0.09080031,0.0,0.003076002,0.0,0.0,0.07710171,0.0
1.7326518e-05,0.0,0.22058824,0.0,4.1368454e-05,0.00021769383,0.0,0.0,0.0,0.0,0.0,0.0,0.0,0.0,0.0,0.0,0.0,0.0,0.0,0.0,0.0,0.0028932095,0.010961272,0.0058708414,0.0,0.0,0.0,0.0,1.0,0.0,0.67,0.75678945,1.0,1.0,0.0929211,0.0,0.009703994,0.0,0.0,0.065402746,0.0
0.0,1.0,0.36764705,0.0,1.6044403e-05,0.0,0.0,0.0,0.0,0.0042656064,0.0,0.0,0.0,0.0,0.0,0.0,0.0,0.0,0.0,0.0,0.0,0.016294092,0.014820658,0.6379648,0.0,0.0,0.0,0.0,1.0,0.0,0.0,0.78681946,1.0,1.0,0.098016374,0.0,0.003730759,0.0,0.0,0.08706862,0.0
0.0,1.0,0.36764705,0.0,1.6426413e-05,0.0,0.0,0.0,0.0,0.001472801,0.0,0.0,0.0,0.0,0.0,0.0,0.0,0.0,0.0,0.0,0.0,0.013871521,0.01452405,0.38551858,0.0,0.0,0.0,0.0,1.0,0.0,0.0,0.78163064,1.0,1.0,0.096884035,0.0,0.004337311,0.0,0.0,0.08473554,0.0
0.0,0.0,0.029411765,0.1,0.0,0.0,0.0,0.0,0.0,0.0,0.0,0.0,0.0,0.0,0.0,0.0,0.0,0.0,0.0,0.0,0.0,0.0,0.0235262,0.01369863,1.0,1.0,0.0,0.0,0.05,0.09,0.0,0.7738874,1.0,1.0,0.08721908,0.0,0.0,0.0,0.0,0.08815351,0.0
0.0,0.0,0.4852941,0.2,0.0,0.0,0.0,0.0,0.0,0.0,0.0,0.0,0.0,0.0,0.0,0.0,0.0,0.0,0.0,0.0,0.0,0.0037941635,0.01671312,0.031311154,0.0,0.0,1.0,1.0,0.06,0.06,0.0,0.773805,1.0,1.0,0.092958875,0.0,0.0021035522,0.0,0.0,0.07979399,0.0
0.0,0.0,0.14705883,0.5,0.0,0.0,0.0,0.0,0.0,0.0043228865,0.0,0.0,0.0,0.0,0.0,0.0,0.0,0.0,0.0,0.0,0.0,0.015134126,0.015994534,0.037181996,0.0,0.0,1.0,1.0,0.25,0.05,0.0,0.79036677,1.0,1.0,0.09771205,0.0,0.0036996156,0.0,0.0,0.08086392,0.0
0.0,0.0,0.0882353,0.2,0.0,0.0,0.0,0.0,0.0,0.0,0.0,0.0,0.0,0.0,0.0,0.0,0.0,0.0,0.0,0.0,0.0,0.0038618743,0.01676768,0.037181996,0.0,0.0,1.0,1.0,0.1,0.06,0.0,0.7733381,1.0,1.0,0.09271049,0.0,0.0025132,0.0,0.0,0.07916847,0.0
0.0,0.0,0.029411765,0.2,0.0,0.0,0.0,0.0,0.0,0.0,0.0,0.0,0.0,0.0,0.0,0.0,0.0,0.0,0.0,0.0,0.0,0.0014341474,0.016982883,0.017612524,0.0,0.0,1.0,1.0,0.04,0.07,0.0,0.76952326,1.0,1.0,0.09152845,0.0,0.0023697764,0.0,0.0,0.078633815,0.0
0.0,0.0,0.04411765,0.0,0.0008681168,0.0061771553,0.0,0.0,0.0,0.0,0.0,0.0,0.0,0.0,0.0,0.0,0.0,0.0,0.0,0.0,0.0,0.007190734,0.01067321,0.007827789,0.0,0.0,0.0,0.0,1.0,0.0,0.0,0.763993,1.0,1.0,0.09510969,0.0,0.009835571,0.0,0.0,0.06581959,0.0
1.7326518e-05,0.0,0.22058824,0.0,4.1368454e-05,0.00021769383,0.0,0.0,0.0,0.0,0.0,0.0,0.0,0.0,0.0,0.0,0.0,0.0,0.0,0.0,0.0,0.005938202,0.0113136545,0.0058708414,0.0,0.0,0.0,0.0,1.0,0.0,0.0,0.7624867,1.0,1.0,0.094046466,0.0,0.009155571,0.0,0.0,0.06929821,0.0
0.0,0.0,0.029411765,0.2,0.0,0.0,0.0,0.0,0.0,0.0,0.0,0.0,0.0,0.0,0.0,0.0,0.0,0.0,0.0,0.0,0.0,0.0039780736,0.016799167,0.031311154,0.0,0.0,1.0,1.0,0.07,0.07,0.0,0.7738285,1.0,1.0,0.092833556,0.0,0.0023245662,0.0,0.0,0.07960978,0.0
0.013705276,0.0,0.04411765,0.3,1.6299076e-05,0.0,0.0,0.0,0.0,0.015458733,0.0,0.0,0.0,0.0,0.0,0.0,0.00041446835,0.0,0.0,0.0,0.0,0.0337317,0.00995972,0.11154599,0.04,0.04,0.96,0.96,1.0,0.0,0.0,0.8099772,1.0,1.0,0.10790063,0.0,0.009351939,0.0,0.0,0.075179696,0.0
0.0,0.0,0.029411765,0.2,0.0,0.0,0.0,0.0,0.0,0.0,0.0,0.0,0.0,0.0,0.0,0.0,0.0,0.0,0.0,0.0,0.0,0.004704803,0.016644746,0.03522505,0.0,0.0,1.0,1.0,0.07,0.06,0.0,0.77538013,1.0,1.0,0.09344267,0.0,0.0020714551,0.0,0.0,0.0801301,0.0
0.0,0.0,0.13235295,0.8,0.0,3.2691223e-05,0.0,0.0,0.0,0.0,0.0,0.0,0.0,0.0,0.0,0.0,0.0,0.0,0.0,0.0,0.0,0.0,0.022410557,0.0019569471,1.0,1.0,0.0,0.0,1.0,0.0,0.0,0.6918379,0.99015534,1.0,0.06532102,0.0,0.0036803633,0.0,0.0,0.06770581,0.0
0.0,0.0,0.029411765,0.2,0.0,0.0,0.0,0.0,0.0,0.0,0.0,0.0,0.0,0.0,0.0,0.0,0.0,0.0,0.0,0.0,0.0,0.0051023066,0.016625553,0.039138943,0.0,0.0,1.0,1.0,0.08,0.06,0.0,0.77586436,1.0,1.0,0.09356671,0.0,0.002201423,0.0,0.0,0.08001736,0.0
0.01408646,0.0,0.04411765,0.3,0.00075994444,0.0,0.0,0.0,0.0,0.005980253,0.0,0.0,0.0,0.0,0.0,0.0,0.0,0.0,0.0,0.0,0.0,0.023305565,0.010211639,0.08414873,0.0,0.0,1.0,1.0,1.0,0.0,0.0,0.7918979,1.0,1.0,0.102899246,0.0,0.009555921,0.0,0.0,0.07142061,0.0
0.0,0.0,0.3382353,0.2,0.0,0.0,0.0,0.0,0.0,0.0,0.0,0.0,0.0,0.0,0.0,0.0,0.0,0.0,0.0,0.0,0.0,8.532405e-05,0.01705546,0.0058708414,0.0,0.0,1.0,1.0,0.01,0.07,0.0,0.7677386,1.0,1.0,0.09104677,0.0,0.0020291954,0.0,0.0,0.07883525,0.0
0.0,0.0,0.029411765,0.2,0.0,0.0,0.0,0.0,0.0,0.0,0.0,0.0,0.0,0.0,0.0,0.0,0.0,0.0,0.0,0.0,0.0,2.4050474e-05,0.017075546,0.023483366,0.0,0.0,1.0,1.0,0.09,0.05,0.0,0.7662816,1.0,1.0,0.09049814,0.0,0.0029671341,0.0,0.0,0.07706094,0.0
0.0,0.0,0.029411765,0.1,0.0,0.0,0.0,0.0,0.0,0.0,0.0,0.0,0.0,0.0,0.0,0.0,0.0,0.0,0.0,0.0,0.0,0.0,0.022790298,0.007827789,0.83,1.0,0.17,0.0,0.02,0.06,0.0,0.77293456,1.0,1.0,0.08777817,0.0,0.0,0.0,0.0,0.08785349,0.0
0.0,0.0,0.029411765,0.2,0.0,0.0,0.0,0.0,0.0,0.0,0.0,0.0,0.0,0.0,0.0,0.0,0.0,0.0,0.0,0.0,0.0,0.0,0.017038934,0.023483366,0.0,0.0,1.0,1.0,0.08,0.05,0.0,0.76612747,1.0,1.0,0.09051389,0.0,0.0028777272,0.0,0.0,0.077094495,0.0
0.0,0.0,0.029411765,0.2,0.0,0.0,0.0,0.0,0.0,0.0,0.0,0.0,0.0,0.0,0.0,0.0,0.0,0.0,0.0,0.0,0.0,0.0,0.017198674,0.017612524,0.0,0.0,1.0,1.0,0.08,0.07,0.0,0.76281154,1.0,1.0,0.089448266,0.0,0.0031424016,0.0,0.0,0.07606724,0.0
0.0,0.0,0.029411765,0.1,0.0,0.0,0.0,0.0,0.0,0.0,0.0,0.0,0.0,0.0,0.0,0.0,0.0,0.0,0.0,0.0,0.0,0.0,0.020685121,0.02739726,0.67,0.64,0.33,0.36,0.11,0.07,0.0,0.7682183,1.0,1.0,0.08800963,0.0,0.0,0.0,0.0,0.08300921,0.0
1.7326518e-05,0.0,0.22058824,0.0,4.1368454e-05,0.00021769383,0.0,0.0,0.0,0.0,0.0,0.0,0.0,0.0,0.0,0.0,0.0,0.0,0.0,0.0,0.0,0.0028501153,0.010986686,0.0058708414,0.0,0.0,0.0,0.0,1.0,0.0,0.0,0.75670815,1.0,1.0,0.092872106,0.0,0.009687513,0.0,0.0,0.06554419,0.0
0.0,0.0,0.14705883,0.5,0.0,0.0,0.0,0.0,0.0,0.017625809,0.0,0.0,0.0,0.0,0.0,0.0,0.0,0.0,0.0,0.0,0.0,0.027488708,0.016648643,0.007827789,0.0,0.0,1.0,1.0,0.4,0.2,0.0,0.81456673,1.0,1.0,0.1034443,0.0,0.0017715394,0.0,0.0,0.091440946,0.0
0.0,0.0,0.04411765,0.3,0.0008681168,0.0061771553,0.0,0.0,0.0,0.0,0.0,0.0,0.0,0.0,0.0,0.0,0.0,0.0,0.0,0.0,0.0,0.006559372,0.010717891,0.0058708414,0.0,0.0,0.33,0.33,1.0,0.0,0.0,0.7629714,1.0,1.0,0.09479787,0.0,0.009798631,0.0,0.0,0.06578058,0.0
0.0,0.0,0.029411765,0.2,0.0,0.0,0.0,0.0,0.0,0.0,0.0,0.0,0.0,0.0,0.0,0.0,0.0,0.0,0.0,0.0,0.0,0.0035292208,0.016790457,0.031311154,0.0,0.0,1.0,1.0,0.07,0.07,0.0,0.7730578,1.0,1.0,0.092645936,0.0,0.0023268014,0.0,0.0,0.07938978,0.0
1.7326518e-05,0.0,0.22058824,0.0,4.1368454e-05,0.00021769383,0.0,0.0,0.0,0.0,0.0,0.0,0.0,0.0,0.0,0.0,0.0,0.0,0.0,0.0,0.0,0.002391994,0.012552477,0.0039138943,0.0,0.0,0.0,0.0,1.0,0.0,0.0,0.75747764,1.0,1.0,0.09154212,0.0,0.008227557,0.0,0.0,0.0728488,0.0
0.0,0.0,0.029411765,0.1,0.0,0.0,0.0,0.0,0.0,0.0,0.0,0.0,0.0,0.0,0.0,0.0,0.0,0.0,0.0,0.0,0.0,0.0,0.023442343,0.0039138943,1.0,1.0,0.0,0.0,0.01,0.07,0.0,0.7729218,1.0,1.0,0.08713462,0.0,0.0,0.0,0.0,0.08833882,0.0
0.0,1.0,0.36764705,0.0,1.6044403e-05,0.0,0.0,0.0,0.0,0.0,0.0,0.0,0.0,0.0,0.0,0.0,0.0,0.0,0.0,0.0,0.0,0.011070758,0.014079042,0.06849315,0.0,0.0,0.0,0.0,1.0,0.0,0.0,0.7757429,1.0,1.0,0.09572255,0.0,0.0050225407,0.0,0.0,0.08167547,0.0
0.0,0.0,0.029411765,0.2,0.0,0.0,0.0,0.0,0.0,0.0,0.0,0.0,0.0,0.0,0.0,0.0,0.0,0.0,0.0,0.0,0.0,0.0011637807,0.016956985,0.017612524,0.0,0.0,1.0,1.0,0.04,0.06,0.0,0.769132,1.0,1.0,0.091466,0.0,0.0023156703,0.0,0.0,0.07856989,0.0
0.0,0.0,0.029411765,0.2,0.0,0.0,0.0,0.0,0.0,0.0,0.0,0.0,0.0,0.0,0.0,0.0,0.0,0.0,0.0,0.0,0.0,0.0048034787,0.016719937,0.031311154,0.0,0.0,1.0,1.0,0.06,0.07,0.0,0.7755835,1.0,1.0,0.0934123,0.0,0.0020638257,0.0,0.0,0.08033165,0.0
0.0,1.0,0.36764705,0.0,1.6426413e-05,0.0,0.0,0.0,0.0,0.0,0.0,0.0,0.0,0.0,0.0,0.0,0.0,0.0,0.0,0.0,0.0,0.0072008967,0.016097993,0.20156556,0.0,0.0,0.0,0.0,1.0,0.0,0.0,0.77566195,1.0,1.0,0.093797706,0.0,0.002816543,0.0,0.0,0.08447206,0.0
0.0,0.0,0.029411765,0.1,0.0,0.0,0.0,0.0,0.0,0.0,0.0,0.0,0.0,0.0,0.0,0.0,0.0,0.0,0.0,0.0,0.0,0.0,0.023520075,0.0058708414,1.0,1.0,0.0,0.0,0.02,0.1,0.0,0.7730304,1.0,1.0,0.08703562,0.0,0.0,0.0,0.0,0.08817968,0.0
0.014138439,0.0,0.04411765,0.3,0.0008993779,0.0,0.0,0.0,0.0,0.017509043,0.0,0.0,0.0,0.0,0.0,0.0,0.0006573349,0.0006430149,0.0,0.0,0.0,0.035988778,0.009887323,0.12328767,0.03,0.03,0.97,0.97,1.0,0.0,0.0,0.8138784,1.0,1.0,0.10899823,0.0,0.0093110055,0.0,0.0,0.0759677,0.0
0.015559213,0.0,0.04411765,0.3,0.0008993779,0.0,0.0,0.0,0.0,0.033774436,0.0,0.0,0.0,0.0,0.0,0.0,0.0026203692,0.015459418,0.0,0.0,0.0,0.054510653,0.009260468,0.04696673,0.0,0.0,1.0,1.0,1.0,0.0,0.0,0.84554374,1.0,1.0,0.11792486,0.0,0.009478867,0.0,0.0,0.080349684,0.0
0.0,0.0,0.029411765,0.2,0.0,0.0,0.0,0.0,0.0,0.0,0.0,0.0,0.0,0.0,0.0,0.0,0.0,0.0,0.0,0.0,0.0,0.0,0.01720956,0.017612524,0.0,0.0,1.0,1.0,0.09,0.07,0.0,0.7635348,1.0,1.0,0.0896203,0.0,0.0031471997,0.0,0.0,0.07626775,0.0
0.0,0.0,0.029411765,0.2,0.0,0.0,0.0,0.0,0.0,0.0,0.0,0.0,0.0,0.0,0.0,0.0,0.0,0.0,0.0,0.0,0.0,0.0043106973,0.016776994,0.029354207,0.0,0.0,1.0,1.0,0.06,0.07,0.0,0.7746017,1.0,1.0,0.093080826,0.0,0.002183631,0.0,0.0,0.07995248,0.0
0.0,0.0,0.19117647,0.2,0.0,0.0,0.0,0.0,0.0,0.0,0.0,0.0,0.0,0.0,0.0,0.0,0.0,0.0,0.0,0.0,0.0,0.0023277402,0.016825743,0.021526419,0.0,0.0,1.0,1.0,0.04,0.06,0.0,0.7714752,1.0,1.0,0.092254065,0.0,0.0020197183,0.0,0.0,0.079484135,0.0
0.013913194,0.0,0.04411765,0.3,0.0009226168,7.4298237e-07,0.0,0.0,0.0,0.02358237,0.0,0.0,0.0,0.0,0.0,0.0,0.0013737679,0.005650878,0.0,0.0,0.0,0.0426898,0.009674892,0.15264188,0.03,0.03,0.97,0.97,1.0,0.0,0.0,0.8254541,1.0,1.0,0.11225205,0.0,0.009201691,0.0,0.0,0.078258514,0.0
0.0,0.0,0.2647059,0.2,0.0,0.0,0.0,0.0,0.0,0.0,0.0,0.0,0.0,0.0,0.0,0.0,0.0,0.0,0.0,0.0,0.0,0.0,0.017130353,0.0019569471,0.0,0.0,1.0,1.0,0.0,0.06,0.0,0.76602113,1.0,1.0,0.09051602,0.0,0.0020824075,0.0,0.0,0.078440696,0.0
0.0,1.0,0.36764705,0.0,1.6426413e-05,0.0,0.0,0.0,0.0,0.0013369024,0.0,0.0,0.0,0.0,0.0,0.0,0.0,0.0,0.0,0.0,0.0,0.0137940645,0.014436118,0.3365949,0.0,0.0,0.0,0.0,1.0,0.0,0.0,0.7813705,1.0,1.0,0.09689622,0.0,0.0044119507,0.0,0.0,0.08444303,0.0
0.0,0.0,0.029411765,0.1,0.0,0.0,0.0,0.0,0.0,0.0,0.0,0.0,0.0,0.0,0.0,0.0,0.0,0.0,0.0,0.0,0.0,0.0,0.020086378,0.019569471,0.07,0.8,0.93,0.2,0.05,0.08,0.0,0.7656925,1.0,1.0,0.08805182,0.0,0.0,0.0,0.0,0.08206278,0.0
0.0,0.0,0.029411765,0.1,0.0,0.0,0.0,0.0,0.0,0.0,0.0,0.0,0.0,0.0,0.0,0.0,0.0,0.0,0.0,0.0,0.0,0.0,0.023335703,0.015655577,1.0,1.0,0.0,0.0,0.04,0.07,0.0,0.77522635,1.0,1.0,0.08783581,0.0,0.0,0.0,0.0,0.088819414,0.0
0.0,0.0,0.029411765,0.2,0.0,0.0,0.0,0.0,0.0,0.0,0.0,0.0,0.0,0.0,0.0,0.0,0.0,0.0,0.0,0.0,0.0,0.0043809116,0.016689755,0.02739726,0.0,0.0,1.0,1.0,0.05,0.06,0.0,0.77522993,1.0,1.0,0.09339783,0.0,0.0018022209,0.0,0.0,0.08059493,0.0
0.0,1.0,0.36764705,0.0,1.6426413e-05,0.0,0.0,0.0,0.0,0.0,0.0,0.0,0.0,0.0,0.0,0.0,0.0,0.0,0.00036346167,0.0,0.0,0.0,0.044327624,0.47358122,0.0,0.0,0.0,0.0,1.0,0.0,0.0,0.5981258,0.86941123,0.97601426,0.017078266,0.0,0.00884828,0.0,0.0,0.060081467,0.0
0.0,0.0,0.32352942,0.5,0.0,0.0,0.0,0.0,0.0,0.0,0.0,0.0,0.0,0.0,0.0,0.0,0.0,0.0,0.0,0.0,0.0,0.00060385466,0.017073773,0.01369863,0.01,0.0,0.99,1.0,0.04,0.08,0.0,0.76814866,1.0,1.0,0.09108003,0.0,0.0023696423,0.0,0.0,0.07838869,0.0
1.7326518e-05,0.0,0.22058824,0.0,4.1368454e-05,0.00021769383,0.0,0.0,0.0,0.0,0.0,0.0,0.0,0.0,0.0,0.0,0.0,0.0,0.0,0.0,0.0,0.0,0.014218517,0.0058708414,0.0,0.0,0.0,0.0,1.0,0.0,0.0,0.7462704,1.0,1.0,0.08737061,0.0,0.006465152,0.0,0.0,0.071070105,0.0
0.015611193,0.0,0.04411765,0.3,0.0008993779,0.0,0.0,0.0,0.0,0.017273515,0.0,0.0,0.0,0.0,0.0,0.0,0.0007727295,0.00054624677,0.0,0.0,0.0,0.035759807,0.009767748,0.16046967,0.01,0.01,0.98,0.98,1.0,0.0,0.0,0.81337154,1.0,1.0,0.10898662,0.0,0.009349987,0.0,0.0,0.075674206,0.0
0.0,0.0,0.029411765,0.2,0.0,0.0,0.0,0.0,0.0,0.0,0.0,0.0,0.0,0.0,0.0,0.0,0.0,0.0,0.0,0.0,0.0,0.001884371,0.016920112,0.021526419,0.0,0.0,1.0,1.0,0.05,0.08,0.0,0.77034867,1.0,1.0,0.09181606,0.0,0.0022993684,0.0,0.0,0.07892382,0.0
0.0,0.0,0.04411765,0.0,0.0008681168,0.0061771553,0.0,0.0,0.0,0.0,0.0,0.0,0.0,0.0,0.0,0.0,0.0,0.0,0.0,0.0,0.0,0.005050689,0.01073771,0.0058708414,0.0,0.0,0.0,0.0,1.0,0.0,0.0,0.76030445,1.0,1.0,0.094076864,0.0,0.009854034,0.0,0.0,0.06515375,0.0
0.12977563,0.0,0.13235295,0.0,0.0,3.2691223e-05,0.0,0.0,0.0,0.022882879,0.0,0.0,0.0,0.0,0.0,0.0,0.0,0.0,0.0,0.0,0.0,0.03193775,0.018555067,0.0019569471,0.0,0.0,0.0,0.0,1.0,0.0,0.0,0.825493,1.0,1.0,0.10455587,0.0,0.00040705502,0.0,0.0,0.096590996,0.0
0.0,0.0,0.029411765,0.2,0.0,0.0,0.0,0.0,0.0,0.0,0.0,0.0,0.0,0.0,0.0,0.0,0.0,0.0,0.0,0.0,0.0,0.00048795342,0.016987793,0.037181996,0.0,0.0,1.0,1.0,0.19,0.05,0.0,0.76653147,1.0,1.0,0.09059899,0.0,0.0032998621,0.0,0.0,0.07656294,0.0
0.0,0.0,0.029411765,0.2,0.0,0.0,0.0,0.0,0.0,0.0,0.0,0.0,0.0,0.0,0.0,0.0,0.0,0.0,0.0,0.0,0.0,0.0,0.017253019,0.011741683,0.0,0.0,1.0,1.0,0.05,0.07,0.0,0.7621727,1.0,1.0,0.089250065,0.0,0.002971813,0.0,0.0,0.07630649,0.0
0.0,0.0,0.3970588,0.2,0.0,0.0,0.0,0.0,0.0,0.0,0.0,0.0,0.0,0.0,0.0,0.0,0.0,0.0,0.0,0.0,0.0,0.0016835034,0.016939968,0.01369863,0.0,0.0,1.0,1.0,0.03,0.06,0.0,0.7704146,1.0,1.0,0.09185798,0.0,0.002035424,0.0,0.0,0.079312205,0.0
0.0,1.0,0.36764705,0.0,1.6426413e-05,0.0,0.0,0.0,0.0,0.0017270446,0.0,0.0,0.0,0.0,0.0,0.0,0.0,0.0,0.0,0.0,0.0,0.014098227,0.014552824,0.40900195,0.0,0.0,0.0,0.0,1.0,0.0,0.0,0.7820997,1.0,1.0,0.096982636,0.0,0.004286796,0.0,0.0,0.08496374,0.0
0.0,0.0,0.029411765,0.2,0.0,0.0,0.0,0.0,0.0,0.0,0.0,0.0,0.0,0.0,0.0,0.0,0.0,0.0,0.0,0.0,0.0,0.0043302774,0.016723327,0.029354207,0.0,0.0,1.0,1.0,0.06,0.07,0.0,0.7748271,1.0,1.0,0.09322163,0.0,0.002037868,0.0,0.0,0.0801422,0.0
0.0,0.0,0.04411765,0.1,0.0,0.0,0.0,0.0,0.0,0.054979295,0.0,0.0,0.0,0.0,0.0,0.0,0.0027844533,0.025636643,0.0,0.0,0.0,0.07114035,0.014659308,0.14677104,1.0,1.0,0.0,0.0,1.0,0.0,0.0,0.8867029,1.0,1.0,0.12414291,0.0,0.0030331314,0.0,0.0,0.10185444,0.0
0.0,0.0,0.29411766,0.2,0.0,0.0,0.0,0.0,0.0,0.0,0.0,0.0,0.0,0.0,0.0,0.0,0.0,0.0,0.0,0.0,0.0,0.0041944087,0.016745545,0.03522505,0.0,0.0,1.0,1.0,0.08,0.06,0.0,0.77411115,1.0,1.0,0.09295768,0.0,0.0023721755,0.0,0.0,0.079511255,0.0
0.0,0.0,0.04411765,0.0,0.0008681168,0.0061771553,0.0,0.0,0.0,0.0,0.0,0.0,0.0,0.0,0.0,0.0,0.0,0.0,0.0,0.0,0.0,0.002593726,0.010862932,0.01369863,0.0,0.0,0.0,0.0,1.0,0.0,0.29,0.75614357,1.0,1.0,0.092860006,0.0,0.00981617,0.0,0.0,0.06466463,0.0
0.0,1.0,0.36764705,0.0,8.08587e-06,0.0,0.0,0.0,0.0,0.0,0.0,0.0,0.0,0.0,0.0,0.0,0.0,0.0,0.0,0.0,0.0,0.012246996,0.01431717,0.21722114,0.0,0.0,0.0,0.0,1.0,0.0,0.0,0.77826834,1.0,1.0,0.09617751,0.0,0.0046996474,0.0,0.0,0.08310038,0.0
0.0,0.0,0.029411765,0.2,0.0,0.0,0.0,0.0,0.0,0.0,0.0,0.0,0.0,0.0,0.0,0.0,0.0,0.0,0.0,0.0,0.0,0.0,0.017194502,0.0019569471,0.0,0.0,1.0,1.0,0.0,0.06,0.0,0.76459813,1.0,1.0,0.0900468,0.0,0.0022938251,0.0,0.0,0.07785538,0.0
0.0,0.0,0.029411765,0.2,0.0,0.0,0.0,0.0,0.0,0.0,0.0,0.0,0.0,0.0,0.0,0.0,0.0,0.0,0.0,0.0,0.0,0.004311919,0.016706109,0.025440313,0.0,0.0,1.0,1.0,0.04,0.06,0.0,0.77514935,1.0,1.0,0.093363486,0.0,0.0017881095,0.0,0.0,0.08058649,0.0
0.0,0.0,0.13235295,0.8,0.0,3.2691223e-05,0.0,0.0,0.0,0.012482017,0.0,0.0,0.0,0.0,0.0,0.0,0.0,0.0,0.0,0.0,0.0,0.01862961,0.018865637,0.0019569471,1.0,1.0,0.0,0.0,1.0,0.0,0.0,0.805406,1.0,1.0,0.09920915,0.0,0.0,0.0,0.0,0.09259927,0.0
0.0,0.0,0.029411765,0.2,0.0,0.0,0.0,0.0,0.0,0.0,0.0,0.0,0.0,0.0,0.0,0.0,0.0,0.0,0.0,0.0,0.0,0.0058385134,0.016554914,0.039138943,0.0,0.0,1.0,1.0,0.07,0.06,0.0,0.7774297,1.0,1.0,0.0940829,0.0,0.0019688606,0.0,0.0,0.08066121,0.0
0.0,0.0,0.14705883,0.1,0.0,0.0,0.0,0.0,0.0,0.0,0.0,0.0,0.0,0.0,0.0,0.0,0.0,0.0,0.0,0.0,0.0,0.0,0.023163639,0.037181996,1.0,1.0,0.0,0.0,0.25,0.05,0.0,0.7628677,1.0,1.0,0.084400795,0.0,0.0,0.0,0.0,0.08513749,0.0
1.7326518e-05,0.0,0.22058824,0.0,4.1368454e-05,0.00021769383,0.0,0.0,0.0,0.0,0.0,0.0,0.0,0.0,0.0,0.0,0.0,0.0,0.0,0.0,0.0,0.0021381378,0.012485497,0.0039138943,0.0,0.0,0.0,0.0,1.0,0.0,0.0,0.75679135,1.0,1.0,0.09140531,0.0,0.008354217,0.0,0.0,0.072576314,0.0
0.0,1.0,0.36764705,0.0,1.6426413e-05,0.0,0.0,0.0,0.0,0.003146261,0.0,0.0,0.0,0.0,0.0,0.0,0.0,0.0,0.0,0.0,0.0,0.015363783,0.0147140175,0.54011744,0.0,0.0,0.0,0.0,1.0,0.0,0.0,0.7847192,1.0,1.0,0.09753313,0.0,0.0040044934,0.0,0.0,0.08623764,0.0
0.0,0.0,0.0,0.2,0.0,0.0,0.0,0.0,0.0,0.0,0.0,0.0,0.0,0.0,0.0,0.0,0.0,0.0,0.0,0.0,0.0,0.0026431978,0.016835384,0.023483366,0.0,0.0,1.0,1.0,0.05,0.06,0.0,0.7719327,1.0,1.0,0.09234881,0.0,0.002076894,0.0,0.0,0.079553366,0.0
0.0,0.0,0.029411765,0.2,0.0,0.0,0.0,0.0,0.0,0.0,0.0,0.0,0.0,0.0,0.0,0.0,0.0,0.0,0.0,0.0,0.0,0.0,0.017115146,0.0019569471,0.0,0.0,1.0,1.0,0.0,0.06,0.0,0.76539266,1.0,1.0,0.09037533,0.0,0.0020635575,0.0,0.0,0.0782792,0.0
0.0,1.0,0.36764705,0.0,1.6426413e-05,0.0,0.0,0.0,0.0,0.0,0.0,0.0,0.0,0.0,0.0,0.0,0.0,0.0,0.0,0.0,0.0,0.007101476,0.01633063,0.2661448,0.0,0.0,0.0,0.0,1.0,0.0,0.0,0.7765677,1.0,1.0,0.093863316,0.0,0.0024000257,0.0,0.0,0.08488116,0.0
0.0,0.0,0.029411765,0.1,0.0,0.0,0.0,0.0,0.0,0.0,0.0,0.0,0.0,0.0,0.0,0.0,0.0,0.0,0.0,0.0,0.0,0.0,0.023288704,0.011741683,1.0,1.0,0.0,0.0,0.03,0.05,0.0,0.7750925,1.0,1.0,0.08788461,0.0,0.0,0.0,0.0,0.08898646,0.0
0.0,0.0,0.13235295,0.8,0.0,3.2691223e-05,0.0,0.0,0.0,0.014335871,0.0,0.0,0.0,0.0,0.0,0.0,0.0,0.0,0.0,0.0,0.0,0.02073729,0.01900436,0.0019569471,0.5,1.0,0.0,0.0,0.5,1.0,0.0,0.8091283,1.0,1.0,0.10005399,0.0,0.0,0.0,0.0,0.093402535,0.0
0.0,0.0,0.029411765,0.1,0.0,0.0,0.0,0.0,0.0,0.0,0.0,0.0,0.0,0.0,0.0,0.0,0.0,0.0,0.0,0.0,0.0,0.0,0.023550436,0.011741683,1.0,1.0,0.0,0.0,0.04,0.09,0.0,0.7727457,1.0,1.0,0.08689942,0.0,0.0,0.0,0.0,0.08794984,0.0
0.0,0.0,0.7941176,0.1,0.0,0.0,0.0,0.0,0.0,0.0,0.0,0.0,0.0,0.0,0.0,0.0,0.0,0.0,0.0,0.0,0.0,0.0,0.023742087,0.007827789,1.0,1.0,0.0,0.0,0.11,0.16,0.0,0.7738422,1.0,1.0,0.08689829,0.0,0.0,0.0,0.0,0.08778745,0.0
0.0,0.0,0.9117647,0.2,0.0,0.0,0.0,0.0,0.0,0.0,0.0,0.0,0.0,0.0,0.0,0.0,0.0,0.0,0.0,0.0,0.0,0.0044411123,0.01665105,0.031311154,0.0,0.0,1.0,1.0,0.06,0.06,0.0,0.7751806,1.0,1.0,0.09341244,0.0,0.0018992573,0.0,0.0,0.08035979,0.0
0.0,1.0,0.36764705,0.0,1.6044403e-05,0.0,0.0,0.0,0.0,0.0,0.0,0.0,0.0,0.0,0.0,0.0,0.0,0.0,0.0,0.0,0.0,0.012435883,0.014341235,0.23679061,0.0,0.0,0.0,0.0,1.0,0.0,0.0,0.7786592,1.0,1.0,0.096259646,0.0,0.004657522,0.0,0.0,0.08329055,0.0
0.0,0.0,0.029411765,0.2,0.0,0.0,0.0,0.0,0.0,0.0,0.0,0.0,0.0,0.0,0.0,0.0,0.0,0.0,0.0,0.0,0.0,0.0,0.017198868,0.017612524,0.0,0.0,1.0,1.0,0.09,0.06,0.0,0.763772,1.0,1.0,0.08969847,0.0,0.0031119585,0.0,0.0,0.07636526,0.0
0.0,0.0,0.029411765,0.2,0.0,0.0,0.0,0.0,0.0,0.0,0.0,0.0,0.0,0.0,0.0,0.0,0.0,0.0,0.0,0.0,0.0,0.0,0.01707837,0.025440313,0.0,0.0,1.0,1.0,0.11,0.07,0.0,0.7659353,1.0,1.0,0.09039169,0.0,0.0030447096,0.0,0.0,0.07689381,0.0
0.0,0.0,0.1764706,0.2,0.0,0.0,0.0,0.0,0.0,0.0,0.0,0.0,0.0,0.0,0.0,0.0,0.0,0.0,0.0,0.0,0.0,0.00021916628,0.017042577,0.0058708414,0.0,0.0,1.0,1.0,0.01,0.06,0.0,0.76802325,1.0,1.0,0.09114065,0.0,0.001986906,0.0,0.0,0.07895231,0.0
0.0,0.0,0.029411765,0.1,0.0,0.0,0.0,0.0,0.0,0.0,0.0,0.0,0.0,0.0,0.0,0.0,0.0,0.0,0.0,0.0,0.0,0.0,0.023594752,0.0019569471,1.0,1.0,0.0,0.0,0.01,0.1,0.0,0.77124536,1.0,1.0,0.08648633,0.0,0.0,0.0,0.0,0.08775163,0.0
1.7326518e-05,0.0,0.22058824,0.0,4.1368454e-05,0.00021769383,0.0,0.0,0.0,0.0,0.0,0.0,0.0,0.0,0.0,0.0,0.0,0.0,0.0,0.0,0.0,0.001989305,0.012281999,0.0058708414,0.0,0.0,0.0,0.0,1.0,0.0,0.0,0.755828,1.0,1.0,0.091295786,0.0,0.008760199,0.0,0.0,0.071641356,0.0
0.0,0.0,0.029411765,0.2,0.0,0.0,0.0,0.0,0.0,0.0,0.0,0.0,0.0,0.0,0.0,0.0,0.0,0.0,0.0,0.0,0.0,0.002549678,0.016875222,0.025440313,0.0,0.0,1.0,1.0,0.06,0.06,0.0,0.7714021,1.0,1.0,0.09212782,0.0,0.0023447722,0.0,0.0,0.079045296,0.0
0.0,1.0,0.36764705,0.0,1.6044403e-05,0.0,0.0,0.0,0.0,0.0029132664,0.0,0.0,0.0,0.0,0.0,0.0,0.0,0.0,0.0,0.0,0.0,0.01515606,0.014687531,0.518591,0.0,0.0,0.0,0.0,1.0,0.0,0.0,0.78428924,1.0,1.0,0.0974428,0.0,0.0040508807,0.0,0.0,0.08602846,0.0
1.7326518e-05,0.0,0.22058824,0.0,4.1368454e-05,0.00021769383,0.0,0.0,0.0,0.0,0.0,0.0,0.0,0.0,0.0,0.0,0.0,0.0,0.0,0.0,0.0,0.0,0.013211705,0.0058708414,0.0,0.0,0.0,0.0,1.0,0.0,0.0,0.75411,1.0,1.0,0.0901617,0.0,0.007416606,0.0,0.0,0.073272645,0.0
0.0,0.0,0.029411765,0.2,0.0,0.0,0.0,0.0,0.0,0.0,0.0,0.0,0.0,0.0,0.0,0.0,0.0,0.0,0.0,0.0,0.0,0.0039103627,0.016744629,0.025440313,0.0,0.0,1.0,1.0,0.05,0.06,0.0,0.77429545,1.0,1.0,0.09308194,0.0,0.0019149482,0.0,0.0,0.08023539,0.0
0.0,0.0,0.029411765,0.2,0.0,0.0,0.0,0.0,0.0,0.0,0.0,0.0,0.0,0.0,0.0,0.0,0.0,0.0,0.0,0.0,0.0,0.0055463016,0.018540107,0.01369863,0.68,0.0,0.32,1.0,0.03,0.06,0.0,0.78081083,1.0,1.0,0.09328901,0.0,0.00021500885,0.0,0.0,0.084248215,0.0
0.03598718,0.0,0.04411765,0.3,0.001155006,0.0,0.0,0.0,0.0,0.0,0.0,0.0,0.0,0.0,0.0,0.0,0.0,0.0,0.0,0.0,0.0,0.005627364,0.011067852,0.017612524,0.0,0.0,1.0,1.0,1.0,0.0,0.0,0.76154006,1.0,1.0,0.09406661,0.0,0.009688273,0.0,0.0,0.06635755,0.0
0.12797366,0.0,0.13235295,0.0,0.0,3.2691223e-05,0.0,0.0,0.0,0.018300474,0.0,0.0,0.0,0.0,0.0,0.0,0.0,0.0,0.0,0.0,0.0,0.027898788,0.018190615,0.0019569471,0.0,0.0,0.0,0.0,1.0,0.0,0.0,0.8164209,1.0,1.0,0.10237322,0.0,0.0013089627,0.0,0.0,0.094593465,0.0
1.7326518e-05,0.0,0.22058824,0.0,4.1368454e-05,0.00021769383,0.0,0.0,0.0,0.0,0.0,0.0,0.0,0.0,0.0,0.0,0.0,0.0,0.0,0.0,0.0,0.002530098,0.0122936815,0.0058708414,0.0,0.0,0.0,0.0,1.0,0.0,0.0,0.7568828,1.0,1.0,0.091573246,0.0,0.00868915,0.0,0.0,0.0719156,0.0
0.0,0.0,0.14705883,0.5,0.0,0.0,0.0,0.0,0.0,0.0,0.0,0.0,0.0,0.0,0.0,0.0,0.0,0.0,0.0,0.0,0.0,0.0047278106,0.016704164,0.0332681,0.0,0.0,1.0,1.0,0.07,0.06,0.0,0.77531135,1.0,1.0,0.093345694,0.0,0.0021678358,0.0,0.0,0.08002946,0.0
0.0,0.0,0.5147059,0.2,0.0,0.0,0.0,0.0,0.0,0.0,0.0,0.0,0.0,0.0,0.0,0.0,0.0,0.0,0.0,0.0,0.0,0.0,0.017238647,0.007827789,0.0,0.0,1.0,1.0,0.03,0.06,0.0,0.76305497,1.0,1.0,0.08952554,0.0,0.0027885586,0.0,0.0,0.07671881,0.0
0.0,0.0,0.029411765,0.2,0.0,0.0,0.0,0.0,0.0,0.0,0.0,0.0,0.0,0.0,0.0,0.0,0.0,0.0,0.0,0.0,0.0,0.0015970767,0.017000116,0.01369863,0.0,0.0,1.0,1.0,0.03,0.07,0.0,0.77004695,1.0,1.0,0.09167024,0.0,0.0022023171,0.0,0.0,0.07906407,0.0
0.0,0.0,0.029411765,0.2,0.0,0.0,0.0,0.0,0.0,0.0,0.0,0.0,0.0,0.0,0.0,0.0,0.0,0.0,0.0,0.0,0.0,0.002598226,0.016851634,0.021526419,0.0,0.0,1.0,1.0,0.04,0.07,0.0,0.77186644,1.0,1.0,0.09231656,0.0,0.002073884,0.0,0.0,0.07954818,0.0
1.7326518e-05,0.0,0.22058824,0.0,4.1368454e-05,0.00021769383,0.0,0.0,0.0,0.0,0.0,0.0,0.0,0.0,0.0,0.0,0.0,0.0,0.0,0.0,0.0,0.0,0.014205329,0.0058708414,0.0,0.0,0.0,0.0,1.0,0.0,0.0,0.74646115,1.0,1.0,0.08743193,0.0,0.0064684004,0.0,0.0,0.0711222,0.0
0.0,0.0,0.13235295,0.8,0.0,3.2691223e-05,0.0,0.0,0.0,0.0,0.0,0.0,0.0,0.0,0.0,0.0,0.0,0.0,0.0,0.0,0.0,0.0,0.02164384,0.0019569471,1.0,1.0,0.0,0.0,1.0,0.0,0.0,0.69853425,0.9978447,1.0,0.067877226,0.0,0.0035227537,0.0,0.0,0.06890249,0.0
0.14082994,0.0,0.13235295,0.0,0.0,1.1144735e-05,0.0,0.0,0.0,0.0,0.0,0.0,0.0,0.0,0.0,0.0,0.0,0.0,0.0,0.0,0.0,0.0,0.034478948,0.0019569471,0.0,0.0,0.0,0.0,1.0,0.0,0.0,0.6376974,0.9207962,1.0,0.03749065,0.0,0.009337708,0.0,0.0,0.061016336,0.0
0.0,0.0,0.029411765,0.1,0.0,0.0,0.0,0.0,0.0,0.0,0.0,0.0,0.0,0.0,0.0,0.0,0.0,0.0,0.0,0.0,0.0,0.0,0.023604244,0.025440313,1.0,1.0,0.0,0.0,0.12,0.07,0.0,0.7718793,1.0,1.0,0.08656045,0.0,0.0,0.0,0.0,0.087366104,0.0
0.0,0.0,0.029411765,0.2,0.0,0.0,0.0,0.0,0.0,0.0,0.0,0.0,0.0,0.0,0.0,0.0,0.0,0.0,0.0,0.0,0.0,0.0040813684,0.016633764,0.031311154,0.0,0.0,1.0,1.0,0.05,0.05,0.0,0.77459955,1.0,1.0,0.09328737,0.0,0.0018732697,0.0,0.0,0.08021778,0.0
0.0,0.0,0.029411765,0.2,0.0,0.0,0.0,0.0,0.0,0.0,0.0,0.0,0.0,0.0,0.0,0.0,0.0,0.0,0.0,0.0,0.0,0.0,0.017164372,0.0019569471,0.0,0.0,1.0,1.0,0.0,0.06,0.0,0.7643018,1.0,1.0,0.09001555,0.0,0.0022256225,0.0,0.0,0.07783049,0.0
0.0,1.0,0.36764705,0.0,1.6426413e-05,0.0,0.0,0.0,0.0,0.0,0.0,0.0,0.0,0.0,0.0,0.0,0.0,0.0,0.0,0.0,0.0,0.0113969445,0.014208913,0.12915851,0.0,0.0,0.0,0.0,1.0,0.0,0.0,0.7765089,1.0,1.0,0.09580775,0.0,0.0048892647,0.0,0.0,0.08224478,0.0
0.0,0.0,0.029411765,0.1,0.0,0.0,0.0,0.0,0.0,0.0,0.0,0.0,0.0,0.0,0.0,0.0,0.0,0.0,0.0,0.0,0.0,0.0,0.023659043,0.011741683,1.0,1.0,0.0,0.0,0.05,0.06,0.0,0.7688614,1.0,1.0,0.08576239,0.0,0.0,0.0,0.0,0.086931676,0.0
1.7326518e-05,0.0,0.22058824,0.0,4.1368454e-05,0.00021769383,0.0,0.0,0.0,0.0,0.0,0.0,0.0,0.0,0.0,0.0,0.0,0.0,0.0,0.0,0.0,0.0027439892,0.011004597,0.0058708414,0.0,0.0,0.0,0.0,1.0,0.0,0.0,0.7565441,1.0,1.0,0.09281214,0.0,0.009683743,0.0,0.0,0.065519065,0.0
0.0,0.0,0.5294118,0.1,0.0,0.0,0.0,0.0,0.0,0.0,0.0,0.0,0.0,0.0,0.0,0.0,0.0,0.0,0.0,0.0,0.0,0.0,0.023313679,0.039138943,1.0,1.0,0.0,0.0,0.13,0.06,0.0,0.7786974,1.0,1.0,0.08866764,0.0,0.0,0.0,0.0,0.08907464,0.0
0.0,0.0,0.04411765,0.3,0.0005344951,0.0021695085,0.0,0.0,0.0,0.0,0.0,0.0,0.0,0.0,0.0,0.0,0.0,0.0,0.0,0.0,0.0,0.0072047412,0.01070343,0.0058708414,0.0,0.0,1.0,1.0,1.0,0.0,0.0,0.7640803,1.0,1.0,0.09510069,0.0,0.009818301,0.0,0.0,0.065880835,0.0
0.0,0.0,0.029411765,0.2,0.0,0.0,0.0,0.0,0.0,0.0,0.0,0.0,0.0,0.0,0.0,0.0,0.0,0.0,0.0,0.0,0.0,0.0015363991,0.016887136,0.037181996,0.0,0.0,1.0,1.0,0.13,0.05,0.0,0.7687609,1.0,1.0,0.09133417,0.0,0.0029686838,0.0,0.0,0.07747984,0.0
0.0,0.0,0.30882353,0.2,0.0,0.0,0.0,0.0,0.0,0.0,0.0,0.0,0.0,0.0,0.0,0.0,0.0,0.0,0.0,0.0,0.0,0.00084728,0.01709576,0.0039138943,0.0,0.0,1.0,1.0,0.01,0.07,0.0,0.76905715,1.0,1.0,0.0913408,0.0,0.0020317286,0.0,0.0,0.079208374,0.0
1.7326518e-05,0.0,0.22058824,0.0,4.1368454e-05,0.00021769383,0.0,0.0,0.0,0.0,0.0,0.0,0.0,0.0,0.0,0.0,0.0,0.0,0.0,0.0,0.0,0.005742073,0.011360139,0.0039138943,0.0,0.0,0.0,0.0,1.0,0.0,0.0,0.76215625,1.0,1.0,0.09391155,0.0,0.009144306,0.0,0.0,0.06936559,0.0
0.0,0.0,0.5,0.5,0.0,0.0,0.0,0.0,0.0,0.0,0.0,0.0,0.0,0.0,0.0,0.0,0.0,0.0,0.0,0.0,0.0,0.003686607,0.016704537,0.02739726,0.0,0.0,1.0,1.0,0.05,0.06,0.0,0.77393746,1.0,1.0,0.093038104,0.0,0.0018819869,0.0,0.0,0.08016032,0.0
0.03586589,0.0,0.04411765,0.3,0.0008993779,0.0,0.0,0.0,0.0,0.011737376,0.0,0.0,0.0,0.0,0.0,0.0,0.0,0.0,0.0,0.0,0.0,0.02975148,0.010334246,0.017612524,0.0,0.0,1.0,1.0,1.0,0.0,0.0,0.80319214,1.0,1.0,0.10573944,0.0,0.009480953,0.0,0.0,0.07370052,0.0
0.013843888,0.0,0.04411765,0.3,0.001178245,0.0,0.0,0.0,0.0,0.0,0.0,0.0,0.0,0.0,0.0,0.0,0.0,0.0,0.0,0.0,0.0,0.0012559891,0.011415437,0.017612524,0.0,0.0,1.0,1.0,1.0,0.0,0.0,0.75436497,1.0,1.0,0.091860734,0.0,0.009750277,0.0,0.0,0.06438652,0.0
0.0,0.0,0.6911765,0.2,0.0,0.0,0.0,0.0,0.0,0.0,0.0,0.0,0.0,0.0,0.0,0.0,0.0,0.0,0.0,0.0,0.0,0.0013965666,0.016929254,0.039138943,0.0,0.0,1.0,1.0,0.18,0.05,0.0,0.76816833,1.0,1.0,0.0910955,0.0,0.0032325536,0.0,0.0,0.07694894,0.0
0.0,0.0,0.5147059,0.2,0.0,0.0,0.0,0.0,0.0,0.0,0.0,0.0,0.0,0.0,0.0,0.0,0.0,0.0,0.0,0.0,0.0,0.0025146604,0.016873844,0.039138943,0.0,0.0,1.0,1.0,0.15,0.06,0.0,0.770362,1.0,1.0,0.09175234,0.0,0.0030188411,0.0,0.0,0.07775429,0.0
0.0,0.0,0.029411765,0.2,0.0,0.0,0.0,0.0,0.0,0.0,0.0,0.0,0.0,0.0,0.0,0.0,0.0,0.0,0.0,0.0,0.0,0.00048407912,0.016965419,0.0058708414,0.0,0.0,1.0,1.0,0.01,0.06,0.0,0.76877034,1.0,1.0,0.091453515,0.0,0.0017636269,0.0,0.0,0.07935658,0.0
0.0,1.0,0.36764705,0.0,1.6426413e-05,0.0,0.0,0.0,0.0,0.0,0.0,0.0,0.0,0.0,0.0,0.0,0.0,0.0,0.0,0.0,0.0,0.0,0.022986002,0.99804306,0.0,0.0,0.0,0.0,1.0,0.0,0.0,0.69360197,0.99314433,1.0,0.065976314,0.0,0.0027404279,0.0,0.0,0.06519544,0.0
0.0,1.0,0.36764705,0.0,1.6426413e-05,0.0,0.0,0.0,0.0,0.0,0.0,0.0,0.0,0.0,0.0,0.0,0.0,0.0,0.0,0.0,0.0,0.011029094,0.014062151,0.06066536,0.0,0.0,0.0,0.0,1.0,0.0,0.0,0.77564466,1.0,1.0,0.095711805,0.0,0.0050397813,0.0,0.0,0.08160201,0.0
0.12572122,0.0,0.13235295,0.0,0.0,3.2691223e-05,0.0,0.0,0.0,0.0,0.0,0.0,0.0,0.0,0.0,0.0,0.0,0.0,0.0,0.0,0.0,0.0,0.017803945,0.0019569471,0.0,0.0,0.0,0.0,1.0,0.0,0.0,0.7637228,1.0,1.0,0.08866685,0.0,0.0036979914,0.0,0.0,0.080443025,0.0
0.0,0.0,0.13235295,0.8,0.0,3.2691223e-05,0.0,0.0,0.0,0.0,0.0,0.0,0.0,0.0,0.0,0.0,0.0,0.0,0.0,0.0,0.0,0.0,0.02409289,0.0019569471,1.0,1.0,0.0,0.0,1.0,0.0,0.0,0.68429744,0.98048264,1.0,0.061448954,0.0,0.004435599,0.0,0.0,0.06682733,0.0
0.0,1.0,0.36764705,0.0,2.3557259e-05,0.0,0.0,0.33333334,0.0,0.0,0.0,0.0,0.0,0.0,0.0,0.0,0.0,0.0,0.0,0.0,0.0,0.0,0.026135385,0.0058708414,0.0,0.0,0.0,0.0,1.0,0.0,0.67,0.6746129,0.96877843,1.0,0.05659177,0.0,0.007981852,0.0,0.0,0.061672837,0.0
0.0,0.0,0.6911765,0.1,0.0,0.0,0.0,0.0,0.0,0.0,0.0,0.0,0.0,0.0,0.0,0.0,0.0,0.0,0.0,0.0,0.0,0.0,0.023762256,0.0039138943,1.0,1.0,0.0,0.0,0.02,0.07,0.0,0.76737535,1.0,1.0,0.0852604,0.0,0.0,0.0,0.0,0.086530775,0.0
0.017690375,0.0,0.04411765,0.3,6.277691e-05,0.0,0.0,0.0,0.0,0.014198035,0.0,0.0,0.0,0.0,0.0,0.0,0.00040847063,0.0,0.0,0.0,0.0,0.032374203,0.009876326,0.14285715,0.01,0.01,0.97,0.97,1.0,0.0,0.0,0.80752003,1.0,1.0,0.1073403,0.0,0.009411439,0.0,0.0,0.07449219,0.0
0.0,0.0,0.029411765,0.2,0.0,0.0,0.0,0.0,0.0,0.0,0.0,0.0,0.0,0.0,0.0,0.0,0.0,0.0,0.0,0.0,0.0,0.0042606294,0.016677588,0.037181996,0.0,0.0,1.0,1.0,0.08,0.06,0.0,0.77436984,1.0,1.0,0.0931172,0.0,0.0022476614,0.0,0.0,0.07968977,0.0
1.7326518e-05,0.0,0.22058824,0.0,4.1368454e-05,0.00021769383,0.0,0.0,0.0,0.0,0.0,0.0,0.0,0.0,0.0,0.0,0.0,0.0,0.0,0.0,0.0,0.0050248206,0.011245176,0.0058708414,0.0,0.0,0.0,0.0,1.0,0.0,0.0,0.76084197,1.0,1.0,0.093690045,0.0,0.009280801,0.0,0.0,0.06828493,0.0
1.7326518e-05,0.0,0.22058824,0.0,4.1368454e-05,0.00021769383,0.0,0.0,0.0,0.0,0.0,0.0,0.0,0.0,0.0,0.0,0.0,0.0,0.0,0.0,0.0,0.0033435822,0.0118872225,0.0039138943,0.0,0.0,0.0,0.0,1.0,0.0,0.0,0.7580402,1.0,1.0,0.09227871,0.0,0.008958697,0.0,0.0,0.07055619,0.0
0.0,0.0,0.029411765,0.2,0.0,0.0,0.0,0.0,0.0,0.0,0.0,0.0,0.0,0.0,0.0,0.0,0.0,0.0,0.0,0.0,0.0,0.0032311976,0.016856939,0.039138943,0.0,0.0,1.0,1.0,0.14,0.06,0.0,0.77170193,1.0,1.0,0.09212761,0.0,0.0029320568,0.0,0.0,0.07820845,0.0
0.015541887,0.0,0.04411765,0.3,0.0009789632,0.0,0.0,0.0,0.0,0.052608997,0.0,0.0,0.0,0.0,0.0,0.0027022362,0.0045798346,0.030993193,0.0,0.0,0.0,0.07529569,0.008856937,0.052837573,0.19,0.19,0.81,0.81,1.0,0.0,0.0,0.8816581,1.0,1.0,0.12781617,0.0,0.00911732,0.0,0.0,0.087616384,0.0
0.0,0.0,0.029411765,0.2,0.0,0.0,0.0,0.0,0.0,0.0,0.0,0.0,0.0,0.0,0.0,0.0,0.0,0.0,0.0,0.0,0.0,0.0006663203,0.016971253,0.029354207,0.0,0.0,1.0,1.0,0.1,0.05,0.0,0.76740396,1.0,1.0,0.09090688,0.0,0.002916187,0.0,0.0,0.077282906,0.0
0.0,0.0,0.029411765,0.1,0.0,0.0,0.0,0.0,0.0,0.0,0.0,0.0,0.0,0.0,0.0,0.0,0.0,0.0,0.0,0.0,0.0,0.0,0.023172699,0.025440313,1.0,1.0,0.0,0.0,0.05,0.05,0.0,0.7783375,1.0,1.0,0.08883246,0.0,0.0,0.0,0.0,0.08959815,0.0
0.0,0.0,0.0882353,0.2,0.0,0.0,0.0,0.0,0.0,0.0,0.0,0.0,0.0,0.0,0.0,0.0,0.0,0.0,0.0,0.0,0.0,0.0017504692,0.016933523,0.01369863,0.0,0.0,1.0,1.0,0.03,0.06,0.0,0.7705569,1.0,1.0,0.09190493,0.0,0.0020143092,0.0,0.0,0.0793708,0.0
0.13339686,0.0,0.13235295,0.0,0.0,3.2691223e-05,0.0,0.0,0.0,0.0,0.0,0.0,0.0,0.0,0.0,0.0,0.0,0.0,0.0,0.0,0.0,0.0,0.019705452,0.0019569471,0.0,0.0,0.0,0.0,1.0,0.0,0.0,0.75925374,1.0,1.0,0.08593642,0.0,0.001792118,0.0,0.0,0.08284733,0.0
0.0,0.0,0.13235295,0.1,0.0,0.0,0.0,0.0,0.0,0.06141478,0.0,0.0,0.0,0.0,0.0,0.0,0.0029031858,0.026794374,0.0,0.0,0.0,0.07204774,0.01947634,0.27201566,1.0,1.0,0.0,0.0,1.0,0.0,0.0,0.9002311,1.0,1.0,0.123737864,0.0,0.0,0.0,0.0,0.1134063,0.0
0.0,0.0,0.6911765,0.1,0.0,0.0,0.0,0.0,0.0,0.0,0.0,0.0,0.0,0.0,0.0,0.0,0.0,0.0,0.0,0.0,0.0,0.0,0.023789033,0.0039138943,1.0,1.0,0.0,0.0,0.02,0.07,0.0,0.76701283,1.0,1.0,0.085129075,0.0,0.0,0.0,0.0,0.08640012,0.0
0.12800832,0.0,0.13235295,0.0,0.0,3.2691223e-05,0.0,0.0,0.0,0.0,0.0,0.0,0.0,0.0,0.0,0.0,0.0,0.0,0.0,0.0,0.0,0.0030450523,0.017741457,0.0019569471,0.0,0.0,0.0,0.0,1.0,0.0,0.0,0.7694812,1.0,1.0,0.09021916,0.0,0.0036289543,0.0,0.0,0.08240655,0.0
0.0,0.0,0.029411765,0.2,0.0,0.0,0.0,0.0,0.0,0.0,0.0,0.0,0.0,0.0,0.0,0.0,0.0,0.0,0.0,0.0,0.0,0.004618287,0.016704865,0.03522505,0.0,0.0,1.0,1.0,0.08,0.07,0.0,0.7750125,1.0,1.0,0.09325489,0.0,0.0022383183,0.0,0.0,0.07988185,0.0
0.017655723,0.0,0.04411765,0.3,6.277691e-05,0.0,0.0,0.0,0.0,0.019298017,0.0,0.0,0.0,0.0,0.0,0.0,0.0010115504,0.002215594,0.0,0.0,0.0,0.03799355,0.009696871,0.17025441,0.01,0.01,0.98,0.98,1.0,0.0,0.0,0.8172302,1.0,1.0,0.110071294,0.0,0.0093135685,0.0,0.0,0.0764378,0.0
0.0,0.0,0.13235295,0.8,0.0,3.2691223e-05,0.0,0.0,0.0,0.0,0.0,0.0,0.0,0.0,0.0,0.0,0.0,0.0,0.0,0.0,0.0,0.0,0.019673496,0.0019569471,1.0,1.0,0.0,0.0,1.0,0.0,0.0,0.74312496,1.0,1.0,0.08161991,0.0,0.0025120229,0.0,0.0,0.07912552,0.0
0.0,0.0,0.13235295,0.8,0.0,3.2691223e-05,0.0,0.0,0.0,8.9138746e-05,0.0,0.0,0.0,0.0,0.0,0.0,0.0,0.0,0.0,0.0,0.0,0.0052824616,0.018091872,0.0019569471,1.0,1.0,0.0,0.0,1.0,0.0,0.0,0.78080773,1.0,1.0,0.09342777,0.0,0.0,0.0,0.0,0.08716023,0.0
1.7326518e-05,0.0,0.22058824,0.0,4.1368454e-05,0.00021769383,0.0,0.0,0.0,0.0,0.0,0.0,0.0,0.0,0.0,0.0,0.0,0.0,0.0,0.0,0.0,0.0,0.014143698,0.0058708414,0.0,0.0,0.0,0.0,1.0,0.0,0.0,0.747084,1.0,1.0,0.08763816,0.0,0.0065258443,0.0,0.0,0.07132578,0.0
0.0,1.0,0.36764705,0.0,8.276875e-06,0.0,0.0,0.0,0.0,0.0,0.0,0.0,0.0,0.0,0.0,0.0,0.0,0.0,0.0,0.0,0.0,0.0110916495,0.014087439,0.072407044,0.0,0.0,0.0,0.0,1.0,0.0,0.0,0.775792,1.0,1.0,0.09572791,0.0,0.0050139427,0.0,0.0,0.08171219,0.0
0.0,1.0,0.36764705,0.0,1.6426413e-05,0.0,0.0,0.0,0.0,0.0,0.0,0.0,0.0,0.0,0.0,0.0,0.0,0.0,0.0,0.0,0.0,0.0,0.018833295,0.9941292,0.0,0.0,0.0,0.0,1.0,0.0,0.0,0.73887587,1.0,1.0,0.081932046,0.0,0.0024234504,0.0,0.0,0.075576305,0.0
0.0,0.0,0.029411765,0.2,0.0,0.0,0.0,0.0,0.0,0.0,0.0,0.0,0.0,0.0,0.0,0.0,0.0,0.0,0.0,0.0,0.0,0.0031965077,0.016813137,0.025440313,0.0,0.0,1.0,1.0,0.05,0.07,0.0,0.7727777,1.0,1.0,0.092581384,0.0,0.0021404475,0.0,0.0,0.079611,0.0
0.0,0.0,0.13235295,0.1,0.0,0.0,0.0,0.0,0.0,0.0,0.0,0.0,0.0,0.0,0.0,0.0,0.0,0.0,0.0,0.0,0.0,0.0,0.026174493,0.09589041,1.0,1.0,0.0,0.0,1.0,0.0,0.0,0.75572336,1.0,1.0,0.07942971,0.0,0.0,0.0,0.0,0.07940626,0.0
0.0,1.0,0.36764705,0.0,1.6426413e-05,0.0,0.0,0.0,0.0,0.0049272776,0.0,0.0,0.0,0.0,0.0,0.0,0.0,0.0,0.0,0.0,0.0,0.016806602,0.014872596,0.6927593,0.0,0.0,0.0,0.0,1.0,0.0,0.0,0.7880795,1.0,1.0,0.09832888,0.0,0.0035408884,0.0,0.0,0.08746472,0.0
0.015645847,0.0,0.04411765,0.3,0.0009226168,0.0,0.0,0.0,0.0,0.007125467,0.0,0.0,0.0,0.0,0.0,0.0,0.0,0.0,0.0,0.0,0.0,0.024568051,0.010123372,0.10958904,0.02,0.02,0.96,0.96,1.0,0.0,0.0,0.79403615,1.0,1.0,0.103550605,0.0,0.009536728,0.0,0.0,0.07183179,0.0
0.0,0.0,0.04411765,0.0,0.0008681168,0.0061771553,0.0,0.0,0.0,0.0,0.0,0.0,0.0,0.0,0.0,0.0,0.0,0.0,0.0,0.0,0.0,0.0008509457,0.010927059,0.007827789,0.0,0.0,0.0,0.0,1.0,0.0,0.5,0.7531259,1.0,1.0,0.09200203,0.0,0.009823531,0.0,0.0,0.06421524,0.0
0.0,0.0,0.029411765,0.1,0.0,0.0,0.0,0.0,0.0,0.0,0.0,0.0,0.0,0.0,0.0,0.0,0.0,0.0,0.0,0.0,0.0,0.0,0.023460083,0.031311154,1.0,1.0,0.0,0.0,0.13,0.06,0.0,0.7751678,1.0,1.0,0.087583624,0.0,0.0,0.0,0.0,0.08823314,0.0
0.0,0.0,0.029411765,0.2,0.0,0.0,0.0,0.0,0.0,0.0,0.0,0.0,0.0,0.0,0.0,0.0,0.0,0.0,0.0,0.0,0.0,0.0033547282,0.016788214,0.02739726,0.0,0.0,1.0,1.0,0.06,0.07,0.0,0.7730479,1.0,1.0,0.0926783,0.0,0.002126336,0.0,0.0,0.07969761,0.0
0.0,0.0,0.63235295,0.5,0.0,0.0,0.0,0.0,0.0,0.0,0.0,0.0,0.0,0.0,0.0,0.0,0.0,0.0,0.0,0.0,0.0,0.0,0.017090417,0.019569471,0.0,0.0,1.0,1.0,0.07,0.05,0.0,0.76589227,1.0,1.0,0.09040537,0.0,0.0028230697,0.0,0.0,0.07721269,0.0
0.0,0.0,0.3382353,0.2,0.0,0.0,0.0,0.0,0.0,0.0,0.0,0.0,0.0,0.0,0.0,0.0,0.0,0.0,0.0,0.0,0.0,0.0,0.017150179,0.019569471,0.0,0.0,1.0,1.0,0.08,0.06,0.0,0.7636037,1.0,1.0,0.08971723,0.0,0.0030508041,0.0,0.0,0.07636836,0.0
0.0,0.0,0.8235294,0.1,0.0,0.0,0.0,0.0,0.0,0.0,0.0,0.0,0.0,0.0,0.0,0.0,0.0,0.0,0.0,0.0,0.0,0.0,0.023284778,0.017612524,1.0,1.0,0.0,0.0,0.04,0.06,0.0,0.77673054,1.0,1.0,0.08828672,0.0,0.0,0.0,0.0,0.08915371,0.0
0.0,0.0,0.7058824,0.2,0.0,0.0,0.0,0.0,0.0,0.0,0.0,0.0,0.0,0.0,0.0,0.0,0.0,0.0,0.0,0.0,0.0,0.0011960566,0.016906224,0.011741683,0.0,0.0,1.0,1.0,0.02,0.06,0.0,0.76985705,1.0,1.0,0.09178396,0.0,0.0018302798,0.0,0.0,0.07946694,0.0
0.0,0.0,0.029411765,0.2,0.0,0.0,0.0,0.0,0.0,0.0,0.0,0.0,0.0,0.0,0.0,0.0,0.0,0.0,0.0,0.0,0.0,0.0041401386,0.016924188,0.02739726,0.07,0.0,0.93,1.0,0.05,0.06,0.0,0.7749269,1.0,1.0,0.09308227,0.0,0.0018301457,0.0,0.0,0.08052912,0.0
0.0,1.0,0.36764705,0.0,1.6426413e-05,0.0,0.0,0.0,0.0,0.0050218403,0.0,0.0,0.0,0.0,0.0,0.0,0.0,0.0,0.0,0.0,0.0,0.016879916,0.014879942,0.7005871,0.0,0.0,0.0,0.0,1.0,0.0,0.0,0.7882596,1.0,1.0,0.098373555,0.0,0.0035137981,0.0,0.0,0.087521285,0.0
0.0,0.0,0.029411765,0.2,0.0,0.0,0.0,0.0,0.0,0.0,0.0,0.0,0.0,0.0,0.0,0.0,0.0,0.0,0.0,0.0,0.0,0.0,0.017093934,0.0019569471,0.0,0.0,1.0,1.0,0.0,0.07,0.0,0.76682746,1.0,1.0,0.09078192,0.0,0.0019626021,0.0,0.0,0.078772336,0.0
0.015593867,0.0,0.04411765,0.3,0.0008993779,0.0,0.0,0.0,0.0,0.0,0.0,0.0,0.0,0.0,0.0,0.0,0.0,0.0,0.0,0.0,0.0,0.011165917,0.010548331,0.050880626,0.04,0.04,0.92,0.92,1.0,0.0,0.0,0.77088463,1.0,1.0,0.09704285,0.0,0.009755403,0.0,0.0,0.0672501,0.0
0.0,0.0,0.029411765,0.1,0.0,0.0,0.0,0.0,0.0,0.0,0.0,0.0,0.0,0.0,0.0,0.0,0.0,0.0,0.0,0.0,0.0,0.0,0.023615398,0.019569471,1.0,1.0,0.0,0.0,0.09,0.07,0.0,0.77160025,1.0,1.0,0.08649241,0.0,0.0,0.0,0.0,0.08739275,0.0
0.0,1.0,0.36764705,0.0,1.6426413e-05,0.0,0.0,0.0,0.0,0.004880011,0.0,0.0,0.0,0.0,0.0,0.0,0.0,0.0,0.0,0.0,0.0,0.016770035,0.014868908,0.6888454,0.0,0.0,0.0,0.0,1.0,0.0,0.0,0.7879895,1.0,1.0,0.09830653,0.0,0.0035544783,0.0,0.0,0.08743647,0.0
0.0,0.0,0.029411765,0.1,0.0,0.0,0.0,0.0,0.0,0.0,0.0,0.0,0.0,0.0,0.0,0.0,0.0,0.0,0.0,0.0,0.0,0.0,0.02343513,0.031311154,1.0,1.0,0.0,0.0,0.12,0.06,0.0,0.7761086,1.0,1.0,0.08785694,0.0,0.0,0.0,0.0,0.08847678,0.0
0.0,0.0,0.029411765,0.2,0.0,0.0,0.0,0.0,0.0,0.0,0.0,0.0,0.0,0.0,0.0,0.0,0.0,0.0,0.0,0.0,0.0,0.0,0.017132357,0.009784736,0.0,0.0,1.0,1.0,0.03,0.06,0.0,0.7651278,1.0,1.0,0.09021681,0.0,0.0025067031,0.0,0.0,0.07754657,0.0
0.0,0.0,0.04411765,0.0,0.0008681168,0.0061771553,0.0,0.0,0.0,0.0,0.0,0.0,0.0,0.0,0.0,0.0,0.0,0.0,0.0,0.0,0.0,0.010191739,0.010657251,0.0058708414,0.0,0.0,0.0,0.0,1.0,0.0,0.0,0.7692616,1.0,1.0,0.09651109,0.0,0.009749576,0.0,0.0,0.06701705,0.0
0.0,0.0,0.04411765,0.0,0.0008681168,0.0061771553,0.0,0.0,0.0,0.0,0.0,0.0,0.0,0.0,0.0,0.0,0.0,0.0,0.0,0.0,0.0,0.009734333,0.01062344,0.015655577,0.0,0.0,0.0,0.0,1.0,0.0,0.38,0.7684405,1.0,1.0,0.096327715,0.0,0.00977771,0.0,0.0,0.06674266,0.0
0.0,0.0,0.13235295,0.5,0.0,0.0,0.0,0.0,0.0,0.0027743578,0.0,0.0,0.0,0.0,0.0,0.0,0.0,0.0,0.0,0.0,0.0,0.013733983,0.016208857,0.007827789,0.0,0.0,1.0,1.0,0.17,0.17,0.0,0.78771985,1.0,1.0,0.09675192,0.0,0.003975466,0.0,0.0,0.080031335,0.0
0.0,0.0,0.3382353,0.1,0.0,0.0,0.0,0.0,0.0,0.0,0.0,0.0,0.0,0.0,0.0,0.0,0.0,0.0,0.0,0.0,0.0,0.0,0.023579367,0.0058708414,1.0,1.0,0.0,0.0,0.02,0.11,0.0,0.7722249,1.0,1.0,0.0867439,0.0,0.0,0.0,0.0,0.0878894,0.0
0.0,0.0,0.13235295,0.5,0.0,0.0,0.0,0.0,0.0,0.0,0.0,0.0,0.0,0.0,0.0,0.0,0.0,0.0,0.0,0.0,0.0,0.0007369518,0.016999401,0.015655577,0.01,0.0,0.99,1.0,0.04,0.06,0.0,0.76854956,1.0,1.0,0.09128641,0.0,0.0022239536,0.0,0.0,0.07862583,0.0
0.03598718,0.0,0.04411765,0.3,0.001155006,0.0,0.0,0.0,0.0,0.0,0.0,0.0,0.0,0.0,0.0,0.0,0.0,0.0,0.0,0.0,0.0,0.001000464,0.011216469,0.021526419,0.0,0.0,1.0,1.0,1.0,0.0,0.0,0.7535809,1.0,1.0,0.09182892,0.0,0.009701714,0.0,0.0,0.065048635,0.0
0.0,0.0,0.04411765,0.0,0.0008681168,0.0061771553,0.0,0.0,0.0,0.0,0.0,0.0,0.0,0.0,0.0,0.0,0.0,0.0,0.0,0.0,0.0,0.009180218,0.010685593,0.009784736,0.0,0.0,0.6,0.6,1.0,0.0,0.0,0.76752365,1.0,1.0,0.09602701,0.0,0.009747624,0.0,0.0,0.06674519,0.0
0.0,1.0,0.36764705,0.0,1.6426413e-05,0.0,0.0,0.0,0.0,0.0,0.0,0.0,0.0,0.0,0.0,0.0,0.0,0.0,0.0,0.0,0.0,0.0024044216,0.017630577,0.2074364,0.0,0.0,0.0,0.0,1.0,0.0,0.0,0.7741641,1.0,1.0,0.09209149,0.0,0.00066022575,0.0,0.0,0.08483845,0.0
0.0,0.0,0.32352942,0.5,0.0,0.0,0.0,0.0,0.0,0.0,0.0,0.0,0.0,0.0,0.0,0.0,0.0,0.0,0.0,0.0,0.0,0.0,0.017412663,0.0019569471,0.0,0.0,1.0,1.0,0.01,0.07,0.0,0.75879943,1.0,1.0,0.08820116,0.0,0.0030430555,0.0,0.0,0.075567454,0.0
0.0,1.0,0.36764705,0.0,1.6044403e-05,0.0,0.0,0.0,0.0,0.004903674,0.0,0.0,0.0,0.0,0.0,0.0,0.0,0.0,0.0,0.0,0.0,0.016788363,0.014870711,0.69080234,0.0,0.0,0.0,0.0,1.0,0.0,0.0,0.7880347,1.0,1.0,0.098317735,0.0,0.0035476983,0.0,0.0,0.08745062,0.0
0.0,0.0,0.04411765,0.0,0.0008681168,0.0061771553,0.0,0.0,0.0,0.0,0.0,0.0,0.0,0.0,0.0,0.0,0.0,0.0,0.0,0.0,0.0,0.0045574605,0.010940462,0.009784736,0.0,0.0,0.0,0.0,1.0,0.0,0.0,0.75958073,1.0,1.0,0.09368365,0.0,0.0097513795,0.0,0.0,0.06565142,0.0
1.7326518e-05,0.0,0.22058824,0.0,4.1368454e-05,0.00021769383,0.0,0.0,0.0,0.0,0.0,0.0,0.0,0.0,0.0,0.0,0.0,0.0,0.0,0.0,0.0,0.002956301,0.01096873,0.0058708414,0.0,0.0,0.0,0.0,1.0,0.0,0.0,0.7568723,1.0,1.0,0.09293216,0.0,0.009691298,0.0,0.0,0.06556925,0.0
0.0,0.0,0.13235295,0.5,0.0,0.0,0.0,0.0,0.0,0.0,0.0,0.0,0.0,0.0,0.0,0.0,0.0,0.0,0.0,0.0,0.0,5.841255e-06,0.017057702,0.02739726,0.0,0.0,1.0,1.0,0.12,0.07,0.0,0.7661109,1.0,1.0,0.09045731,0.0,0.0030447096,0.0,0.0,0.07694131,0.0
0.0,0.0,0.029411765,0.5,0.0,0.0,0.0,0.0,0.0,0.0,0.0,0.0,0.0,0.0,0.0,0.0,0.0,0.0,0.0,0.0,0.0,0.0009563863,0.016942807,0.037181996,0.0,0.0,1.0,1.0,0.16,0.06,0.0,0.7675276,1.0,1.0,0.090927534,0.0,0.0031519234,0.0,0.0,0.076972604,0.0
0.0,0.0,0.2647059,0.1,0.0,0.0,0.0,0.0,0.0,0.0,0.0,0.0,0.0,0.0,0.0,0.0,0.0,0.0,0.0,0.0,0.0,0.0,0.023556918,0.0039138943,1.0,1.0,0.0,0.0,0.01,0.09,0.0,0.7719698,1.0,1.0,0.08672228,0.0,0.0,0.0,0.0,0.08790034,0.0
0.13859482,0.0,0.13235295,0.0,0.0,3.2691223e-05,0.0,0.0,0.0,0.0,0.0,0.0,0.0,0.0,0.0,0.0,0.0,0.0,0.0,0.0,0.0,0.0,0.020960256,0.0019569471,0.0,0.0,0.0,0.0,1.0,0.0,0.0,0.72440577,1.0,1.0,0.075649925,0.0,0.0018206686,0.0,0.0,0.07531279,0.0
0.0,0.0,0.029411765,0.1,0.0,0.0,0.0,0.0,0.0,0.0,0.0,0.0,0.0,0.0,0.0,0.0,0.0,0.0,0.0,0.0,0.0,0.0,0.023496196,0.0019569471,1.0,1.0,0.0,0.0,0.01,0.09,0.0,0.7713773,1.0,1.0,0.08666911,0.0,0.0,0.0,0.0,0.087989956,0.0
0.0,0.0,0.13235295,0.8,0.0,3.2691223e-05,0.0,0.0,0.0,0.012672305,0.0,0.0,0.0,0.0,0.0,0.0,0.0,0.0,0.0,0.0,0.0,0.01887405,0.018924393,0.0019569471,1.0,1.0,0.0,0.0,1.0,0.0,0.0,0.80584276,1.0,1.0,0.099267535,0.0,0.0,0.0,0.0,0.09267348,0.0
0.0,1.0,0.36764705,0.0,1.6426413e-05,0.0,0.0,0.0,0.0,0.0,0.0,0.0,0.0,0.0,0.0,0.0,0.0,0.0,0.0,0.0,0.0,0.008853972,0.016552888,0.99804306,0.0,0.0,0.0,0.0,1.0,0.0,0.0,0.7781279,1.0,1.0,0.09425994,0.0,0.002340749,0.0,0.0,0.0862284,0.0
0.0,0.0,0.04411765,0.0,0.0008681168,0.0061771553,0.0,0.0,0.0,0.0,0.0,0.0,0.0,0.0,0.0,0.0,0.0,0.0,0.0,0.0,0.0,0.008075088,0.010720201,0.064579256,0.0,0.0,0.0,0.0,1.0,0.0,0.09,0.7656156,1.0,1.0,0.09549119,0.0,0.009763584,0.0,0.0,0.06637564,0.0
0.0153512955,0.0,0.04411765,0.3,0.00041136067,0.0,0.0,0.0,0.0,0.018272787,0.0,0.0,0.0,0.0,0.0,0.0,0.00089018047,0.0013764799,0.0,0.0,0.0,0.036864966,0.009733111,0.16438356,0.01,0.01,0.98,0.98,1.0,0.0,0.0,0.8152797,1.0,1.0,0.109522514,0.0,0.009334043,0.0,0.0,0.076043785,0.0
0.0,0.0,0.029411765,0.2,0.0,0.0,0.0,0.0,0.0,0.0,0.0,0.0,0.0,0.0,0.0,0.0,0.0,0.0,0.0,0.0,0.0,0.0,0.017076768,0.0019569471,0.0,0.0,1.0,1.0,0.0,0.07,0.0,0.767207,1.0,1.0,0.09090706,0.0,0.0019062757,0.0,0.0,0.07892847,0.0
0.0,0.0,0.04411765,0.0,0.0008681168,0.0061771553,0.0,0.0,0.0,0.0,0.0,0.0,0.0,0.0,0.0,0.0,0.0,0.0,0.0,0.0,0.0,0.0091333985,0.010688752,0.009784736,0.0,0.0,0.0,0.0,1.0,0.0,0.6,0.76743865,1.0,1.0,0.09600114,0.0,0.009756565,0.0,0.0,0.066696316,0.0
0.0,1.0,0.36764705,0.0,8.08587e-06,0.0,0.0,0.0,0.0,0.0020235777,0.0,0.0,0.0,0.0,0.0,0.0,0.0,0.0,0.0,0.0,0.0,0.014362633,0.014586553,0.43639922,0.0,0.0,0.0,0.0,1.0,0.0,0.0,0.78264713,1.0,1.0,0.0970977,0.0,0.004227802,0.0,0.0,0.08522987,0.0
0.13173352,0.0,0.13235295,0.0,0.0,3.2691223e-05,0.0,0.0,0.0,0.028273284,0.0,0.0,0.0,0.0,0.0,0.0,0.0,0.0002309084,0.0,0.0,0.0,0.036678523,0.01895988,0.0019569471,0.0,0.0,0.0,0.0,1.0,0.0,0.0,0.83612156,1.0,1.0,0.107132025,0.0,0.0,0.0,0.0,0.09898391,0.0
0.0,0.0,0.04411765,0.0,0.0008681168,0.0061771553,0.0,0.0,0.0,0.0,0.0,0.0,0.0,0.0,0.0,0.0,0.0,0.0,0.0,0.0,0.0,0.0065826774,0.010716379,0.007827789,0.0,0.0,0.0,0.0,1.0,0.0,0.0,0.76301384,1.0,1.0,0.09481075,0.0,0.009794131,0.0,0.0,0.06580499,0.0
0.0,0.0,0.029411765,0.1,0.0,0.0,0.0,0.0,0.0,0.0,0.0,0.0,0.0,0.0,0.0,0.0,0.0,0.0,0.0,0.0,0.0,0.0,0.023170188,0.021526419,1.0,1.0,0.0,0.0,0.04,0.06,0.0,0.7775997,1.0,1.0,0.08866247,0.0,0.0,0.0,0.0,0.089547455,0.0
0.0,0.0,0.029411765,0.1,0.0,0.0,0.0,0.0,0.0,0.0,0.0,0.0,0.0,0.0,0.0,0.0,0.0,0.0,0.0,0.0,0.0,0.0,0.023090862,0.031311154,1.0,1.0,0.0,0.0,0.07,0.07,0.0,0.7807803,1.0,1.0,0.089549296,0.0,0.0,0.0,0.0,0.09016034,0.0
0.0,0.0,0.029411765,0.1,0.0,0.0,0.0,0.0,0.0,0.0,0.0,0.0,0.0,0.0,0.0,0.0,0.0,0.0,0.0,0.0,0.0,0.0,0.023280002,0.019569471,1.0,1.0,0.0,0.0,0.04,0.06,0.0,0.77615094,1.0,1.0,0.08814099,0.0,0.0,0.0,0.0,0.08903283,0.0
0.0,0.0,0.029411765,0.2,0.0,0.0,0.0,0.0,0.0,0.0,0.0,0.0,0.0,0.0,0.0,0.0,0.0,0.0,0.0,0.0,0.0,0.0049490333,0.016692035,0.039138943,0.0,0.0,1.0,1.0,0.09,0.06,0.0,0.7753544,1.0,1.0,0.093332045,0.0,0.0023895055,0.0,0.0,0.07971066,0.0
0.0,1.0,0.36764705,0.0,8.276875e-06,0.0,0.0,0.0,0.0,0.0,0.0,0.0,0.0,0.0,0.0,0.0,0.0,0.0,0.0,0.0,0.0,0.0,0.017630145,1.0,0.0,0.0,0.0,0.0,1.0,0.0,0.0,0.75695753,1.0,1.0,0.0877934,0.0,0.002450496,0.0,0.0,0.08003974,0.0
0.0,0.0,0.47058824,0.1,0.0,0.0,0.0,0.0,0.0,0.0,0.0,0.0,0.0,0.0,0.0,0.0,0.0,0.0,0.0,0.0,0.0,0.0,0.023141846,0.023483366,1.0,1.0,0.0,0.0,0.05,0.06,0.0,0.7794002,1.0,1.0,0.08915327,0.0,0.0,0.0,0.0,0.08989319,0.0
0.0,0.0,0.029411765,0.2,0.0,0.0,0.0,0.0,0.0,0.0,0.0,0.0,0.0,0.0,0.0,0.0,0.0,0.0,0.0,0.0,0.0,0.0,0.017147504,0.0058708414,0.0,0.0,1.0,1.0,0.02,0.08,0.0,0.7656989,1.0,1.0,0.090374164,0.0,0.0023322105,0.0,0.0,0.0779964,0.0
0.0,0.0,0.22058824,0.1,0.0,0.0,0.0,0.0,0.0,0.0,0.0,0.0,0.0,0.0,0.0,0.0,0.0,0.0,0.0,0.0,0.0,0.0,0.023634493,0.0019569471,1.0,1.0,0.0,0.0,0.01,0.1,0.0,0.7701032,1.0,1.0,0.08614009,0.0,0.0,0.0,0.0,0.087435454,0.0
0.013913194,0.0,0.04411765,0.3,0.0012014838,0.0,0.0,0.0,0.0,0.03463602,0.0,0.0,0.0,0.0,0.0,0.0,0.002673462,0.014998347,0.0,0.0,0.0,0.054969966,0.009300187,0.1780822,0.02,0.02,0.98,0.98,1.0,0.0,0.0,0.8466481,1.0,1.0,0.11819365,0.0,0.009068251,0.0,0.0,0.0821538,0.0
0.0,0.0,0.13235295,0.1,0.0,0.0,0.0,0.0,0.0,0.0,0.0,0.0,0.0,0.0,0.0,0.0,0.0,0.0,0.0,0.0,0.0,0.0,0.0239335,0.1409002,1.0,1.0,0.0,0.0,1.0,0.0,0.0,0.7314179,1.0,1.0,0.07497936,0.0,0.0,0.0,0.0,0.07692498,0.0
0.0,1.0,0.36764705,0.0,1.6044403e-05,0.0,0.0,0.0,0.0,0.0,0.0,0.0,0.0,0.0,0.0,0.0,0.0,0.0,0.0,0.0,0.0,0.011018634,0.014058039,0.058708414,0.0,0.0,0.0,0.0,1.0,0.0,0.0,0.7756201,1.0,1.0,0.09570906,0.0,0.005044058,0.0,0.0,0.08158368,0.0
0.015541887,0.0,0.04411765,0.3,0.0009102015,0.0,0.0,0.0,0.0,0.03853783,0.0,0.0,0.0,0.0,0.0,0.0,0.0031715631,0.01952973,0.0,0.0,0.0,0.05982575,0.009101383,0.04892368,0.0,0.0,1.0,1.0,1.0,0.0,0.0,0.8547014,1.0,1.0,0.12048762,0.0,0.009439573,0.0,0.0,0.081977546,0.0
0.0,0.0,0.029411765,0.2,0.0,0.0,0.0,0.0,0.0,0.0,0.0,0.0,0.0,0.0,0.0,0.0,0.0,0.0,0.0,0.0,0.0,0.0,0.017178126,0.015655577,0.0,0.0,1.0,1.0,0.06,0.06,0.0,0.76389027,1.0,1.0,0.0897808,0.0,0.0029185861,0.0,0.0,0.076701045,0.0
1.7326518e-05,0.0,0.22058824,0.0,4.1368454e-05,0.00021769383,0.0,0.0,0.0,0.0,0.0,0.0,0.0,0.0,0.0,0.0,0.0,0.0,0.0,0.0,0.0,0.0,0.014314026,0.0019569471,0.0,0.0,0.0,0.0,1.0,0.0,0.0,0.745149,1.0,1.0,0.08700762,0.0,0.0063909143,0.0,0.0,0.07071021,0.0
0.0,0.0,0.5882353,0.1,0.0,0.0,0.0,0.0,0.0,0.0,0.0,0.0,0.0,0.0,0.0,0.0,0.0,0.0,0.0,0.0,0.0,0.0,0.023550406,0.007827789,1.0,1.0,0.0,0.0,0.03,0.09,0.0,0.77282846,1.0,1.0,0.08693605,0.0,0.0,0.0,0.0,0.087994516,0.0
0.015593867,0.0,0.04411765,0.3,0.0009102015,0.0,0.0,0.0,0.0,0.0405882,0.0,0.0,0.0,0.0,0.0,0.0,0.0034144148,0.021207958,0.0,0.0,0.0,0.062082857,0.009029046,0.06066536,0.0,0.0,1.0,1.0,1.0,0.0,0.0,0.8586025,1.0,1.0,0.12158518,0.0,0.009398609,0.0,0.0,0.08276564,0.0
0.0,0.0,0.04411765,0.0,0.0008681168,0.0061771553,0.0,0.0,0.0,0.0,0.0,0.0,0.0,0.0,0.0,0.0,0.0,0.0,0.0,0.0,0.0,0.0055243373,0.0107478425,0.007827789,0.0,0.0,0.0,0.0,1.0,0.0,0.0,0.7611908,1.0,1.0,0.09430086,0.0,0.009801015,0.0,0.0,0.065484345,0.0
0.016096335,0.0,0.04411765,0.3,0.0007831833,0.0,0.0,0.0,0.0,0.00061160326,0.0,0.0,0.0,0.0,0.0,0.0,0.0,0.0,0.0,0.0,0.0,0.01737541,0.010397397,0.058708414,0.0,0.0,1.0,1.0,1.0,0.0,0.0,0.78164196,1.0,1.0,0.100017376,0.0,0.009647593,0.0,0.0,0.069449484,0.0
0.0,0.0,0.073529415,0.1,0.0,0.0,0.0,0.0,0.0,0.0,0.0,0.0,0.0,0.0,0.0,0.0,0.0,0.0,0.0,0.0,0.0,0.0,0.02364935,0.0019569471,1.0,1.0,0.0,0.0,0.01,0.1,0.0,0.7699019,1.0,1.0,0.08606712,0.0,0.0,0.0,0.0,0.087362796,0.0
0.0,0.0,0.61764705,0.2,0.0,0.0,0.0,0.0,0.0,0.0,0.0,0.0,0.0,0.0,0.0,0.0,0.0,0.0,0.0,0.0,0.0,0.0041478276,0.016759738,0.0332681,0.0,0.0,1.0,1.0,0.08,0.06,0.0,0.774078,1.0,1.0,0.09293904,0.0,0.0023510754,0.0,0.0,0.07952225,0.0
0.0,1.0,0.36764705,0.0,1.6426413e-05,0.0,0.0,0.0,0.0,0.0,0.0,0.0,0.0,0.0,0.0,0.0,0.0,0.0,0.0,0.0,0.0,0.0,0.019918732,1.0,0.0,0.0,0.0,0.0,1.0,0.0,0.0,0.7360685,1.0,1.0,0.079945646,0.0,0.0020575225,0.0,0.0,0.077537715,0.0
0.0,0.0,0.5147059,0.1,0.0,0.0,0.0,0.0,0.0,0.0,0.0,0.0,0.0,0.0,0.0,0.0,0.0,0.0,0.0,0.0,0.0,0.0,0.023313679,0.039138943,1.0,1.0,0.0,0.0,0.13,0.06,0.0,0.7786974,1.0,1.0,0.08866764,0.0,0.0,0.0,0.0,0.08907464,0.0
0.0,0.0,0.029411765,0.2,0.0,0.0,0.0,0.0,0.0,0.0,0.0,0.0,0.0,0.0,0.0,0.0,0.0,0.0,0.0,0.0,0.0,0.0012024939,0.016980842,0.03522505,0.0,0.0,1.0,1.0,0.17,0.06,0.0,0.76793313,1.0,1.0,0.09098696,0.0,0.0031777918,0.0,0.0,0.07706711,0.0
0.0,0.0,0.029411765,0.2,0.0,0.0,0.0,0.0,0.0,0.0,0.0,0.0,0.0,0.0,0.0,0.0,0.0,0.0,0.0,0.0,0.0,0.0014448762,0.01699581,0.009784736,0.0,0.0,1.0,1.0,0.02,0.07,0.0,0.7700845,1.0,1.0,0.091718204,0.0,0.0019947886,0.0,0.0,0.07939133,0.0
0.0,1.0,0.36764705,0.0,1.6426413e-05,0.0,0.0,0.0,0.0,0.0081885755,0.0,0.0,0.0,0.0,0.0,0.0,0.0,0.0,0.0,0.0,0.0,0.019333273,0.015128262,0.962818,0.0,0.0,0.0,0.0,1.0,0.0,0.0,0.79429054,1.0,1.0,0.099869154,0.0,0.0026054084,0.0,0.0,0.08941692,0.0
0.0,0.0,0.5441176,0.5,0.0,0.0,0.0,0.0,0.0,0.0,0.0,0.0,0.0,0.0,0.0,0.0,0.0,0.0,0.0,0.0,0.0,0.0038861334,0.016756125,0.031311154,0.0,0.0,1.0,1.0,0.07,0.07,0.0,0.7738168,1.0,1.0,0.09289623,0.0,0.0022141188,0.0,0.0,0.0797019,0.0
0.13046868,0.0,0.13235295,0.0,0.0,3.2691223e-05,0.0,0.0,0.0,0.025022447,0.0,0.0,0.0,0.0,0.0,0.0,0.0,0.0,0.0,0.0,0.0,0.033869237,0.018696405,0.0019569471,0.0,0.0,0.0,0.0,1.0,0.0,0.0,0.8297161,1.0,1.0,0.105595075,0.0,2.1383166e-05,0.0,0.0,0.09749016,0.0
0.12620635,0.0,0.13235295,0.0,0.0,3.2691223e-05,0.0,0.0,0.0,0.0,0.0,0.0,0.0,0.0,0.0,0.0,0.0,0.0,0.0,0.0,0.0,0.0010512173,0.01778058,0.0019569471,0.0,0.0,0.0,0.0,1.0,0.0,0.0,0.7661904,1.0,1.0,0.08932311,0.0,0.003707394,0.0,0.0,0.08114472,0.0
0.0,0.0,0.029411765,0.2,0.0,0.0,0.0,0.0,0.0,0.0,0.0,0.0,0.0,0.0,0.0,0.0,0.0,0.0,0.0,0.0,0.0,0.0014840066,0.016888335,0.009784736,0.0,0.0,1.0,1.0,0.02,0.06,0.0,0.77053523,1.0,1.0,0.09199988,0.0,0.0017033964,0.0,0.0,0.079770654,0.0
0.0,0.0,0.04411765,0.0,0.0008681168,0.0061771553,0.0,0.0,0.0,0.0,0.0,0.0,0.0,0.0,0.0,0.0,0.0,0.0,0.0,0.0,0.0,0.005074084,0.010736182,0.031311154,0.0,0.0,0.0,0.0,1.0,0.0,0.12,0.760347,1.0,1.0,0.094089784,0.0,0.009849474,0.0,0.0,0.065178216,0.0
0.0,0.0,0.029411765,0.2,0.0,0.0,0.0,0.0,0.0,0.0,0.0,0.0,0.0,0.0,0.0,0.0,0.0,0.0,0.0,0.0,0.0,0.0,0.017154552,0.011741683,0.0,0.0,1.0,1.0,0.04,0.07,0.0,0.7643547,1.0,1.0,0.08996955,0.0,0.0026476532,0.0,0.0,0.07720393,0.0
0.0,0.0,0.029411765,0.2,0.0,0.0,0.0,0.0,0.0,0.0,0.0,0.0,0.0,0.0,0.0,0.0,0.0,0.0,0.0,0.0,0.0,0.0053727627,0.01665143,0.039138943,0.0,0.0,1.0,1.0,0.08,0.07,0.0,0.7762557,1.0,1.0,0.093629204,0.0,0.0022555739,0.0,0.0,0.08008134,0.0
0.0137919085,0.0,0.04411765,0.3,0.0009226168,0.0,0.0,0.0,0.0,0.021878392,0.0,0.0,0.0,0.0,0.0,0.0,0.0011829734,0.004286766,0.0,0.0,0.0,0.040813744,0.009736225,0.14481409,0.03,0.03,0.97,0.97,1.0,0.0,0.0,0.82222605,1.0,1.0,0.11134421,0.0,0.009235308,0.0,0.0,0.07756925,0.0
0.0,0.0,0.073529415,0.1,0.0,0.0,0.0,0.0,0.0,0.0,0.0,0.0,0.0,0.0,0.0,0.0,0.0,0.0,0.0,0.0,0.0,0.0,0.02323898,0.01369863,1.0,1.0,0.0,0.0,0.03,0.06,0.0,0.7759781,1.0,1.0,0.088178925,0.0,0.0,0.0,0.0,0.089193165,0.0
0.015628519,0.0,0.04411765,0.3,0.0009226168,0.0,0.0,0.0,0.0,0.017247677,0.0,0.0,0.0,0.0,0.0,0.0,0.0007687062,0.00053727627,0.0,0.0,0.0,0.03573644,0.009769335,0.15851273,0.01,0.01,0.98,0.98,1.0,0.0,0.0,0.8133291,1.0,1.0,0.108973704,0.0,0.009354517,0.0,0.0,0.0756498,0.0
0.0,0.0,0.42647058,0.2,0.0,0.0,0.0,0.0,0.0,0.0,0.0,0.0,0.0,0.0,0.0,0.0,0.0,0.0,0.0,0.0,0.0,0.0,0.017393403,0.0019569471,0.0,0.0,1.0,1.0,0.01,0.07,0.0,0.7592263,1.0,1.0,0.088341944,0.0,0.0029795915,0.0,0.0,0.07574299,0.0
0.0,0.0,0.38235295,0.2,0.0,0.0,0.0,0.0,0.0,0.0,0.0,0.0,0.0,0.0,0.0,0.0,0.0,0.0,0.0,0.0,0.0,0.002258867,0.016841538,0.02739726,0.0,0.0,1.0,1.0,0.06,0.06,0.0,0.7709017,1.0,1.0,0.092037074,0.0,0.0023329705,0.0,0.0,0.07891175,0.0
0.0,0.0,0.5588235,0.5,0.0,0.0,0.0,0.0,0.0,0.0,0.0,0.0,0.0,0.0,0.0,0.0,0.0,0.0,0.0,0.0,0.0,0.0025815666,0.016867384,0.039138943,0.0,0.0,1.0,1.0,0.14,0.05,0.0,0.77050436,1.0,1.0,0.09179922,0.0,0.0029977262,0.0,0.0,0.07781291,0.0
0.0,0.0,0.30882353,0.1,0.0,0.0,0.0,0.0,0.0,0.0,0.0,0.0,0.0,0.0,0.0,0.0,0.0,0.0,0.0,0.0,0.0,0.0,0.023531936,0.0058708414,1.0,1.0,0.0,0.0,0.02,0.1,0.0,0.7728692,1.0,1.0,0.086977296,0.0,0.0,0.0,0.0,0.08812165,0.0
0.13136967,0.0,0.13235295,0.0,0.0,3.2691223e-05,0.0,0.0,0.0,0.0,0.0,0.0,0.0,0.0,0.0,0.0,0.0,0.0,0.0,0.0,0.0,0.0,0.0191039,0.0019569471,0.0,0.0,0.0,0.0,1.0,0.0,0.0,0.7483032,1.0,1.0,0.083466314,0.0,0.002767697,0.0,0.0,0.08040196,0.0
0.0,0.0,0.13235295,0.8,0.0,3.2691223e-05,0.0,0.0,0.0,0.022942126,0.0,0.0,0.0,0.0,0.0,0.0,0.0,0.0,0.0,0.0,0.0,0.030470401,0.019039162,0.0019569471,1.0,1.0,0.0,0.0,1.0,0.0,0.0,0.8258308,1.0,1.0,0.1043878,0.0,0.0,0.0,0.0,0.096900016,0.0
0.0,0.0,0.14705883,0.5,0.0,0.0,0.0,0.0,0.0,0.0,0.0,0.0,0.0,0.0,0.0,0.0,0.0,0.0,0.0,0.0,0.0,0.002283901,0.016891487,0.019569471,0.0,0.0,1.0,1.0,0.04,0.06,0.0,0.7712641,1.0,1.0,0.092110224,0.0,0.0021372736,0.0,0.0,0.07932502,0.0
0.0,1.0,0.36764705,0.0,8.08587e-06,0.0,0.0,0.0,0.0,0.0,0.0,0.0,0.0,0.0,0.0,0.0,0.0,0.0,0.0,0.0,0.0,0.010810196,0.01397378,0.019569471,0.0,0.0,0.0,0.0,1.0,0.0,0.0,0.7751292,1.0,1.0,0.095655404,0.0,0.0051300526,0.0,0.0,0.081216544,0.0
0.0,0.0,0.04411765,0.0,0.0008681168,0.0061771553,0.0,0.0,0.0,0.0,0.0,0.0,0.0,0.0,0.0,0.0,0.0,0.0,0.0,0.0,0.0,0.00087434053,0.010925457,0.019569471,0.0,0.0,0.0,0.0,1.0,0.0,0.3,0.75316846,1.0,1.0,0.09201499,0.0,0.009819046,0.0,0.0,0.06423962,0.0
0.13019146,0.0,0.13235295,0.0,0.0,3.2691223e-05,0.0,0.0,0.0,0.023600668,0.0,0.0,0.0,0.0,0.0,0.0,0.0,0.0,0.0,0.0,0.0,0.03247437,0.01863902,0.0019569471,0.0,0.0,0.0,0.0,1.0,0.0,0.0,0.8269131,1.0,1.0,0.1048852,0.0,0.00018925965,0.0,0.0,0.096951544,0.0
0.0,0.0,0.029411765,0.2,0.0,0.0,0.0,0.0,0.0,0.0,0.0,0.0,0.0,0.0,0.0,0.0,0.0,0.0,0.0,0.0,0.0,0.0,0.017060429,0.015655577,0.0,0.0,1.0,1.0,0.04,0.06,0.0,0.76649904,1.0,1.0,0.090641074,0.0,0.002531007,0.0,0.0,0.07777405,0.0
0.0,0.0,0.029411765,0.1,0.0,0.0,0.0,0.0,0.0,0.0,0.0,0.0,0.0,0.0,0.0,0.0,0.0,0.0,0.0,0.0,0.0,0.0,0.023615882,0.01369863,1.0,1.0,0.0,0.0,0.05,0.07,0.0,0.7708634,1.0,1.0,0.086326115,0.0,0.0,0.0,0.0,0.08734995,0.0
0.015628519,0.0,0.04411765,0.3,0.00094585575,0.0,0.0,0.0,0.0,0.01120019,0.0,0.0,0.0,0.0,0.0,0.0,5.6251884e-05,0.0,0.0,0.0,0.0,0.029058725,0.009980202,0.13111547,0.01,0.01,0.97,0.97,1.0,0.0,0.0,0.8017957,1.0,1.0,0.105732776,0.0,0.009459272,0.0,0.0,0.07338342,0.0
0.0,0.0,0.029411765,0.2,0.0,0.0,0.0,0.0,0.0,0.0,0.0,0.0,0.0,0.0,0.0,0.0,0.0,0.0,0.0,0.0,0.0,0.0015167892,0.01694087,0.037181996,0.0,0.0,1.0,1.0,0.16,0.06,0.0,0.7685355,1.0,1.0,0.09119331,0.0,0.0031144172,0.0,0.0,0.07729015,0.0
0.0,0.0,0.3382353,0.2,0.0,0.0,0.0,0.0,0.0,0.0,0.0,0.0,0.0,0.0,0.0,0.0,0.0,0.0,0.0,0.0,0.0,0.0034196377,0.016791724,0.025440313,0.0,0.0,1.0,1.0,0.05,0.06,0.0,0.7732519,1.0,1.0,0.092737816,0.0,0.002069965,0.0,0.0,0.07980615,0.0
0.0,0.0,0.7352941,0.5,0.0,0.0,0.0,0.0,0.0,0.0,0.0,0.0,0.0,0.0,0.0,0.0,0.0,0.0,0.0,0.0,0.0,0.0,0.01714728,0.0058708414,0.0,0.0,1.0,1.0,0.01,0.07,0.0,0.76473856,1.0,1.0,0.09012403,0.0,0.0023626536,0.0,0.0,0.07769823,0.0
0.0,0.0,0.5294118,0.2,0.0,0.0,0.0,0.0,0.0,0.0,0.0,0.0,0.0,0.0,0.0,0.0,0.0,0.0,0.0,0.0,0.0,0.0003913045,0.017125815,0.011741683,0.03,0.0,0.97,1.0,0.03,0.07,0.0,0.7680516,1.0,1.0,0.09102971,0.0,0.0022033006,0.0,0.0,0.07865268,0.0
0.0,0.0,0.029411765,0.1,0.0,0.0,0.0,0.0,0.0,0.0,0.0,0.0,0.0,0.0,0.0,0.0,0.0,0.0,0.0,0.0,0.0,0.0,0.02359762,0.021526419,1.0,1.0,0.0,0.0,0.1,0.07,0.0,0.7718005,1.0,1.0,0.0865616,0.0,0.0,0.0,0.0,0.08745751,0.0
0.013895867,0.0,0.04411765,0.3,0.0009102015,0.0,0.0,0.0,0.0,0.04024023,0.0,0.0,0.0,0.0,0.0,0.0,0.003290102,0.020512313,0.0,0.0,0.0,0.061511457,0.009136632,0.07632094,0.0,0.0,1.0,1.0,1.0,0.0,0.0,0.8578055,1.0,1.0,0.121274315,0.0,0.009251565,0.0,0.0,0.083206445,0.0
0.12534003,0.0,0.13235295,0.0,0.0,3.2691223e-05,0.0,0.0,0.0,0.0142659545,0.0,0.0,0.0,0.0,0.0,0.0,0.0,0.0,0.0,0.0,0.0,0.02411443,0.018211268,0.0019569471,0.0,0.0,0.0,0.0,1.0,0.0,0.0,0.8087537,1.0,1.0,0.10024723,0.0,0.0018810481,0.0,0.0,0.09288749,0.0
0.0,0.0,0.029411765,0.2,0.0,0.0,0.0,0.0,0.0,0.0,0.0,0.0,0.0,0.0,0.0,0.0,0.0,0.0,0.0,0.0,0.0,0.0041721463,0.016747653,0.03522505,0.0,0.0,1.0,1.0,0.08,0.07,0.0,0.7740638,1.0,1.0,0.09294208,0.0,0.0023792833,0.0,0.0,0.079491705,0.0
0.0,1.0,0.36764705,0.0,1.6426413e-05,0.0,0.0,0.0,0.0,0.00054085255,0.0,0.0,0.0,0.0,0.0,0.0,0.0,0.0,0.0,0.0,0.0,0.013040364,0.014418162,0.2994129,0.0,0.0,0.0,0.0,1.0,0.0,0.0,0.7799103,1.0,1.0,0.09652258,0.0,0.004522711,0.0,0.0,0.0838989,0.0
0.0,1.0,0.36764705,0.0,1.6426413e-05,0.0,0.0,0.0,0.0,0.0,0.0,0.0,0.0,0.0,0.0,0.0,0.0,0.0,0.0,0.0,0.0,0.011453569,0.014216214,0.13502936,0.0,0.0,0.0,0.0,1.0,0.0,0.0,0.7766262,1.0,1.0,0.0958324,0.0,0.0048766136,0.0,0.0,0.082301825,0.0
0.0,0.0,0.029411765,0.2,0.0,0.0,0.0,0.0,0.0,0.0,0.0,0.0,0.0,0.0,0.0,0.0,0.0,0.0,0.0,0.0,0.0,0.0,0.017184436,0.019569471,0.0,0.0,1.0,1.0,0.1,0.06,0.0,0.7628447,1.0,1.0,0.08946698,0.0,0.0031635314,0.0,0.0,0.07605615,0.0
0.0,1.0,0.36764705,0.0,1.6044403e-05,0.0,0.0,0.0,0.0,0.0072433054,0.0,0.0,0.0,0.0,0.0,0.0,0.0,0.0,0.0,0.0,0.0,0.01860091,0.015054122,0.88454014,0.0,0.0,0.0,0.0,1.0,0.0,0.0,0.7924901,1.0,1.0,0.099422716,0.0,0.002876535,0.0,0.0,0.088851094,0.0
0.12651823,0.0,0.13235295,0.0,0.0,3.2691223e-05,0.0,0.0,0.0,0.015425801,0.0,0.0,0.0,0.0,0.0,0.0,0.0,0.0,0.0,0.0,0.0,0.02539432,0.018098406,0.0019569471,0.0,0.0,0.0,0.0,1.0,0.0,0.0,0.81089175,1.0,1.0,0.100915544,0.0,0.0018755049,0.0,0.0,0.093310654,0.0
0.0,0.0,0.029411765,0.2,0.0,0.0,0.0,0.0,0.0,0.0,0.0,0.0,0.0,0.0,0.0,0.0,0.0,0.0,0.0,0.0,0.0,0.0011305809,0.017035648,0.007827789,0.0,0.0,1.0,1.0,0.02,0.07,0.0,0.76948214,1.0,1.0,0.09151185,0.0,0.002058223,0.0,0.0,0.07916829,0.0
0.0,0.0,0.029411765,0.2,0.0,0.0,0.0,0.0,0.0,0.0,0.0,0.0,0.0,0.0,0.0,0.0,0.0,0.0,0.0,0.0,0.0,0.0,0.017309278,0.007827789,0.0,0.0,1.0,1.0,0.04,0.07,0.0,0.7614896,1.0,1.0,0.0890094,0.0,0.0030211061,0.0,0.0,0.07607493,0.0
0.0,1.0,0.36764705,0.0,2.3557259e-05,0.0,0.0,0.33333334,0.0,0.0,0.0,0.0,0.0,0.0,0.0,0.0,0.0,0.0,0.0,0.0,0.0,0.0,0.025719985,0.0058708414,0.0,0.0,0.0,0.0,1.0,0.0,0.67,0.6752647,0.96916896,1.0,0.05721999,0.0,0.007862642,0.0,0.0,0.063072994,0.0
0.0,0.0,0.029411765,0.2,0.0,0.0,0.0,0.0,0.0,0.0,0.0,0.0,0.0,0.0,0.0,0.0,0.0,0.0,0.0,0.0,0.0,0.0,0.017102435,0.0019569471,0.0,0.0,1.0,1.0,0.0,0.06,0.0,0.7666378,1.0,1.0,0.090719394,0.0,0.001990825,0.0,0.0,0.07869434,0.0
0.0,0.0,0.029411765,0.1,0.0,0.0,0.0,0.0,0.0,0.0,0.0,0.0,0.0,0.0,0.0,0.0,0.0,0.0,0.0,0.0,0.0,0.0,0.023556352,0.009784736,1.0,1.0,0.0,0.0,0.04,0.09,0.0,0.7727065,1.0,1.0,0.086888574,0.0,0.0,0.0,0.0,0.08794314,0.0
0.0,0.0,0.30882353,0.2,0.0,0.0,0.0,0.0,0.0,0.0,0.0,0.0,0.0,0.0,0.0,0.0,0.0,0.0,0.0,0.0,0.0,0.0010358989,0.016940527,0.015655577,0.0,0.0,1.0,1.0,0.03,0.07,0.0,0.7691554,1.0,1.0,0.091516964,0.0,0.0021363646,0.0,0.0,0.0788666,0.0
0.13951312,0.0,0.13235295,0.0,0.0,3.2691223e-05,0.0,0.0,0.0,0.0,0.0,0.0,0.0,0.0,0.0,0.0,0.0,0.0,0.0,0.0,0.0,0.0,0.033170283,0.0019569471,0.0,0.0,0.0,0.0,1.0,0.0,0.0,0.6432213,0.92792535,1.0,0.04033424,0.0,0.009107336,0.0,0.0,0.061402798,0.0
1.7326518e-05,0.0,0.22058824,0.0,4.1368454e-05,0.00021769383,0.0,0.0,0.0,0.0,0.0,0.0,0.0,0.0,0.0,0.0,0.0,0.0,0.0,0.0,0.0,0.0027673244,0.01100301,0.0058708414,0.0,0.0,0.25,0.0,0.75,0.5,0.0,0.75658655,1.0,1.0,0.09282508,0.0,0.009679213,0.0,0.0,0.06554344,0.0
0.12568656,0.0,0.13235295,0.0,0.0,3.2691223e-05,0.0,0.0,0.0,0.015179753,0.0,0.0,0.0,0.0,0.0,0.0,0.0,0.0,0.0,0.0,0.0,0.0250884,0.018122837,0.0019569471,0.0,0.0,0.0,0.0,1.0,0.0,0.0,0.8104203,1.0,1.0,0.10077294,0.0,0.0018494576,0.0,0.0,0.09325865,0.0
0.0,0.0,0.029411765,0.2,0.0,0.0,0.0,0.0,0.0,0.0,0.0,0.0,0.0,0.0,0.0,0.0,0.0,0.0,0.0,0.0,0.0,0.0028046966,0.016846009,0.039138943,0.0,0.0,1.0,1.0,0.14,0.05,0.0,0.7709787,1.0,1.0,0.0919557,0.0,0.0029272437,0.0,0.0,0.07800791,0.0
0.0,0.0,0.029411765,0.5,0.0,0.0,0.0,0.0,0.0,0.0,0.0,0.0,0.0,0.0,0.0,0.0,0.0,0.0,0.0,0.0,0.0,0.0005951822,0.017087035,0.007827789,0.0,0.0,1.0,1.0,0.02,0.08,0.0,0.7683437,1.0,1.0,0.09113646,0.0,0.002227351,0.0,0.0,0.078700066,0.0
0.0,1.0,0.36764705,0.0,8.08587e-06,0.0,0.0,0.0,0.0,0.0,0.0,0.0,0.0,0.0,0.0,0.0,0.0,0.0,0.0,0.0,0.0,0.0,0.018492438,1.0,0.0,0.0,0.0,0.0,1.0,0.0,0.0,0.7535877,1.0,1.0,0.086067475,0.0,0.0014895052,0.0,0.0,0.07958892,0.0
0.0,1.0,0.36764705,0.0,1.6426413e-05,0.0,0.0,0.0,0.0,0.0,0.0,0.0,0.0,0.0,0.0,0.0,0.0,0.0,0.0,0.0,0.0,0.010945678,0.014028519,0.045009784,0.0,0.0,0.0,0.0,1.0,0.0,0.0,0.7754483,1.0,1.0,0.0956903,0.0,0.0050741434,0.0,0.0,0.08145517,0.0
0.0,1.0,0.36764705,0.0,1.6426413e-05,0.0,0.0,0.0,0.0,0.0023836493,0.0,0.0,0.0,0.0,0.0,0.0,0.0,0.0,0.0,0.0,0.0,0.014683753,0.014627449,0.46966732,0.0,0.0,0.0,0.0,1.0,0.0,0.0,0.78331184,1.0,1.0,0.09723734,0.0,0.004156187,0.0,0.0,0.08555311,0.0
0.0,0.0,0.13235295,0.8,0.0,3.2691223e-05,0.0,0.0,0.0,0.0,0.0,0.0,0.0,0.0,0.0,0.0,0.0,0.0,0.0,0.0,0.0,0.0,0.01980973,0.0019569471,1.0,1.0,0.0,0.0,1.0,0.0,0.0,0.74811554,1.0,1.0,0.082906775,0.0,0.0019320548,0.0,0.0,0.08055249,0.0
0.0,1.0,0.36764705,0.0,2.3557259e-05,0.0,0.0,0.33333334,0.0,0.0,0.0,0.0,0.0,0.0,0.0,0.0,0.0,0.0,0.0,0.0,0.0,0.0,0.025022142,0.0058708414,0.0,0.0,0.0,0.0,1.0,0.0,0.67,0.6782445,0.97300816,1.0,0.05874919,0.0,0.0076910555,0.0,0.0,0.06332989,0.0
0.015559213,0.0,0.04411765,0.3,0.00086436037,0.0,0.0,0.0,0.0,0.04901281,0.0,0.0,0.0,0.0,0.0,0.0017782003,0.004242502,0.028035104,0.0,0.0,0.0,0.07133001,0.00889802,0.06262231,0.16,0.16,0.84,0.84,1.0,0.0,0.0,0.8747364,1.0,1.0,0.12595662,0.0,0.009192303,0.0,0.0,0.086195916,0.0
0.0,0.0,0.14705883,0.1,0.0,0.0,0.0,0.0,0.0,0.0,0.0,0.0,0.0,0.0,0.0,0.0,0.0,0.0,0.0,0.0,0.0,0.0,0.023135334,0.031311154,1.0,1.0,0.0,0.0,0.24,0.06,0.0,0.7610508,1.0,1.0,0.08394732,0.0,0.0,0.0,0.0,0.08467147,0.0
0.013722602,0.0,0.04411765,0.3,0.0009789632,0.0,0.0,0.0,0.0,0.047181755,0.0,0.0,0.0,0.0,0.0,0.0012888014,0.004059434,0.026411146,0.0,0.0,0.0,0.06927022,0.008918896,0.07436399,0.03,0.03,0.97,0.97,1.0,0.0,0.0,0.87115264,1.0,1.0,0.12499299,0.0,0.009200782,0.0,0.0,0.085618705,0.0
0.0,0.0,0.029411765,0.2,0.0,0.0,0.0,0.0,0.0,0.0,0.0,0.0,0.0,0.0,0.0,0.0,0.0,0.0,0.0,0.0,0.0,0.0,0.017080314,0.025440313,0.0,0.0,1.0,1.0,0.11,0.06,0.0,0.7649274,1.0,1.0,0.09012585,0.0,0.003082201,0.0,0.0,0.07657626,0.0
0.0,0.0,0.75,0.5,0.0,0.0,0.0,0.0,0.0,0.0,0.0,0.0,0.0,0.0,0.0,0.0,0.0,0.0,0.0,0.0,0.0,0.0,0.017149642,0.017612524,0.0,0.0,1.0,1.0,0.07,0.06,0.0,0.764863,1.0,1.0,0.09005823,0.0,0.0029498488,0.0,0.0,0.076814055,0.0
0.0,0.0,0.029411765,0.2,0.0,0.0,0.0,0.0,0.0,0.0,0.0,0.0,0.0,0.0,0.0,0.0,0.0,0.0,0.0,0.0,0.0,0.0,0.017174117,0.019569471,0.0,0.0,1.0,1.0,0.09,0.08,0.0,0.76500285,1.0,1.0,0.09004558,0.0,0.0030674487,0.0,0.0,0.07674986,0.0
0.0,0.0,0.073529415,0.2,0.0,0.0,0.0,0.0,0.0,0.0,0.0,0.0,0.0,0.0,0.0,0.0,0.0,0.0,0.0,0.0,0.0,0.0022616088,0.016893685,0.019569471,0.0,0.0,1.0,1.0,0.04,0.06,0.0,0.77121675,1.0,1.0,0.09209459,0.0,0.0021443516,0.0,0.0,0.07930559,0.0
1.7326518e-05,0.0,0.22058824,0.0,4.1368454e-05,0.00021769383,0.0,0.0,0.0,0.0,0.0,0.0,0.0,0.0,0.0,0.0,0.0,0.0,0.0,0.0,0.0,0.0029095113,0.010971874,0.0019569471,0.0,0.0,0.0,0.0,1.0,0.0,0.0,0.7567873,1.0,1.0,0.092906244,0.0,0.009700313,0.0,0.0,0.06552032,0.0
0.0,0.0,0.04411765,0.1,0.0,0.0,0.0,0.0,0.0,0.0,0.0,0.0,0.0,0.0,0.0,0.0,0.0,0.0,0.0,0.0,0.0,0.002562821,0.021386601,0.031311154,0.82,0.62,0.18,0.38,0.06,0.06,0.0,0.7827245,1.0,1.0,0.09141778,0.0,0.0,0.0,0.0,0.0889146,0.0
0.0,0.0,0.029411765,0.2,0.0,0.0,0.0,0.0,0.0,0.0,0.0,0.0,0.0,0.0,0.0,0.0,0.0,0.0,0.0,0.0,0.0,0.00041124225,0.017000519,0.015655577,0.0,0.0,1.0,1.0,0.04,0.06,0.0,0.7678273,1.0,1.0,0.091078974,0.0,0.0023336858,0.0,0.0,0.078320324,0.0
0.0,0.0,0.029411765,0.1,0.0,0.0,0.0,0.0,0.0,0.0,0.0,0.0,0.0,0.0,0.0,0.0,0.0,0.0,0.0,0.0,0.0,0.0,0.023448579,0.021526419,1.0,1.0,0.0,0.0,0.08,0.09,0.0,0.77562976,1.0,1.0,0.087746345,0.0,0.0,0.0,0.0,0.08855131,0.0
0.0,0.0,0.029411765,0.2,0.0,0.0,0.0,0.0,0.0,0.0,0.0,0.0,0.0,0.0,0.0,0.0,0.0,0.0,0.0,0.0,0.0,0.0020745099,0.016887367,0.037181996,0.0,0.0,1.0,1.0,0.13,0.06,0.0,0.7697214,1.0,1.0,0.09158438,0.0,0.002938211,0.0,0.0,0.07777798,0.0
0.0,0.0,0.029411765,0.1,0.0,0.0,0.0,0.0,0.0,0.0,0.0,0.0,0.0,0.0,0.0,0.0,0.0,0.0,0.0,0.0,0.0,0.0,0.023188792,0.029354207,1.0,1.0,0.0,0.0,0.07,0.06,0.0,0.7794926,1.0,1.0,0.08908615,0.0,0.0,0.0,0.0,0.08970377,0.0
0.0,0.0,0.029411765,0.1,0.0,0.0,0.0,0.0,0.0,0.0,0.0,0.0,0.0,0.0,0.0,0.0,0.0,0.0,0.0,0.0,0.0,0.0,0.023234196,0.015655577,1.0,1.0,0.0,0.0,0.03,0.06,0.0,0.7753985,1.0,1.0,0.08803319,0.0,0.0,0.0,0.0,0.08907232,0.0
0.14020619,0.0,0.13235295,0.0,0.0,1.1144735e-05,0.0,0.0,0.0,0.0,0.0,0.0,0.0,0.0,0.0,0.0,0.0,0.0,0.0,0.0,0.0,0.0,0.02098529,0.0019569471,0.0,0.0,0.0,0.0,1.0,0.0,0.0,0.73182297,1.0,1.0,0.07773187,0.0,0.0009949207,0.0,0.0,0.07723144,0.0
0.0,0.0,0.029411765,0.2,0.0,0.0,0.0,0.0,0.0,0.0,0.0,0.0,0.0,0.0,0.0,0.0,0.0,0.0,0.0,0.0,0.0,0.00521785,0.016595475,0.03522505,0.0,0.0,1.0,1.0,0.06,0.06,0.0,0.77647114,1.0,1.0,0.093802415,0.0,0.001909405,0.0,0.0,0.080578774,0.0
0.0,0.0,0.25,0.5,0.0,0.0,0.0,0.0,0.0,0.0,0.0,0.0,0.0,0.0,0.0,0.0,0.0,0.0,0.0,0.0,0.0,0.0,0.017171621,0.019569471,0.0,0.0,1.0,1.0,0.09,0.06,0.0,0.7631295,1.0,1.0,0.08956083,0.0,0.003121242,0.0,0.0,0.076173276,0.0
0.0,0.0,0.13235295,0.8,0.0,3.2691223e-05,0.0,0.0,0.0,0.0,0.0,0.0,0.0,0.0,0.0,0.0,0.0,0.0,0.0,0.0,0.0,0.0,0.024510533,0.0019569471,1.0,1.0,0.0,0.0,1.0,0.0,0.0,0.6823745,0.97801983,1.0,0.060463093,0.0,0.0046705157,0.0,0.0,0.066575766,0.0
0.0,0.0,0.029411765,0.2,0.0,0.0,0.0,0.0,0.0,0.0,0.0,0.0,0.0,0.0,0.0,0.0,0.0,0.0,0.0,0.0,0.0,0.0,0.017243668,0.009784736,0.0,0.0,1.0,1.0,0.04,0.06,0.0,0.76266134,1.0,1.0,0.08940341,0.0,0.0028731525,0.0,0.0,0.076532155,0.0
0.0,0.0,0.029411765,0.1,0.0,0.0,0.0,0.0,0.0,0.0,0.0,0.0,0.0,0.0,0.0,0.0,0.0,0.0,0.0,0.0,0.0,0.0,0.023690492,0.011741683,1.0,1.0,0.0,0.0,0.05,0.07,0.0,0.7690371,1.0,1.0,0.0857585,0.0,0.0,0.0,0.0,0.08689961,0.0
0.0,0.0,0.029411765,0.1,0.0,0.0,0.0,0.0,0.0,0.0,0.0,0.0,0.0,0.0,0.0,0.0,0.0,0.0,0.0,0.0,0.0,0.0,0.023148738,0.015655577,1.0,1.0,0.0,0.0,0.03,0.06,0.0,0.7777636,1.0,1.0,0.088754885,0.0,0.0,0.0,0.0,0.08973378,0.0
0.013930521,0.0,0.04411765,0.3,0.00033718714,0.0,0.0,0.0,0.0,0.054419518,0.0,0.0,0.0,0.0,0.0,0.003315866,0.0049173757,0.032500625,0.0,0.0,0.0,0.077293605,0.008671753,0.09784736,0.02,0.02,0.98,0.98,1.0,0.0,0.0,0.8850119,1.0,1.0,0.12888181,0.0,0.009099662,0.0,0.0,0.08820683,0.0
0.0,0.0,0.04411765,0.1,0.0,0.0,0.0,0.0,0.0,0.056812704,0.0,0.0,0.0,0.0,0.0,0.0,0.0016592368,0.023554534,0.0,0.0,0.0,0.06913656,0.01849965,0.119373776,1.0,1.0,0.0,0.0,1.0,0.0,0.0,0.89117444,1.0,1.0,0.12200127,0.0,0.0,0.0,0.0,0.109873235,0.0
0.0,0.0,0.029411765,0.2,0.0,0.0,0.0,0.0,0.0,0.0,0.0,0.0,0.0,0.0,0.0,0.0,0.0,0.0,0.0,0.0,0.0,0.0,0.017061181,0.029354207,0.0,0.0,1.0,1.0,0.14,0.06,0.0,0.7654116,1.0,1.0,0.09024992,0.0,0.0032120794,0.0,0.0,0.07646361,0.0
0.0,0.0,0.029411765,0.2,0.0,0.0,0.0,0.0,0.0,0.0,0.0,0.0,0.0,0.0,0.0,0.0,0.0,0.0,0.0,0.0,0.0,0.0048359334,0.01658032,0.03522505,0.0,0.0,1.0,1.0,0.06,0.06,0.0,0.7758428,1.0,1.0,0.09366172,0.0,0.0018904954,0.0,0.0,0.080417275,0.0
0.0,1.0,0.36764705,0.0,8.276875e-06,0.0,0.0,0.0,0.0,0.0,0.0,0.0,0.0,0.0,0.0,0.0,0.0,0.0,0.0,0.0,0.0,0.0031252801,0.016881742,0.99804306,0.0,0.0,0.0,0.0,1.0,0.0,0.0,0.76846933,1.0,1.0,0.091500975,0.0,0.002465129,0.0,0.0,0.08294478,0.0
1.7326518e-05,0.0,0.22058824,0.0,4.1368454e-05,0.00021769383,0.0,0.0,0.0,0.0,0.0,0.0,0.0,0.0,0.0,0.0,0.0,0.0,0.0,0.0,0.0,0.0043337643,0.01175575,0.0039138943,0.0,0.0,0.0,0.0,1.0,0.0,0.0,0.75977015,1.0,1.0,0.0928724,0.0,0.008998007,0.0,0.0,0.07035914,0.0
0.0,0.0,0.029411765,0.2,0.0,0.0,0.0,0.0,0.0,0.0,0.0,0.0,0.0,0.0,0.0,0.0,0.0,0.0,0.0,0.0,0.0,0.001380235,0.016902097,0.037181996,0.0,0.0,1.0,1.0,0.14,0.05,0.0,0.7684288,1.0,1.0,0.09122466,0.0,0.0030180365,0.0,0.0,0.077343255,0.0
0.0,0.0,0.029411765,0.2,0.0,0.0,0.0,0.0,0.0,0.0,0.0,0.0,0.0,0.0,0.0,0.0,0.0,0.0,0.0,0.0,0.0,0.00074985623,0.016948998,0.011741683,0.0,0.0,1.0,1.0,0.02,0.06,0.0,0.7689084,1.0,1.0,0.0914711,0.0,0.0019711852,0.0,0.0,0.0790768,0.0
0.0,0.0,0.04411765,0.1,0.0,0.0,0.0,0.0,0.0,0.058243454,0.0,0.0,0.0,0.0,0.0,0.0,0.0021589845,0.02473855,0.0,0.0,0.0,0.07164994,0.017236441,0.21722114,1.0,1.0,0.0,0.0,1.0,0.0,0.0,0.89307106,1.0,1.0,0.12360326,0.0,0.00019800663,0.0,0.0,0.10944274,0.0
0.0,0.0,0.029411765,0.1,0.0,0.0,0.0,0.0,0.0,0.0,0.0,0.0,0.0,0.0,0.0,0.0,0.0,0.0,0.0,0.0,0.0,0.0,0.023036942,0.0332681,1.0,1.0,0.0,0.0,0.07,0.07,0.0,0.7823247,1.0,1.0,0.09001481,0.0,0.0,0.0,0.0,0.09050915,0.0
0.0,0.0,0.029411765,0.2,0.0,0.0,0.0,0.0,0.0,0.0,0.0,0.0,0.0,0.0,0.0,0.0,0.0,0.0,0.0,0.0,0.0,0.0037706494,0.016786158,0.03522505,0.0,0.0,1.0,1.0,0.09,0.07,0.0,0.77321005,1.0,1.0,0.09266051,0.0,0.0025060624,0.0,0.0,0.079140574,0.0
0.0,0.0,0.029411765,0.2,0.0,0.0,0.0,0.0,0.0,0.0,0.0,0.0,0.0,0.0,0.0,0.0,0.0,0.0,0.0,0.0,0.0,0.0,0.017227396,0.015655577,0.0,0.0,1.0,1.0,0.07,0.08,0.0,0.76279926,1.0,1.0,0.089421056,0.0,0.0030806363,0.0,0.0,0.07625231,0.0
0.0,0.0,0.029411765,0.2,0.0,0.0,0.0,0.0,0.0,0.0,0.0,0.0,0.0,0.0,0.0,0.0,0.0,0.0,0.0,0.0,0.0,0.0017524958,0.016923629,0.015655577,0.0,0.0,1.0,1.0,0.03,0.06,0.0,0.7704954,1.0,1.0,0.091892295,0.0,0.0020495802,0.0,0.0,0.07932064,0.0
0.13776314,0.0,0.13235295,0.0,0.0,3.2691223e-05,0.0,0.0,0.0,0.0,0.0,0.0,0.0,0.0,0.0,0.0,0.0,0.0,0.0,0.0,0.0,0.0,0.020947978,0.0019569471,0.0,0.0,0.0,0.0,1.0,0.0,0.0,0.71986115,1.0,1.0,0.07437327,0.0,0.0023187846,0.0,0.0,0.0741314,0.0
0.13247856,0.0,0.13235295,0.0,0.0,3.2691223e-05,0.0,0.0,0.0,0.0,0.0,0.0,0.0,0.0,0.0,0.0,0.0,0.0,0.0,0.0,0.0,0.0,0.019459248,0.0019569471,0.0,0.0,0.0,0.0,1.0,0.0,0.0,0.74822843,1.0,1.0,0.083146416,0.0,0.0025714934,0.0,0.0,0.08016145,0.0
0.0,0.0,0.029411765,0.1,0.0,0.0,0.0,0.0,0.0,0.0,0.0,0.0,0.0,0.0,0.0,0.0,0.0,0.0,0.0,0.0,0.0,0.0,0.023358919,0.019569471,1.0,1.0,0.0,0.0,0.05,0.07,0.0,0.77568233,1.0,1.0,0.0879037,0.0,0.0,0.0,0.0,0.08876845,0.0
0.0,0.0,0.13235295,0.1,0.0,0.0,0.0,0.0,0.0,0.051631182,0.0,0.0,0.0,0.0,0.0,0.0,0.0018711537,0.018583387,0.0,0.0,0.0,0.061380714,0.019503064,0.2739726,1.0,1.0,0.0,0.0,1.0,0.0,0.0,0.88127816,1.0,1.0,0.11869567,0.0,0.0,0.0,0.0,0.10966489,0.0
0.0,0.0,0.13235295,0.8,0.0,3.2691223e-05,0.0,0.0,0.0,0.0,0.0,0.0,0.0,0.0,0.0,0.0,0.0,0.0,0.0,0.0,0.0,0.0,0.019651428,0.0019569471,1.0,1.0,0.0,0.0,1.0,0.0,0.0,0.74651825,1.0,1.0,0.0825383,0.0,0.0024453849,0.0,0.0,0.079844445,0.0
0.0,0.0,0.7205882,0.1,0.0,0.0,0.0,0.0,0.0,0.0,0.0,0.0,0.0,0.0,0.0,0.0,0.0,0.0,0.0,0.0,0.0,0.0,0.023239806,0.031311154,1.0,1.0,0.0,0.0,0.09,0.08,0.0,0.7799636,1.0,1.0,0.08911847,0.0,0.0,0.0,0.0,0.08967528,0.0
0.0,0.0,0.61764705,0.2,0.0,0.0,0.0,0.0,0.0,0.0,0.0,0.0,0.0,0.0,0.0,0.0,0.0,0.0,0.0,0.0,0.0,0.0042206943,0.016724676,0.023483366,0.0,0.0,1.0,1.0,0.04,0.06,0.0,0.7750212,1.0,1.0,0.09331355,0.0,0.0017810464,0.0,0.0,0.08055851,0.0
0.0,0.0,0.04411765,0.0,0.0008681168,0.0061771553,0.0,0.0,0.0,0.0,0.0,0.0,0.0,0.0,0.0,0.0,0.0,0.0,0.0,0.0,0.0,0.008121878,0.010717124,0.011741683,0.0,0.0,0.0,0.0,1.0,0.0,0.33,0.7657007,1.0,1.0,0.09551706,0.0,0.009754524,0.0,0.0,0.06642452,0.0
0.0,0.0,0.029411765,0.5,0.0,0.0,0.0,0.0,0.0,0.0,0.0,0.0,0.0,0.0,0.0,0.0,0.0,0.0,0.0,0.0,0.0,0.0,0.017069876,0.025440313,0.0,0.0,1.0,1.0,0.1,0.06,0.0,0.7661252,1.0,1.0,0.09045427,0.0,0.0030164868,0.0,0.0,0.07697189,0.0
0.0,0.0,0.029411765,0.2,0.0,0.0,0.0,0.0,0.0,0.0,0.0,0.0,0.0,0.0,0.0,0.0,0.0,0.0,0.0,0.0,0.0,0.0007741451,0.016937539,0.0058708414,0.0,0.0,1.0,1.0,0.01,0.06,0.0,0.769387,1.0,1.0,0.091656886,0.0,0.0016720444,0.0,0.0,0.0796102,0.0
0.0,0.0,0.32352942,0.5,0.0,0.0,0.0,0.0,0.0,0.0,0.0,0.0,0.0,0.0,0.0,0.0,0.0,0.0,0.0,0.0,0.0,0.0,0.01727008,0.011741683,0.0,0.0,1.0,1.0,0.05,0.07,0.0,0.76179326,1.0,1.0,0.08912494,0.0,0.003028199,0.0,0.0,0.07615039,0.0
0.0,0.0,0.7941176,0.2,0.0,0.0,0.0,0.0,0.0,0.0,0.0,0.0,0.0,0.0,0.0,0.0,0.0,0.0,0.0,0.0,0.0,0.0,0.01719515,0.019569471,0.0,0.0,1.0,1.0,0.1,0.06,0.0,0.7626076,1.0,1.0,0.08938875,0.0,0.0031987876,0.0,0.0,0.07595867,0.0
0.0,0.0,0.23529412,0.2,0.0,0.0,0.0,0.0,0.0,0.0,0.0,0.0,0.0,0.0,0.0,0.0,0.0,0.0,0.0,0.0,0.0,0.0042383075,0.016679727,0.037181996,0.0,0.0,1.0,1.0,0.08,0.06,0.0,0.7743224,1.0,1.0,0.09310157,0.0,0.002254665,0.0,0.0,0.07967031,0.0
0.0,1.0,0.36764705,0.0,1.6044403e-05,0.0,0.0,0.0,0.0,0.0,0.0,0.0,0.0,0.0,0.0,0.0,0.0,0.0,0.0,0.0,0.0,0.012265861,0.014319636,0.21917808,0.0,0.0,0.0,0.0,1.0,0.0,0.0,0.7783073,1.0,1.0,0.09618566,0.0,0.0046954155,0.0,0.0,0.08311936,0.0
0.0,0.0,0.029411765,0.2,0.0,0.0,0.0,0.0,0.0,0.0,0.0,0.0,0.0,0.0,0.0,0.0,0.0,0.0,0.0,0.0,0.0,0.004053116,0.01666525,0.0332681,0.0,0.0,1.0,1.0,0.06,0.06,0.0,0.7742442,1.0,1.0,0.09312687,0.0,0.0021018684,0.0,0.0,0.07978454,0.0
0.0,0.0,0.029411765,0.1,0.0,0.0,0.0,0.0,0.0,0.0,0.0,0.0,0.0,0.0,0.0,0.0,0.0,0.0,0.0,0.0,0.0,0.0,0.026261047,0.037181996,1.0,1.0,0.0,0.0,0.18,0.06,0.0,0.78104484,1.0,1.0,0.08636808,0.0,0.0,0.0,0.0,0.084973514,0.0
0.0,0.0,0.029411765,0.2,0.0,0.0,0.0,0.0,0.0,0.0,0.0,0.0,0.0,0.0,0.0,0.0,0.0,0.0,0.0,0.0,0.0,0.0010336936,0.017003834,0.011741683,0.01,0.0,0.99,1.0,0.02,0.06,0.0,0.7693579,1.0,1.0,0.091522045,0.0,0.00201419,0.0,0.0,0.07917321,0.0
0.0,0.0,0.029411765,0.2,0.0,0.0,0.0,0.0,0.0,0.0,0.0,0.0,0.0,0.0,0.0,0.0,0.0,0.0,0.0,0.0,0.0,0.0,0.017058998,0.029354207,0.0,0.0,1.0,1.0,0.14,0.06,0.0,0.76545906,1.0,1.0,0.09026558,0.0,0.0032051057,0.0,0.0,0.07648304,0.0
0.035657976,0.0,0.04411765,0.3,0.001178245,0.0,0.0,0.0,0.0,0.016474873,0.0,0.0,0.0,0.0,0.0,0.0,0.00024525076,0.00012490153,0.0,0.0,0.0,0.03504312,0.01017677,0.017612524,0.0,0.0,1.0,1.0,1.0,0.0,0.0,0.81230724,1.0,1.0,0.108289205,0.0,0.009446174,0.0,0.0,0.07530391,0.0
0.1266222,0.0,0.13235295,0.0,0.0,3.2691223e-05,0.0,0.0,0.0,0.0,0.0,0.0,0.0,0.0,0.0,0.0,0.0,0.0,0.0,0.0,0.0,0.0008351803,0.017832369,0.0019569471,0.0,0.0,0.0,0.0,1.0,0.0,0.0,0.76570225,1.0,1.0,0.089128815,0.0,0.0037166774,0.0,0.0,0.08140087,0.0
0.0,0.0,0.029411765,0.2,0.0,0.0,0.0,0.0,0.0,0.0,0.0,0.0,0.0,0.0,0.0,0.0,0.0,0.0,0.0,0.0,0.0,0.004173696,0.017130196,0.023483366,0.17,0.0,0.83,1.0,0.04,0.06,0.0,0.77555263,1.0,1.0,0.09309328,0.0,0.0015531182,0.0,0.0,0.08100018,0.0
0.0,0.0,0.029411765,0.1,0.0,0.0,0.0,0.0,0.0,0.0,0.0,0.0,0.0,0.0,0.0,0.0,0.0,0.0,0.0,0.0,0.0,0.0,0.023176447,0.03522505,1.0,1.0,0.0,0.0,0.09,0.06,0.0,0.7803905,1.0,1.0,0.08931082,0.0,0.0,0.0,0.0,0.08980471,0.0
0.0,0.0,0.5294118,0.1,0.0,0.0,0.0,0.0,0.0,0.0,0.0,0.0,0.0,0.0,0.0,0.0,0.0,0.0,0.0,0.0,0.0,0.0,0.023386247,0.017612524,1.0,1.0,0.0,0.0,0.05,0.08,0.0,0.7765583,1.0,1.0,0.08808937,0.0,0.0,0.0,0.0,0.088900834,0.0
0.0,0.0,0.04411765,0.3,0.00062745076,0.0032542627,0.0,0.0,0.0,0.0,0.0,0.0,0.0,0.0,0.0,0.0,0.0,0.0,0.0,0.0,0.0,2.604723e-05,0.01112356,0.0058708414,0.0,0.0,0.67,0.67,1.0,0.0,0.0,0.7517898,1.0,1.0,0.091452815,0.0,0.009800836,0.0,0.0,0.06424108,0.0
0.0,0.0,0.029411765,0.1,0.0,0.0,0.0,0.0,0.0,0.0,0.0,0.0,0.0,0.0,0.0,0.0,0.0,0.0,0.0,0.0,0.0,0.0,0.023551285,0.019569471,1.0,1.0,0.0,0.0,0.07,0.06,0.0,0.7718675,1.0,1.0,0.08665674,0.0,0.0,0.0,0.0,0.087584555,0.0
0.0,0.0,0.029411765,0.1,0.0,0.0,0.0,0.0,0.0,0.0,0.0,0.0,0.0,0.0,0.0,0.0,0.0,0.0,0.0,0.0,0.0,0.0,0.023454644,0.02739726,1.0,1.0,0.0,0.0,0.1,0.06,0.0,0.7744702,1.0,1.0,0.087428205,0.0,0.0,0.0,0.0,0.0881969,0.0
0.0,0.0,0.029411765,0.1,0.0,0.0,0.0,0.0,0.0,0.0,0.0,0.0,0.0,0.0,0.0,0.0,0.0,0.0,0.0,0.0,0.0,0.0,0.023605734,0.015655577,1.0,1.0,0.0,0.0,0.07,0.07,0.0,0.7715616,1.0,1.0,0.08650821,0.0,0.0,0.0,0.0,0.087498665,0.0
0.0,0.0,0.029411765,0.2,0.0,0.0,0.0,0.0,0.0,0.0,0.0,0.0,0.0,0.0,0.0,0.0,0.0,0.0,0.0,0.0,0.0,0.0032607317,0.016755156,0.025440313,0.0,0.0,1.0,1.0,0.05,0.06,0.0,0.7730979,1.0,1.0,0.09275355,0.0,0.0019806027,0.0,0.0,0.079839736,0.0
0.0,0.0,0.04411765,0.1,0.0,0.0,0.0,0.0,0.0,0.024434328,0.0,0.0,0.0,0.0,0.0,0.0,0.0,0.0024596453,0.0,0.0,0.0,0.039637506,0.014241159,0.023483366,1.0,1.0,0.0,0.0,1.0,0.0,0.0,0.828524,1.0,1.0,0.10900631,0.0,0.005482912,0.0,0.0,0.08666378,0.0
0.0,0.0,0.20588236,0.2,0.0,0.0,0.0,0.0,0.0,0.0,0.0,0.0,0.0,0.0,0.0,0.0,0.0,0.0,0.0,0.0,0.0,0.0,0.017168194,0.0039138943,0.0,0.0,1.0,1.0,0.01,0.07,0.0,0.76552343,1.0,1.0,0.0903086,0.0,0.002332151,0.0,0.0,0.0779489,0.0
0.0,0.0,0.029411765,0.2,0.0,0.0,0.0,0.0,0.0,0.0,0.0,0.0,0.0,0.0,0.0,0.0,0.0,0.0,0.0,0.0,0.0,0.0,0.021545105,0.007827789,0.74,0.75,0.26,0.25,0.03,0.06,0.0,0.7655426,1.0,1.0,0.08664293,0.0,0.0,0.0,0.0,0.083524615,0.0
0.0,0.0,0.5441176,0.5,0.0,0.0,0.0,0.0,0.0,0.0,0.0,0.0,0.0,0.0,0.0,0.0,0.0,0.0,0.0,0.0,0.0,0.0037502646,0.016779013,0.029354207,0.0,0.0,1.0,1.0,0.06,0.07,0.0,0.7735939,1.0,1.0,0.092814945,0.0,0.0022210479,0.0,0.0,0.079635054,0.0
0.0,0.0,0.13235295,0.5,0.0,0.0,0.0,0.0,0.0,0.0,0.0,0.0,0.0,0.0,0.0,0.0,0.0,0.0,0.0,0.0,0.0,0.0013995171,0.016938545,0.011741683,0.0,0.0,1.0,1.0,0.02,0.06,0.0,0.77010596,1.0,1.0,0.09179949,0.0,0.001905486,0.0,0.0,0.07947239,0.0
0.0,0.0,0.029411765,0.2,0.0,0.0,0.0,0.0,0.0,0.0,0.0,0.0,0.0,0.0,0.0,0.0,0.0,0.0,0.0,0.0,0.0,0.0,0.017150365,0.019569471,0.0,0.0,1.0,1.0,0.08,0.06,0.0,0.76456404,1.0,1.0,0.08996742,0.0,0.003020376,0.0,0.0,0.076666415,0.0
0.0,0.0,0.029411765,0.1,0.0,0.0,0.0,0.0,0.0,0.0,0.0,0.0,0.0,0.0,0.0,0.0,0.0,0.0,0.0,0.0,0.0,0.0,0.023619875,0.007827789,1.0,1.0,0.0,0.0,0.03,0.08,0.0,0.7712835,1.0,1.0,0.08644389,0.0,0.0,0.0,0.0,0.087533176,0.0
0.0,0.0,0.1764706,0.1,0.0,0.0,0.0,0.0,0.0,0.0,0.0,0.0,0.0,0.0,0.0,0.0,0.0,0.0,0.0,0.0,0.0,0.0,0.02333565,0.039138943,1.0,1.0,0.0,0.0,0.13,0.05,0.0,0.77779675,1.0,1.0,0.088408925,0.0,0.0,0.0,0.0,0.08884549,0.0
0.0,0.0,0.7352941,0.5,0.0,0.0,0.0,0.0,0.0,0.0,0.0,0.0,0.0,0.0,0.0,0.0,0.0,0.0,0.0,0.0,0.0,0.005732447,0.016668737,0.039138943,0.0,0.0,1.0,1.0,0.09,0.07,0.0,0.77683663,1.0,1.0,0.093754254,0.0,0.002281472,0.0,0.0,0.08022338,0.0
0.0,0.0,0.04411765,0.1,0.0,0.0,0.0,0.0,0.0,0.014362782,0.0,0.0,0.0,0.0,0.0,0.0,0.0,0.0,0.0,0.0,0.0,0.029290915,0.013703428,0.023483366,0.42,0.42,0.58,0.58,1.0,0.0,0.0,0.8095372,1.0,1.0,0.10452942,0.0,0.006361589,0.0,0.0,0.07998267,0.0
0.013878541,0.0,0.04411765,0.3,0.0011394073,0.0,0.0,0.0,0.0,0.046156585,0.0,0.0,0.0,0.0,0.0,0.0010044724,0.0039380044,0.025572002,0.0,0.0,0.0,0.0681417,0.008955039,0.06849315,0.03,0.03,0.97,0.97,1.0,0.0,0.0,0.869202,1.0,1.0,0.12444421,0.0,0.0092213005,0.0,0.0,0.08522469,0.0
0.14096855,0.0,0.13235295,0.0,0.0,1.1144735e-05,0.0,0.0,0.0,0.0,0.0,0.0,0.0,0.0,0.0,0.0,0.0,0.0,0.0,0.0,0.0,0.0,0.03451489,0.0019569471,0.0,0.0,0.0,0.0,1.0,0.0,0.0,0.63755274,0.9206101,1.0,0.037415475,0.0,0.009339511,0.0,0.0,0.061006412,0.0
0.0,0.0,0.029411765,0.2,0.0,0.0,0.0,0.0,0.0,0.0,0.0,0.0,0.0,0.0,0.0,0.0,0.0,0.0,0.0,0.0,0.0,0.0009534061,0.016981289,0.011741683,0.0,0.0,1.0,1.0,0.02,0.07,0.0,0.7691573,1.0,1.0,0.091486715,0.0,0.002046451,0.0,0.0,0.07908225,0.0
0.14214675,0.0,0.13235295,0.0,0.0,1.1144735e-05,0.0,0.0,0.0,0.0,0.0,0.0,0.0,0.0,0.0,0.0,0.0,0.0,0.0,0.0,0.0,0.0,0.022231326,0.0019569471,0.0,0.0,0.0,0.0,1.0,0.0,0.0,0.7498504,1.0,1.0,0.08153584,0.0,0.0,0.0,0.0,0.081492424,0.0
0.14181755,0.0,0.13235295,0.0,0.0,1.1144735e-05,0.0,0.0,0.0,0.0,0.0,0.0,0.0,0.0,0.0,0.0,0.0,0.0,0.0,0.0,0.0,0.0,0.019040033,0.0019569471,0.0,0.0,0.0,0.0,1.0,0.0,0.0,0.7438936,1.0,1.0,0.082555436,0.0,0.0017101467,0.0,0.0,0.077560216,0.0
0.0,0.0,0.029411765,0.2,0.0,0.0,0.0,0.0,0.0,0.0,0.0,0.0,0.0,0.0,0.0,0.0,0.0,0.0,0.0,0.0,0.0,0.0021182597,0.016822748,0.023483366,0.0,0.0,1.0,1.0,0.05,0.06,0.0,0.77091837,1.0,1.0,0.09209367,0.0,0.002166018,0.0,0.0,0.079064995,0.0
0.0,0.0,0.029411765,0.2,0.0,0.0,0.0,0.0,0.0,0.0,0.0,0.0,0.0,0.0,0.0,0.0,0.0,0.0,0.0,0.0,0.0,0.0,0.017239474,0.0019569471,0.0,0.0,1.0,1.0,0.01,0.08,0.0,0.763602,1.0,1.0,0.08971832,0.0,0.0024418533,0.0,0.0,0.077445716,0.0
0.0,0.0,0.029411765,0.2,0.0,0.0,0.0,0.0,0.0,0.0,0.0,0.0,0.0,0.0,0.0,0.0,0.0,0.0,0.0,0.0,0.0,0.0030810535,0.0168432,0.029354207,0.0,0.0,1.0,1.0,0.07,0.06,0.0,0.7721708,1.0,1.0,0.09234577,0.0,0.0024324954,0.0,0.0,0.07904968,0.0
0.0,0.0,0.029411765,0.2,0.0,0.0,0.0,0.0,0.0,0.0,0.0,0.0,0.0,0.0,0.0,0.0,0.0,0.0,0.0,0.0,0.0,0.0051042736,0.016616248,0.039138943,0.0,0.0,1.0,1.0,0.07,0.06,0.0,0.77629566,1.0,1.0,0.093736775,0.0,0.0019093007,0.0,0.0,0.0805313,0.0
1.7326518e-05,0.0,0.22058824,0.0,4.1368454e-05,0.00021769383,0.0,0.0,0.0,0.0,0.0,0.0,0.0,0.0,0.0,0.0,0.0,0.0,0.0,0.0,0.0,0.0058751404,0.011306174,0.0039138943,0.0,0.0,0.0,0.0,1.0,0.0,0.0,0.76240385,1.0,1.0,0.09403541,0.0,0.009168252,0.0,0.0,0.06913173,0.0
0.0,0.0,0.029411765,0.2,0.0,0.0,0.0,0.0,0.0,0.0,0.0,0.0,0.0,0.0,0.0,0.0,0.0,0.0,0.0,0.0,0.0,0.00044295192,0.017082758,0.0039138943,0.0,0.0,1.0,1.0,0.01,0.07,0.0,0.76838136,1.0,1.0,0.09118443,0.0,0.0020198673,0.0,0.0,0.079027355,0.0
0.0,1.0,0.36764705,0.0,8.08587e-06,0.0,0.0,0.0,0.0,0.0,0.0,0.0,0.0,0.0,0.0,0.0,0.0,0.0,0.0,0.0,0.0,0.0069439113,0.016715802,1.0,0.0,0.0,0.0,0.0,1.0,0.0,0.0,0.7762344,1.0,1.0,0.093669035,0.0,0.0019809157,0.0,0.0,0.08513218,0.0
0.0,0.0,0.029411765,0.2,0.0,0.0,0.0,0.0,0.0,0.0,0.0,0.0,0.0,0.0,0.0,0.0,0.0,0.0,0.0,0.0,0.0,0.0045019686,0.01667396,0.0332681,0.0,0.0,1.0,1.0,0.07,0.06,0.0,0.775015,1.0,1.0,0.09331449,0.0,0.0020996183,0.0,0.0,0.08000451,0.0
0.12516677,0.0,0.13235295,0.0,0.0,3.2691223e-05,0.0,0.0,0.0,0.0,0.0,0.0,0.0,0.0,0.0,0.0,0.0,0.0,0.0,0.0,0.0,0.0,0.017640226,0.0019569471,0.0,0.0,0.0,0.0,1.0,0.0,0.0,0.7471831,1.0,1.0,0.08448758,0.0,0.0041492283,0.0,0.0,0.07555395,0.0
0.0,0.0,0.029411765,0.1,0.0,0.0,0.0,0.0,0.0,0.0,0.0,0.0,0.0,0.0,0.0,0.0,0.0,0.0,0.0,0.0,0.0,0.0,0.023058921,0.0332681,1.0,1.0,0.0,0.0,0.07,0.06,0.0,0.78142405,1.0,1.0,0.08975605,0.0,0.0,0.0,0.0,0.09028,0.0
0.0,0.0,0.029411765,0.1,0.0,0.0,0.0,0.0,0.0,0.0,0.0,0.0,0.0,0.0,0.0,0.0,0.0,0.0,0.0,0.0,0.0,0.0,0.023244172,0.009784736,1.0,1.0,0.0,0.0,0.02,0.07,0.0,0.775738,1.0,1.0,0.08812178,0.0,0.0,0.0,0.0,0.08922657,0.0
0.01403448,0.0,0.04411765,0.3,0.000876139,7.4298237e-07,0.0,0.0,0.0,0.025606751,0.0,0.0,0.0,0.0,0.0,0.0,0.0016126484,0.0073201954,0.0,0.0,0.0,0.044923425,0.009604074,0.16242662,0.02,0.02,0.98,0.98,1.0,0.0,0.0,0.8293127,1.0,1.0,0.113336675,0.0,0.009165227,0.0,0.0,0.07902205,0.0
0.0,0.0,0.04411765,0.0,0.0008681168,0.0061771553,0.0,0.0,0.0,0.0,0.0,0.0,0.0,0.0,0.0,0.0,0.0,0.0,0.0,0.0,0.0,0.007167369,0.01067479,0.021526419,0.0,0.0,0.0,0.0,1.0,0.0,0.27,0.7639506,1.0,1.0,0.09509673,0.0,0.009840086,0.0,0.0,0.06579512,0.0
0.0,0.0,0.029411765,0.2,0.0,0.0,0.0,0.0,0.0,0.0,0.0,0.0,0.0,0.0,0.0,0.0,0.0,0.0,0.0,0.0,0.0,0.0,0.01733923,0.0039138943,0.0,0.0,1.0,1.0,0.02,0.06,0.0,0.7607683,1.0,1.0,0.08880707,0.0,0.0029263347,0.0,0.0,0.0760901,0.0
0.0,1.0,0.36764705,0.0,8.276875e-06,0.0,0.0,0.0,0.0,0.0,0.0,0.0,0.0,0.0,0.0,0.0,0.0,0.0,0.0,0.0,0.0,0.011604756,0.014235392,0.15068494,0.0,0.0,0.0,0.0,1.0,0.0,0.0,0.77693903,1.0,1.0,0.095898144,0.0,0.004842922,0.0,0.0,0.08245385,0.0
0.0,0.0,0.029411765,0.2,0.0,0.0,0.0,0.0,0.0,0.0,0.0,0.0,0.0,0.0,0.0,0.0,0.0,0.0,0.0,0.0,0.0,0.0,0.017126687,0.023483366,0.0,0.0,1.0,1.0,0.11,0.06,0.0,0.7641827,1.0,1.0,0.08987259,0.0,0.0031666905,0.0,0.0,0.07629466,0.0
0.0,0.0,0.6911765,0.2,0.0,0.0,0.0,0.0,0.0,0.0,0.0,0.0,0.0,0.0,0.0,0.0,0.0,0.0,0.0,0.0,0.0,0.0,0.0173098,0.0058708414,0.0,0.0,1.0,1.0,0.02,0.06,0.0,0.76017296,1.0,1.0,0.08868506,0.0,0.0029286146,0.0,0.0,0.07591754,0.0
0.0,1.0,0.36764705,0.0,1.6426413e-05,0.0,0.0,0.0,0.0,0.00015950203,0.0,0.0,0.0,0.0,0.0,0.0,0.0,0.0,0.0,0.0,0.0,0.012700319,0.014374942,0.26418787,0.0,0.0,0.0,0.0,1.0,0.0,0.0,0.7792065,1.0,1.0,0.09637465,0.0,0.0045985132,0.0,0.0,0.08355671,0.0
0.0,0.0,0.029411765,0.2,0.0,0.0,0.0,0.0,0.0,0.0,0.0,0.0,0.0,0.0,0.0,0.0,0.0,0.0,0.0,0.0,0.0,0.0023624897,0.016869508,0.03522505,0.0,0.0,1.0,1.0,0.11,0.06,0.0,0.7703997,1.0,1.0,0.091800325,0.0,0.0028113723,0.0,0.0,0.07808158,0.0
0.0,0.0,0.7205882,0.2,0.0,0.0,0.0,0.0,0.0,0.0,0.0,0.0,0.0,0.0,0.0,0.0,0.0,0.0,0.0,0.0,0.0,0.0045960248,0.016706996,0.03522505,0.0,0.0,1.0,1.0,0.08,0.06,0.0,0.77496517,1.0,1.0,0.09323924,0.0,0.0022453964,0.0,0.0,0.079862356,0.0
0.0,0.0,0.63235295,0.5,0.0,0.0,0.0,0.0,0.0,0.0,0.0,0.0,0.0,0.0,0.0,0.0,0.0,0.0,0.0,0.0,0.0,0.0,0.017182231,0.015655577,0.0,0.0,1.0,1.0,0.06,0.06,0.0,0.7628349,1.0,1.0,0.08949929,0.0,0.0029631108,0.0,0.0,0.07636398,0.0
1.7326518e-05,0.0,0.22058824,0.0,4.1368454e-05,0.00021769383,0.0,0.0,0.0,0.0,0.0,0.0,0.0,0.0,0.0,0.0,0.0,0.0,0.0,0.0,0.0,0.0,0.013364412,0.0058708414,0.0,0.0,0.0,0.0,1.0,0.0,0.0,0.75386775,1.0,1.0,0.08997276,0.0,0.007274851,0.0,0.0,0.073411524,0.0
0.0,0.0,0.6617647,0.5,0.0,0.0,0.0,0.0,0.0,0.0,0.0,0.0,0.0,0.0,0.0,0.0,0.0,0.0,0.0,0.0,0.0,0.0033710003,0.016815372,0.029354207,0.0,0.0,1.0,1.0,0.07,0.06,0.0,0.77278745,1.0,1.0,0.09254905,0.0,0.002340868,0.0,0.0,0.079303294,0.0
0.0,0.0,0.029411765,0.1,0.0,0.0,0.0,0.0,0.0,0.0,0.0,0.0,0.0,0.0,0.0,0.0,0.0,0.0,0.0,0.0,0.0,0.0,0.023295522,0.023483366,1.0,1.0,0.0,0.0,0.07,0.09,0.0,0.7791219,1.0,1.0,0.088849895,0.0,0.0,0.0,0.0,0.089506626,0.0
0.0,0.0,0.029411765,0.2,0.0,0.0,0.0,0.0,0.0,0.0,0.0,0.0,0.0,0.0,0.0,0.0,0.0,0.0,0.0,0.0,0.0,0.0027997196,0.016893864,0.019569471,0.0,0.0,1.0,1.0,0.04,0.07,0.0,0.7721771,1.0,1.0,0.09234478,0.0,0.0021138787,0.0,0.0,0.07960367,0.0
0.0,0.0,0.30882353,0.2,0.0,0.0,0.0,0.0,0.0,0.0,0.0,0.0,0.0,0.0,0.0,0.0,0.0,0.0,0.0,0.0,0.0,0.0008100271,0.016910382,0.015655577,0.0,0.0,1.0,1.0,0.03,0.06,0.0,0.7688589,1.0,1.0,0.09148573,0.0,0.002068147,0.0,0.0,0.07884166,0.0
0.0,0.0,0.029411765,0.1,0.0,0.0,0.0,0.0,0.0,0.0,0.0,0.0,0.0,0.0,0.0,0.0,0.0,0.0,0.0,0.0,0.0,0.0,0.023155473,0.023483366,1.0,1.0,0.0,0.0,0.05,0.07,0.0,0.7798177,1.0,1.0,0.08923695,0.0,0.0,0.0,0.0,0.08994818,0.0
0.0,0.0,0.7352941,0.1,0.0,0.0,0.0,0.0,0.0,0.0,0.0,0.0,0.0,0.0,0.0,0.0,0.0,0.0,0.0,0.0,0.0,0.0,0.023531288,0.0019569471,1.0,1.0,0.0,0.0,0.01,0.07,0.0,0.76969695,1.0,1.0,0.0861954,0.0,0.0,0.0,0.0,0.08757523,0.0
0.0,0.0,0.029411765,0.2,0.0,0.0,0.0,0.0,0.0,0.0,0.0,0.0,0.0,0.0,0.0,0.0,0.0,0.0,0.0,0.0,0.0,0.0030646324,0.016816653,0.019569471,0.0,0.0,1.0,1.0,0.04,0.06,0.0,0.7729243,1.0,1.0,0.09265765,0.0,0.0018906444,0.0,0.0,0.08000788,0.0
0.0,0.0,0.04411765,0.2,0.0,0.0,0.0,0.0,0.0,0.0,0.0,0.0,0.0,0.0,0.0,0.0,0.0,0.0,0.0,0.0,0.0,0.0019026399,0.016937904,0.017612524,0.0,0.0,1.0,1.0,0.04,0.08,0.0,0.7705194,1.0,1.0,0.09185692,0.0,0.0022218376,0.0,0.0,0.07904348,0.0
0.0,0.0,0.029411765,0.2,0.0,0.0,0.0,0.0,0.0,0.0,0.0,0.0,0.0,0.0,0.0,0.0,0.0,0.0,0.0,0.0,0.0,0.0005635321,0.017004162,0.02739726,0.0,0.0,1.0,1.0,0.1,0.05,0.0,0.7672968,1.0,1.0,0.09084838,0.0,0.0028685182,0.0,0.0,0.077429056,0.0
0.12811227,0.0,0.13235295,0.0,0.0,3.2691223e-05,0.0,0.0,0.0,0.0,0.0,0.0,0.0,0.0,0.0,0.0,0.0,0.0,0.0,0.0,0.0,0.0,0.018354975,0.0019569471,0.0,0.0,0.0,0.0,1.0,0.0,0.0,0.7328582,1.0,1.0,0.07995241,0.0,0.0041704476,0.0,0.0,0.074932426,0.0
0.0,0.0,0.04411765,0.1,0.0,0.0,0.0,0.0,0.0,0.048957527,0.0,0.0,0.0,0.0,0.0,0.0,0.0023080632,0.022045255,0.0,0.0,0.0,0.06580073,0.013881743,0.08806262,1.0,1.0,0.0,0.0,1.0,0.0,0.0,0.87522995,1.0,1.0,0.121747814,0.0,0.0042929053,0.0,0.0,0.09714979,0.0
0.0,0.0,0.7205882,0.2,0.0,0.0,0.0,0.0,0.0,0.0,0.0,0.0,0.0,0.0,0.0,0.0,0.0,0.0,0.0,0.0,0.0,0.0041401386,0.01671993,0.029354207,0.01,0.0,0.99,1.0,0.05,0.06,0.0,0.7746365,1.0,1.0,0.09319451,0.0,0.001951471,0.0,0.0,0.08016917,0.0
0.0,0.0,0.029411765,0.1,0.0,0.0,0.0,0.0,0.0,0.0,0.0,0.0,0.0,0.0,0.0,0.0,0.0,0.0,0.0,0.0,0.0,0.0,0.02361831,0.019569471,1.0,1.0,0.0,0.0,0.09,0.06,0.0,0.77155995,1.0,1.0,0.08647784,0.0,0.0,0.0,0.0,0.08737826,0.0
0.0,0.0,0.9117647,0.1,0.0,0.0,0.0,0.0,0.0,0.0,0.0,0.0,0.0,0.0,0.0,0.0,0.0,0.0,0.0,0.0,0.0,0.0,0.023750417,0.0058708414,1.0,1.0,0.0,0.0,0.03,0.07,0.0,0.76749504,1.0,1.0,0.08530039,0.0,0.0,0.0,0.0,0.08656648,0.0
0.0,0.0,0.029411765,0.2,0.0,0.0,0.0,0.0,0.0,0.0,0.0,0.0,0.0,0.0,0.0,0.0,0.0,0.0,0.0,0.0,0.0,0.0013739467,0.017021492,0.01369863,0.0,0.0,1.0,1.0,0.03,0.07,0.0,0.7695726,1.0,1.0,0.091513805,0.0,0.0022727996,0.0,0.0,0.078868955,0.0
0.0,0.0,0.029411765,0.1,0.0,0.0,0.0,0.0,0.0,0.0,0.0,0.0,0.0,0.0,0.0,0.0,0.0,0.0,0.0,0.0,0.0,0.0,0.023305856,0.037181996,1.0,1.0,0.0,0.0,0.13,0.06,0.0,0.7791958,1.0,1.0,0.08880714,0.0,0.0,0.0,0.0,0.08927125,0.0
0.0,0.0,0.029411765,0.2,0.0,0.0,0.0,0.0,0.0,0.0,0.0,0.0,0.0,0.0,0.0,0.0,0.0,0.0,0.0,0.0,0.0,0.0013689995,0.017690137,0.02739726,0.0,0.0,1.0,1.0,0.1,0.06,0.0,0.7699988,1.0,1.0,0.09097429,0.0,0.0022888929,0.0,0.0,0.07886428,0.0
0.0,0.0,0.4117647,0.1,0.0,0.0,0.0,0.0,0.0,0.0,0.0,0.0,0.0,0.0,0.0,0.0,0.0,0.0,0.0,0.0,0.0,0.0,0.023218632,0.03522505,1.0,1.0,0.0,0.0,0.1,0.09,0.0,0.7810236,1.0,1.0,0.08940514,0.0,0.0,0.0,0.0,0.08984208,0.0
0.0,0.0,0.029411765,0.2,0.0,0.0,0.0,0.0,0.0,0.0,0.0,0.0,0.0,0.0,0.0,0.0,0.0,0.0,0.0,0.0,0.0,0.004708767,0.016625457,0.031311154,0.0,0.0,1.0,1.0,0.05,0.05,0.0,0.7757498,1.0,1.0,0.09360012,0.0,0.0018146336,0.0,0.0,0.08059394,0.0
0.0,0.0,0.029411765,0.2,0.0,0.0,0.0,0.0,0.0,0.0,0.0,0.0,0.0,0.0,0.0,0.0,0.0,0.0,0.0,0.0,0.0,0.001480788,0.016968623,0.019569471,0.0,0.0,1.0,1.0,0.05,0.07,0.0,0.7695565,1.0,1.0,0.091547124,0.0,0.002390951,0.0,0.0,0.07862273,0.0
0.0,0.0,0.029411765,0.2,0.0,0.0,0.0,0.0,0.0,0.0,0.0,0.0,0.0,0.0,0.0,0.0,0.0,0.0,0.0,0.0,0.0,0.00457561,0.016699813,0.029354207,0.0,0.0,1.0,1.0,0.06,0.06,0.0,0.7753488,1.0,1.0,0.09339369,0.0,0.0019603074,0.0,0.0,0.08035678,0.0
0.035883218,0.0,0.04411765,0.3,0.00089243805,0.0,0.0,0.0,0.0,0.01081574,0.0,0.0,0.0,0.0,0.0,0.0,0.0,0.0,0.0,0.0,0.0,0.028716534,0.010364212,0.019569471,0.0,0.0,1.0,1.0,1.0,0.0,0.0,0.8014116,1.0,1.0,0.10524242,0.0,0.009483382,0.0,0.0,0.07340419,0.0
0.013965174,0.0,0.04411765,0.3,0.0012014838,0.0,0.0,0.0,0.0,0.012732357,0.0,0.0,0.0,0.0,0.0,0.0,0.000174582,0.0,0.0,0.0,0.0,0.03075406,0.009974048,0.11545988,0.0,0.0,1.0,1.0,1.0,0.0,0.0,0.80475116,1.0,1.0,0.10651218,0.0,0.009433433,0.0,0.0,0.07400662,0.0
0.0,0.0,0.029411765,0.1,0.0,0.0,0.0,0.0,0.0,0.0,0.0,0.0,0.0,0.0,0.0,0.0,0.0,0.0,0.0,0.0,0.0,0.0,0.02363664,0.015655577,1.0,1.0,0.0,0.0,0.07,0.07,0.0,0.77054024,1.0,1.0,0.08620571,0.0,0.0,0.0,0.0,0.08722597,0.0
0.0,0.0,0.13235295,0.8,0.0,3.2691223e-05,0.0,0.0,0.0,0.0,0.0,0.0,0.0,0.0,0.0,0.0,0.0,0.0,0.0,0.0,0.0,0.0,0.019747287,0.0019569471,1.0,1.0,0.0,0.0,1.0,0.0,0.0,0.73478353,1.0,1.0,0.07934139,0.0,0.0026721358,0.0,0.0,0.07741964,0.0
0.0,0.0,0.4117647,0.2,0.0,0.0,0.0,0.0,0.0,0.0,0.0,0.0,0.0,0.0,0.0,0.0,0.0,0.0,0.0,0.0,0.0,0.0010156333,0.01693333,0.009784736,0.0,0.0,1.0,1.0,0.02,0.06,0.0,0.76953924,1.0,1.0,0.09167143,0.0,0.001851365,0.0,0.0,0.07936099,0.0
0.0,0.0,0.13235295,0.1,0.0,0.0,0.0,0.0,0.0,0.0,0.0,0.0,0.0,0.0,0.0,0.0,0.0,0.0,0.0,0.0,0.0,0.0,0.022874951,0.19960861,1.0,1.0,0.0,0.0,1.0,0.0,0.0,0.76517475,1.0,1.0,0.08490946,0.0,0.0,0.0,0.0,0.084376246,0.0
0.0,0.0,0.44117647,0.1,0.0,0.0,0.0,0.0,0.0,0.0,0.0,0.0,0.0,0.0,0.0,0.0,0.0,0.0,0.0,0.0,0.0,0.0,0.023511514,0.021526419,1.0,1.0,0.0,0.0,0.08,0.06,0.0,0.7729683,1.0,1.0,0.08698472,0.0,0.0,0.0,0.0,0.08787835,0.0
0.0,0.0,0.029411765,0.1,0.0,0.0,0.0,0.0,0.0,0.0,0.0,0.0,0.0,0.0,0.0,0.0,0.0,0.0,0.0,0.0,0.0,0.0,0.022969954,0.0332681,1.0,1.0,0.0,0.0,0.06,0.06,0.0,0.78263223,1.0,1.0,0.09019368,0.0,0.0,0.0,0.0,0.09071547,0.0
0.035935197,0.0,0.04411765,0.3,0.0008993779,0.0,0.0,0.0,0.0,0.0066646934,0.0,0.0,0.0,0.0,0.0,0.0,0.0,0.0,0.0,0.0,0.0,0.02406621,0.010514423,0.021526419,0.36,0.36,0.64,0.64,1.0,0.0,0.0,0.7934098,1.0,1.0,0.10299169,0.0,0.009501308,0.0,0.0,0.07207087,0.0
0.013947847,0.0,0.04411765,0.3,0.0012014838,7.4298237e-07,0.0,0.0,0.0,0.0087093115,0.0,0.0,0.0,0.0,0.0,0.0,0.0,0.0,0.0,0.0,0.0,0.026310086,0.010114133,0.09784736,0.0,0.0,1.0,1.0,1.0,0.0,0.0,0.7970762,1.0,1.0,0.10435588,0.0,0.00950183,0.0,0.0,0.072503835,0.0
0.015645847,0.0,0.04411765,0.3,0.0013873952,0.0,0.0,0.0,0.0,0.0,0.0,0.0,0.0,0.0,0.0,0.0,0.0,0.0,0.0,0.0,0.0,0.00549981,0.01073087,0.019569471,0.0,0.0,1.0,1.0,1.0,0.0,0.0,0.7610893,1.0,1.0,0.09428593,0.0,0.009862244,0.0,0.0,0.06525558,0.0
0.0,0.0,0.13235295,0.8,0.0,3.2691223e-05,0.0,0.0,0.0,0.0,0.0,0.0,0.0,0.0,0.0,0.0,0.0,0.0,0.0,0.0,0.0,0.0,0.020335786,0.0019569471,1.0,1.0,0.0,0.0,1.0,0.0,0.0,0.72321606,1.0,1.0,0.07570285,0.0,0.0029087216,0.0,0.0,0.074805945,0.0
0.0,0.0,0.1764706,0.2,0.0,0.0,0.0,0.0,0.0,0.0,0.0,0.0,0.0,0.0,0.0,0.0,0.0,0.0,0.0,0.0,0.0,0.004660815,0.016710572,0.0332681,0.0,0.0,1.0,1.0,0.07,0.06,0.0,0.775169,1.0,1.0,0.09329874,0.0,0.0021889657,0.0,0.0,0.079970926,0.0
0.0,0.0,0.029411765,0.2,0.0,0.0,0.0,0.0,0.0,0.0,0.0,0.0,0.0,0.0,0.0,0.0,0.0,0.0,0.0,0.0,0.0,0.0,0.017138913,0.0058708414,0.0,0.0,1.0,1.0,0.01,0.08,0.0,0.7658887,1.0,1.0,0.09043675,0.0,0.0023040026,0.0,0.0,0.078074455,0.0
0.0,1.0,0.36764705,0.0,1.6426413e-05,0.0,0.0,0.0,0.0,0.0,0.0,0.0,0.0,0.0,0.0,0.0,0.0,0.0,0.0,0.0,0.0,0.0,0.017994963,1.0,0.0,0.0,0.0,0.0,1.0,0.0,0.0,0.7601516,1.0,1.0,0.08813899,0.0,0.0022160262,0.0,0.0,0.082519025,0.0
0.0,0.0,0.029411765,0.2,0.0,0.0,0.0,0.0,0.0,0.0,0.0,0.0,0.0,0.0,0.0,0.0,0.0,0.0,0.0,0.0,0.0,0.0,0.017074622,0.009784736,0.0,0.0,1.0,1.0,0.02,0.06,0.0,0.76640856,1.0,1.0,0.09063911,0.0,0.00231646,0.0,0.0,0.07807332,0.0
0.0,0.0,0.0882353,0.1,0.0,0.0,0.0,0.0,0.0,0.0005340874,0.0,0.0,0.0,0.0,0.0,0.0,0.0,0.0,0.0,0.0,0.0,0.00079631805,0.022868514,0.039138943,1.0,1.0,0.0,0.0,0.07,0.05,0.0,0.7847383,1.0,1.0,0.09085601,0.0,0.0,0.0,0.0,0.09125179,0.0
0.0,0.0,0.13235295,0.8,0.0,3.2691223e-05,0.0,0.0,0.0,0.00984183,0.0,0.0,0.0,0.0,0.0,0.0,0.0,0.0,0.0,0.0,0.0,0.01572761,0.018826678,0.0019569471,1.0,1.0,0.0,0.0,1.0,0.0,0.0,0.8002646,1.0,1.0,0.0978907,0.0,0.0,0.0,0.0,0.091519475,0.0
0.12783505,0.0,0.13235295,0.0,0.0,3.2691223e-05,0.0,0.0,0.0,0.0,0.0,0.0,0.0,0.0,0.0,0.0,0.0,0.0,0.0,0.0,0.0,0.0,0.018187508,0.0019569471,0.0,0.0,0.0,0.0,1.0,0.0,0.0,0.73502576,1.0,1.0,0.08068245,0.0,0.0041838586,0.0,0.0,0.07529029,0.0
0.0,0.0,0.029411765,0.1,0.0,0.0,0.0,0.0,0.0,0.0,0.0,0.0,0.0,0.0,0.0,0.0,0.0,0.0,0.0,0.0,0.0,0.0,0.023570843,0.021526419,1.0,1.0,0.0,0.0,0.09,0.07,0.0,0.7721629,1.0,1.0,0.08669295,0.0,0.0,0.0,0.0,0.08758813,0.0
0.0,0.0,0.04411765,0.3,0.0008681168,0.005423771,0.0,0.0,0.0,0.0,0.0,0.0,0.0,0.0,0.0,0.0,0.0,0.0,0.0,0.0,0.0,0.0056961477,0.010723174,0.0058708414,0.0,0.0,0.33,0.33,1.0,0.0,0.0,0.76141346,1.0,1.0,0.09437976,0.0,0.009873703,0.0,0.0,0.06525406,0.0
0.0,0.0,0.029411765,0.2,0.0,0.0,0.0,0.0,0.0,0.0,0.0,0.0,0.0,0.0,0.0,0.0,0.0,0.0,0.0,0.0,0.0,0.0016669929,0.016955167,0.039138943,0.0,0.0,1.0,1.0,0.21,0.06,0.0,0.7685596,1.0,1.0,0.09115795,0.0,0.0032866448,0.0,0.0,0.077012986,0.0
0.0,0.0,0.13235295,0.8,0.0,3.2691223e-05,0.0,0.0,0.0,0.026567101,0.0,0.0,0.0,0.0,0.0,0.0,0.0,0.0,0.0,0.0,0.0,0.03453192,0.018985987,0.0019569471,1.0,1.0,0.0,0.0,1.0,0.0,0.0,0.83281124,1.0,1.0,0.10627022,0.0,0.0,0.0,0.0,0.09831038,0.0
0.0,0.0,0.13235295,0.5,0.0,0.0,0.0,0.0,0.0,0.0,0.0,0.0,0.0,0.0,0.0,0.0,0.0,0.0,0.0,0.0,0.0,0.0024177134,0.01687868,0.019569471,0.0,0.0,1.0,1.0,0.04,0.07,0.0,0.77154875,1.0,1.0,0.09220406,0.0,0.0020949692,0.0,0.0,0.07944214,0.0
0.0,0.0,0.029411765,0.1,0.0,0.0,0.0,0.0,0.0,0.0,0.0,0.0,0.0,0.0,0.0,0.0,0.0,0.0,0.0,0.0,0.0,0.0,0.023553237,0.031311154,1.0,1.0,0.0,0.0,0.16,0.06,0.0,0.77330077,1.0,1.0,0.08697473,0.0,0.0,0.0,0.0,0.087655604,0.0
0.0,0.0,0.029411765,0.2,0.0,0.0,0.0,0.0,0.0,0.0,0.0,0.0,0.0,0.0,0.0,0.0,0.0,0.0,0.0,0.0,0.0,0.0,0.017216511,0.015655577,0.0,0.0,1.0,1.0,0.07,0.06,0.0,0.762076,1.0,1.0,0.08924907,0.0,0.003075838,0.0,0.0,0.0760518,0.0
0.0,0.0,0.13235295,0.1,0.0,0.0,0.0,0.0,0.0,0.017964333,0.0,0.0,0.0,0.0,0.0,0.0,0.0,0.0,0.0,0.0,0.0,0.02461195,0.020929605,0.23483366,1.0,1.0,0.0,0.0,1.0,0.0,0.0,0.81771564,1.0,1.0,0.10056942,0.0,0.0,0.0,0.0,0.09618643,0.0
0.0,0.0,0.11764706,0.2,0.0,0.0,0.0,0.0,0.0,0.0,0.0,0.0,0.0,0.0,0.0,0.0,0.0,0.0,0.0,0.0,0.0,0.0033893287,0.01683256,0.0332681,0.0,0.0,1.0,1.0,0.09,0.06,0.0,0.7724652,1.0,1.0,0.09240722,0.0,0.0025906414,0.0,0.0,0.07885888,0.0
0.0,0.0,0.029411765,0.2,0.0,0.0,0.0,0.0,0.0,0.0,0.0,0.0,0.0,0.0,0.0,0.0,0.0,0.0,0.0,0.0,0.0,0.0026611686,0.016864486,0.025440313,0.0,0.0,1.0,1.0,0.06,0.06,0.0,0.7716391,1.0,1.0,0.09220602,0.0,0.0023095459,0.0,0.0,0.07914281,0.0
0.015611193,0.0,0.04411765,0.3,0.0012014838,0.0,0.0,0.0,0.0,0.024620563,0.0,0.0,0.0,0.0,0.0,0.0,0.0016122609,0.0069636106,0.0,0.0,0.0,0.044015825,0.009529978,0.14285715,0.0,0.0,1.0,1.0,1.0,0.0,0.0,0.8275733,1.0,1.0,0.11294974,0.0,0.009334788,0.0,0.0,0.07801977,0.0
0.0,0.0,0.029411765,0.1,0.0,0.0,0.0,0.0,0.0,0.0,0.0,0.0,0.0,0.0,0.0,0.0,0.0,0.0,0.0,0.0,0.0,0.0,0.023400381,0.015655577,1.0,1.0,0.0,0.0,0.05,0.1,0.0,0.7761562,1.0,1.0,0.08797013,0.0,0.0,0.0,0.0,0.08886829,0.0
0.0,0.0,0.029411765,0.2,0.0,0.0,0.0,0.0,0.0,0.0,0.0,0.0,0.0,0.0,0.0,0.0,0.0,0.0,0.0,0.0,0.0,0.0,0.017210089,0.015655577,0.0,0.0,1.0,1.0,0.07,0.06,0.0,0.76221824,1.0,1.0,0.089295946,0.0,0.0030547231,0.0,0.0,0.07611033,0.0
0.0,1.0,0.36764705,0.0,1.6044403e-05,0.0,0.0,0.0,0.0,0.0067233443,0.0,0.0,0.0,0.0,0.0,0.0,0.0,0.0,0.0,0.0,0.0,0.018198103,0.015013374,0.8414873,0.0,0.0,0.0,0.0,1.0,0.0,0.0,0.7915,1.0,1.0,0.099177115,0.0,0.0030256957,0.0,0.0,0.08853987,0.0
0.015541887,0.0,0.04411765,0.3,0.0009102015,0.0,0.0,0.0,0.0,0.051609755,0.0,0.0,0.0,0.0,0.0,0.0024241358,0.0044624135,0.03016302,0.0,0.0,0.0,0.07419062,0.008891486,0.04892368,0.2,0.2,0.8,0.8,1.0,0.0,0.0,0.87975013,1.0,1.0,0.12728038,0.0,0.009133339,0.0,0.0,0.087246746,0.0
0.0,0.0,0.25,0.5,0.0,0.0,0.0,0.0,0.0,0.0,0.0,0.0,0.0,0.0,0.0,0.0,0.0,0.0,0.0,0.0,0.0,0.00061768293,0.016994849,0.0332681,0.0,0.0,1.0,1.0,0.15,0.06,0.0,0.7669394,1.0,1.0,0.0907181,0.0,0.0031870753,0.0,0.0,0.07678011,0.0
0.0,0.0,0.8235294,0.2,0.0,0.0,0.0,0.0,0.0,0.0,0.0,0.0,0.0,0.0,0.0,0.0,0.0,0.0,0.0,0.0,0.0,0.005484313,0.016640745,0.039138943,0.0,0.0,1.0,1.0,0.08,0.07,0.0,0.77649283,1.0,1.0,0.093707375,0.0,0.0022203028,0.0,0.0,0.08017889,0.0
0.0,0.0,0.029411765,0.1,0.0,0.0,0.0,0.0,0.0,0.0,0.0,0.0,0.0,0.0,0.0,0.0,0.0,0.0,0.0,0.0,0.0,0.0,0.023806624,0.0039138943,1.0,1.0,0.0,0.0,0.02,0.08,0.0,0.7644026,1.0,1.0,0.084414355,0.0,0.0,0.0,0.0,0.08587611,0.0
1.7326518e-05,0.0,0.22058824,0.0,4.1368454e-05,0.00021769383,0.0,0.0,0.0,0.0,0.0,0.0,0.0,0.0,0.0,0.0,0.0,0.0,0.0,0.0,0.0,0.0,0.014278367,0.0039138943,0.0,0.0,0.0,0.0,1.0,0.0,0.0,0.7456018,1.0,1.0,0.08715289,0.0,0.0064145178,0.0,0.0,0.07085225,0.0
0.0,0.0,0.029411765,0.1,0.0,0.0,0.0,0.0,0.0,0.0,0.0,0.0,0.0,0.0,0.0,0.0,0.0,0.0,0.0,0.0,0.0,0.0,0.023203924,0.015655577,1.0,1.0,0.0,0.0,0.03,0.07,0.0,0.777617,1.0,1.0,0.088634364,0.0,0.0,0.0,0.0,0.08958554,0.0
1.7326518e-05,0.0,0.22058824,0.0,4.1368454e-05,0.00021769383,0.0,0.0,0.0,0.0,0.0,0.0,0.0,0.0,0.0,0.0,0.0,0.0,0.0,0.0,0.0,0.0051575303,0.011521958,0.0039138943,0.0,0.0,0.0,0.0,1.0,0.0,0.0,0.76116896,1.0,1.0,0.09348393,0.0,0.009085029,0.0,0.0,0.06975797,0.0
0.0,0.0,0.13235295,0.5,0.0,0.0,0.0,0.0,0.0,0.0,0.0,0.0,0.0,0.0,0.0,0.0,0.0,0.0,0.0,0.0,0.0,0.004662901,0.016700543,0.03522505,0.0,0.0,1.0,1.0,0.08,0.06,0.0,0.7751074,1.0,1.0,0.09328618,0.0,0.0022242367,0.0,0.0,0.07992092,0.0
0.0,0.0,0.19117647,0.2,0.0,0.0,0.0,0.0,0.0,0.0,0.0,0.0,0.0,0.0,0.0,0.0,0.0,0.0,0.0,0.0,0.0,0.00037568808,0.017015636,0.007827789,0.0,0.0,1.0,1.0,0.02,0.07,0.0,0.7683265,1.0,1.0,0.09125107,0.0,0.0019546598,0.0,0.0,0.07905507,0.0
0.0,0.0,0.13235295,0.5,0.0,0.0,0.0,0.0,0.0,0.0069942474,0.0,0.0,0.0,0.0,0.0,0.0,0.0,0.0,0.0,0.0,0.0,0.017522275,0.016433343,0.011741683,0.0,0.0,1.0,1.0,0.2,0.13,0.0,0.79531026,1.0,1.0,0.09855794,0.0,0.003233552,0.0,0.0,0.08362278,0.0
0.0,0.0,0.04411765,0.0,0.0008681168,0.0061771553,0.0,0.0,0.0,0.0,0.0,0.0,0.0,0.0,0.0,0.0,0.0,0.0,0.0,0.0,0.0,0.010215133,0.010655716,0.009784736,0.0,0.0,0.0,0.0,1.0,0.0,0.4,0.76930416,1.0,1.0,0.09652399,0.0,0.009745106,0.0,0.0,0.06704149,0.0
0.0,0.0,0.13235295,0.8,0.0,3.2691223e-05,0.0,0.0,0.0,0.014991403,0.0,0.0,0.0,0.0,0.0,0.0,0.0,0.0,0.0,0.0,0.0,0.021465302,0.01900965,0.0019569471,1.0,1.0,0.0,0.0,1.0,0.0,0.0,0.81039953,1.0,1.0,0.10038119,0.0,0.0,0.0,0.0,0.0936746,0.0
0.0,0.0,0.029411765,0.2,0.0,0.0,0.0,0.0,0.0,0.0,0.0,0.0,0.0,0.0,0.0,0.0,0.0,0.0,0.0,0.0,0.0,0.00077584386,0.016969897,0.03522505,0.0,0.0,1.0,1.0,0.16,0.06,0.0,0.76720977,1.0,1.0,0.090815,0.0,0.0031730384,0.0,0.0,0.0768666,0.0
0.0,1.0,0.36764705,0.0,1.6426413e-05,0.0,0.0,0.0,0.0,0.00036251545,0.0,0.0,0.0,0.0,0.0,0.0,0.0,0.0,0.0,0.0,0.0,0.012925088,0.014325537,0.24657534,0.0,0.0,0.0,0.0,1.0,0.0,0.0,0.7795721,1.0,1.0,0.09651827,0.0,0.004605755,0.0,0.0,0.083568454,0.0
0.0,0.0,0.029411765,0.1,0.0,0.0,0.0,0.0,0.0,0.0,0.0,0.0,0.0,0.0,0.0,0.0,0.0,0.0,0.0,0.0,0.0,0.0,0.023583561,0.0039138943,1.0,1.0,0.0,0.0,0.01,0.1,0.0,0.7716073,1.0,1.0,0.086591,0.0,0.0,0.0,0.0,0.08776969,0.0
0.0,0.0,0.029411765,0.1,0.0,0.0,0.0,0.0,0.0,0.0,0.0,0.0,0.0,0.0,0.0,0.0,0.0,0.0,0.0,0.0,0.0,0.0,0.023005523,0.03522505,1.0,1.0,0.0,0.0,0.07,0.06,0.0,0.7821076,1.0,1.0,0.09000031,0.0,0.0,0.0,0.0,0.09051895,0.0
0.0,0.0,0.42647058,0.2,0.0,0.0,0.0,0.0,0.0,0.0,0.0,0.0,0.0,0.0,0.0,0.0,0.0,0.0,0.0,0.0,0.0,0.0,0.017148182,0.015655577,0.0,0.0,1.0,1.0,0.06,0.06,0.0,0.76455426,1.0,1.0,0.08999977,0.0,0.0028198957,0.0,0.0,0.07697418,0.0
0.0,0.0,0.5,0.1,0.0,0.0,0.0,0.0,0.0,0.0,0.0,0.0,0.0,0.0,0.0,0.0,0.0,0.0,0.0,0.0,0.0,0.0,0.023089595,0.025440313,1.0,1.0,0.0,0.0,0.05,0.06,0.0,0.7794652,1.0,1.0,0.08924099,0.0,0.0,0.0,0.0,0.090004504,0.0
0.0,0.0,0.25,0.5,0.0,0.0,0.0,0.0,0.0,0.0,0.0,0.0,0.0,0.0,0.0,0.0,0.0,0.0,0.0,0.0,0.0,0.0,0.017220147,0.01369863,0.0,0.0,1.0,1.0,0.06,0.07,0.0,0.76324034,1.0,1.0,0.08955882,0.0,0.002989024,0.0,0.0,0.076458484,0.0
0.0,0.0,0.029411765,0.2,0.0,0.0,0.0,0.0,0.0,0.0,0.0,0.0,0.0,0.0,0.0,0.0,0.0,0.0,0.0,0.0,0.0,6.869435e-05,0.017071232,0.023483366,0.0,0.0,1.0,1.0,0.09,0.06,0.0,0.7663765,1.0,1.0,0.090529434,0.0,0.0029530525,0.0,0.0,0.07709995,0.0
0.0,0.0,0.029411765,0.2,0.0,0.0,0.0,0.0,0.0,0.0,0.0,0.0,0.0,0.0,0.0,0.0,0.0,0.0,0.0,0.0,0.0,0.0027962625,0.016780846,0.021526419,0.0,0.0,1.0,1.0,0.04,0.06,0.0,0.7724714,1.0,1.0,0.092582546,0.0,0.0018717349,0.0,0.0,0.07989392,0.0
0.0,0.0,0.04411765,0.2,0.0,0.0,0.0,0.0,0.0,0.004770577,0.0,0.0,0.0,0.0,0.0,0.0,0.0,0.0,0.0,0.0,0.0,0.015677422,0.016037606,0.037181996,0.0,0.0,1.0,1.0,0.3,0.06,0.0,0.79132426,1.0,1.0,0.09790682,0.0,0.003743589,0.0,0.0,0.08094001,0.0
0.0,0.0,0.029411765,0.1,0.0,0.0,0.0,0.0,0.0,0.0,0.0,0.0,0.0,0.0,0.0,0.0,0.0,0.0,0.0,0.0,0.0,0.0,0.023483083,0.025440313,1.0,1.0,0.0,0.0,0.1,0.07,0.0,0.7747276,1.0,1.0,0.08745726,0.0,0.0,0.0,0.0,0.08820173,0.0
0.0,0.0,0.029411765,0.1,0.0,0.0,0.0,0.0,0.0,0.0,0.0,0.0,0.0,0.0,0.0,0.0,0.0,0.0,0.0,0.0,0.0,0.0,0.023520656,0.031311154,1.0,1.0,0.0,0.0,0.14,0.06,0.0,0.7737436,1.0,1.0,0.08713519,0.0,0.0,0.0,0.0,0.087815285,0.0
0.14110717,0.0,0.13235295,0.0,0.0,1.1144735e-05,0.0,0.0,0.0,0.0,0.0,0.0,0.0,0.0,0.0,0.0,0.0,0.0,0.0,0.0,0.0,0.0,0.034670748,0.0019569471,0.0,0.0,0.0,0.0,1.0,0.0,0.0,0.63690466,0.919773,1.0,0.03708169,0.0,0.009358659,0.0,0.0,0.060965493,0.0
0.0,0.0,0.63235295,0.5,0.0,0.0,0.0,0.0,0.0,0.0,0.0,0.0,0.0,0.0,0.0,0.0,0.0,0.0,0.0,0.0,0.0,0.0,0.017183565,0.01369863,0.0,0.0,1.0,1.0,0.05,0.06,0.0,0.7630863,1.0,1.0,0.08957452,0.0,0.0028996766,0.0,0.0,0.07649204,0.0
0.13972104,0.0,0.13235295,0.0,0.0,1.1144735e-05,0.0,0.0,0.0,0.0,0.0,0.0,0.0,0.0,0.0,0.0,0.0,0.0,0.0,0.0,0.0,0.0,0.033362083,0.0019569471,0.0,0.0,0.0,0.0,1.0,0.0,0.0,0.64242864,0.92690206,1.0,0.039925285,0.0,0.009128287,0.0,0.0,0.061352,0.0
0.013947847,0.0,0.04411765,0.3,0.000876139,7.4298237e-07,0.0,0.0,0.0,0.008683443,0.0,0.0,0.0,0.0,0.0,0.0,0.0,0.0,0.0,0.0,0.0,0.026286751,0.010115735,0.09589041,0.0,0.0,1.0,1.0,1.0,0.0,0.0,0.7970339,1.0,1.0,0.104342915,0.0,0.00950633,0.0,0.0,0.07247943,0.0
0.0,0.0,0.6617647,0.5,0.0,0.0,0.0,0.0,0.0,0.0,0.0,0.0,0.0,0.0,0.0,0.0,0.0,0.0,0.0,0.0,0.0,0.0,0.017027475,0.0058708414,0.0,0.0,1.0,1.0,0.01,0.06,0.0,0.7673948,1.0,1.0,0.090999894,0.0,0.0019680262,0.0,0.0,0.078790784,0.0
0.0,1.0,0.36764705,0.0,8.276875e-06,0.0,0.0,0.0,0.0,0.0028920472,0.0,0.0,0.0,0.0,0.0,0.0,0.0,0.0,0.0,0.0,0.0,0.015137136,0.014685199,0.51663405,0.0,0.0,0.0,0.0,1.0,0.0,0.0,0.78425,1.0,1.0,0.09743451,0.0,0.0040550083,0.0,0.0,0.08600947,0.0
0.035813913,0.0,0.04411765,0.3,0.0008993779,0.0,0.0,0.0,0.0,0.016500711,0.0,0.0,0.0,0.0,0.0,0.0,0.00024925172,0.00013384223,0.0,0.0,0.0,0.035066545,0.010175191,0.019569471,0.0,0.0,1.0,1.0,1.0,0.0,0.0,0.8123498,1.0,1.0,0.10830214,0.0,0.009441659,0.0,0.0,0.07532835,0.0
0.0,0.0,0.029411765,0.2,0.0,0.0,0.0,0.0,0.0,0.0,0.0,0.0,0.0,0.0,0.0,0.0,0.0,0.0,0.0,0.0,0.0,0.0057046115,0.016567752,0.039138943,0.0,0.0,1.0,1.0,0.07,0.05,0.0,0.77714515,1.0,1.0,0.09398904,0.0,0.0020111352,0.0,0.0,0.080544084,0.0
0.0,0.0,0.25,0.5,0.0,0.0,0.0,0.0,0.0,0.0,0.0,0.0,0.0,0.0,0.0,0.0,0.0,0.0,0.0,0.0,0.0,0.0,0.017371334,0.0039138943,0.0,0.0,1.0,1.0,0.02,0.08,0.0,0.76005673,1.0,1.0,0.088572465,0.0,0.0030320734,0.0,0.0,0.07579744,0.0
0.0,0.0,0.22058824,0.1,0.0,0.0,0.0,0.0,0.0,0.0,0.0,0.0,0.0,0.0,0.0,0.0,0.0,0.0,0.0,0.0,0.0,0.0,0.023291446,0.023483366,1.0,1.0,0.0,0.0,0.06,0.06,0.0,0.77676797,1.0,1.0,0.088267185,0.0,0.0,0.0,0.0,0.08903998,0.0
0.0,1.0,0.36764705,0.0,1.6044403e-05,0.0,0.0,0.0,0.0,0.0052581728,0.0,0.0,0.0,0.0,0.0,0.0,0.0,0.0,0.0,0.0,0.0,0.017062992,0.014898501,0.72015655,0.0,0.0,0.0,0.0,1.0,0.0,0.0,0.7887095,1.0,1.0,0.09848515,0.0,0.0034460127,0.0,0.0,0.087662786,0.0
0.0,0.0,0.029411765,0.2,0.0,0.0,0.0,0.0,0.0,0.0,0.0,0.0,0.0,0.0,0.0,0.0,0.0,0.0,0.0,0.0,0.0,0.0,0.017873459,0.021526419,0.0,0.0,1.0,1.0,0.1,0.06,0.0,0.76755846,1.0,1.0,0.090135835,0.0,0.002418533,0.0,0.0,0.07821393,0.0
0.03598718,0.0,0.04411765,0.3,0.001155006,0.0,0.0,0.0,0.0,0.0,0.0,0.0,0.0,0.0,0.0,0.0,0.0,0.0,0.0,0.0,0.0,0.0021055937,0.011181831,0.025440313,0.0,0.0,1.0,1.0,1.0,0.0,0.0,0.7554889,1.0,1.0,0.092364736,0.0,0.00968574,0.0,0.0,0.0654183,0.0
0.0,0.0,0.38235295,0.1,0.0,0.0,0.0,0.0,0.0,0.0,0.0,0.0,0.0,0.0,0.0,0.0,0.0,0.0,0.0,0.0,0.0,0.0,0.0234337,0.017612524,1.0,1.0,0.0,0.0,0.06,0.08,0.0,0.77591395,1.0,1.0,0.08785596,0.0,0.0,0.0,0.0,0.088668585,0.0
0.12700337,0.0,0.13235295,0.0,0.0,3.2691223e-05,0.0,0.0,0.0,0.0,0.0,0.0,0.0,0.0,0.0,0.0,0.0,0.0,0.0,0.0,0.0,0.0,0.017991707,0.0019569471,0.0,0.0,0.0,0.0,1.0,0.0,0.0,0.73743594,1.0,1.0,0.081522815,0.0,0.0042021126,0.0,0.0,0.07520503,0.0
0.13928787,0.0,0.13235295,0.0,0.0,3.2691223e-05,0.0,0.0,0.0,0.0,0.0,0.0,0.0,0.0,0.0,0.0,0.0,0.0,0.0,0.0,0.0,0.0,0.020959765,0.0019569471,0.0,0.0,0.0,0.0,1.0,0.0,0.0,0.7282028,1.0,1.0,0.07672597,0.0,0.0014136434,0.0,0.0,0.07627973,0.0
0.0,0.0,0.04411765,0.0,0.0008681168,0.0061771553,0.0,0.0,0.0,0.0,0.0,0.0,0.0,0.0,0.0,0.0,0.0,0.0,0.0,0.0,0.0,0.008098513,0.010718621,0.007827789,0.0,0.0,0.25,0.25,1.0,0.0,0.0,0.76565814,1.0,1.0,0.09550414,0.0,0.009759054,0.0,0.0,0.06640014,0.0
0.0,0.0,0.029411765,0.2,0.0,0.0,0.0,0.0,0.0,0.0,0.0,0.0,0.0,0.0,0.0,0.0,0.0,0.0,0.0,0.0,0.0,0.001758188,0.01693727,0.0332681,0.0,0.0,1.0,1.0,0.12,0.06,0.0,0.76918066,1.0,1.0,0.09139063,0.0,0.002966389,0.0,0.0,0.07760489,0.0
0.0,0.0,0.0,0.1,0.0,0.0,0.0,0.0,0.0,0.0,0.0,0.0,0.0,0.0,0.0,0.0,0.0,0.0,0.0,0.0,0.0,0.0,0.023616247,0.0058708414,1.0,1.0,0.0,0.0,0.02,0.09,0.0,0.77112305,1.0,1.0,0.08641217,0.0,0.0,0.0,0.0,0.087587714,0.0
0.0,0.0,0.029411765,0.2,0.0,0.0,0.0,0.0,0.0,0.0,0.0,0.0,0.0,0.0,0.0,0.0,0.0,0.0,0.0,0.0,0.0,0.00028982759,0.017059192,0.029354207,0.0,0.0,1.0,1.0,0.14,0.07,0.0,0.76641953,1.0,1.0,0.09051577,0.0,0.003174603,0.0,0.0,0.07678124,0.0
0.0,0.0,0.029411765,0.2,0.0,0.0,0.0,0.0,0.0,0.0,0.0,0.0,0.0,0.0,0.0,0.0,0.0,0.0,0.0,0.0,0.0,0.0019223094,0.016883597,0.025440313,0.0,0.0,1.0,1.0,0.06,0.07,0.0,0.77025175,1.0,1.0,0.09181508,0.0,0.0024033934,0.0,0.0,0.07866919,0.0
0.0,0.0,0.0,0.2,0.0,0.0,0.0,0.0,0.0,0.004619479,0.0,0.0,0.0,0.0,0.0,0.0,0.0,0.0,0.0,0.0,0.0,0.015440047,0.016014174,0.037181996,0.0,0.0,1.0,1.0,0.25,0.05,0.0,0.7909975,1.0,1.0,0.097859554,0.0,0.0036878884,0.0,0.0,0.080880314,0.0
0.0,1.0,0.36764705,0.0,1.6044403e-05,0.0,0.0,0.0,0.0,0.004596472,0.0,0.0,0.0,0.0,0.0,0.0,0.0,0.0,0.0,0.0,0.0,0.016550303,0.014846683,0.66536206,0.0,0.0,0.0,0.0,1.0,0.0,0.0,0.7874495,1.0,1.0,0.09817263,0.0,0.003635794,0.0,0.0,0.08726668,0.0
0.0,0.0,0.029411765,0.1,0.0,0.0,0.0,0.0,0.0,0.0,0.0,0.0,0.0,0.0,0.0,0.0,0.0,0.0,0.0,0.0,0.0,0.0,0.023292802,0.03522505,1.0,1.0,0.0,0.0,0.12,0.1,0.0,0.7800169,1.0,1.0,0.08904045,0.0,0.0,0.0,0.0,0.08947921,0.0
0.0,0.0,0.13235295,0.8,0.0,3.2691223e-05,0.0,0.0,0.0,0.0,0.0,0.0,0.0,0.0,0.0,0.0,0.0,0.0,0.0,0.0,0.0,0.0,0.028014176,0.0019569471,1.0,1.0,0.0,0.0,1.0,0.0,0.0,0.66642296,0.9575847,1.0,0.052277423,0.0,0.0064926147,0.0,0.0,0.064549044,0.0
0.0,0.0,0.42647058,0.1,0.0,0.0,0.0,0.0,0.0,0.0,0.0,0.0,0.0,0.0,0.0,0.0,0.0,0.0,0.0,0.0,0.0,0.0,0.023302078,0.039138943,1.0,1.0,0.0,0.0,0.13,0.06,0.0,0.77827275,1.0,1.0,0.088561736,0.0,0.0,0.0,0.0,0.08903456,0.0
0.0,0.0,0.04411765,0.0,0.0008681168,0.0061771553,0.0,0.0,0.0,0.0,0.0,0.0,0.0,0.0,0.0,0.0,0.0,0.0,0.0,0.0,0.0,0.005501002,0.0107494,0.037181996,0.0,0.0,0.0,0.0,1.0,0.0,0.16,0.76114833,1.0,1.0,0.094287924,0.0,0.009805575,0.0,0.0,0.06545982,0.0
0.0,1.0,0.36764705,0.0,1.6426413e-05,0.0,0.0,0.0,0.0,0.0069596767,0.0,0.0,0.0,0.0,0.0,0.0,0.0,0.0,0.0,0.0,0.0,0.018381208,0.015031867,0.86105675,0.0,0.0,0.0,0.0,1.0,0.0,0.0,0.7919501,1.0,1.0,0.099288754,0.0,0.0029579103,0.0,0.0,0.08868131,0.0
1.7326518e-05,0.0,0.22058824,0.0,4.1368454e-05,0.00021769383,0.0,0.0,0.0,0.0,0.0,0.0,0.0,0.0,0.0,0.0,0.0,0.0,0.0,0.0,0.0,0.0,0.014194146,0.0058708414,0.0,0.0,0.0,0.0,1.0,0.0,0.0,0.74648654,1.0,1.0,0.087443106,0.0,0.006492287,0.0,0.0,0.07114583,0.0
0.0,0.0,0.029411765,0.1,0.0,0.0,0.0,0.0,0.0,0.0,0.0,0.0,0.0,0.0,0.0,0.0,0.0,0.0,0.0,0.0,0.0,0.0,0.02374439,0.0039138943,1.0,1.0,0.0,0.0,0.05,0.19,0.0,0.7736424,1.0,1.0,0.08685567,0.0,0.0,0.0,0.0,0.08783528,0.0
0.0,0.0,0.029411765,0.2,0.0,0.0,0.0,0.0,0.0,0.0,0.0,0.0,0.0,0.0,0.0,0.0,0.0,0.0,0.0,0.0,0.0,0.001624316,0.01695007,0.0332681,0.0,0.0,0.99,1.0,0.13,0.07,0.0,0.768896,1.0,1.0,0.091296785,0.0,0.0030086637,0.0,0.0,0.077487886,0.0
0.0,0.0,0.0882353,0.2,0.0,0.0,0.0,0.0,0.0,0.0,0.0,0.0,0.0,0.0,0.0,0.0,0.0,0.0,0.0,0.0,0.0,0.006245494,0.016619496,0.039138943,0.0,0.0,1.0,1.0,0.08,0.06,0.0,0.77792764,1.0,1.0,0.09411401,0.0,0.0021194518,0.0,0.0,0.080671996,0.0
0.0,0.0,0.8382353,0.5,0.0,0.0,0.0,0.0,0.0,0.0,0.0,0.0,0.0,0.0,0.0,0.0,0.0,0.0,0.0,0.0,0.0,0.0,0.017154686,0.019569471,0.0,0.0,1.0,1.0,0.09,0.08,0.0,0.76446927,1.0,1.0,0.08993613,0.0,0.0030344874,0.0,0.0,0.076627314,0.0
0.0,0.0,0.029411765,0.2,0.0,0.0,0.0,0.0,0.0,0.0,0.0,0.0,0.0,0.0,0.0,0.0,0.0,0.0,0.0,0.0,0.0,0.0026066303,0.016916849,0.039138943,0.0,0.0,1.0,1.0,0.18,0.06,0.0,0.7703738,1.0,1.0,0.0916897,0.0,0.003129378,0.0,0.0,0.0776622,0.0
0.0,0.0,0.13235295,0.8,0.0,3.2691223e-05,0.0,0.0,0.0,0.02624327,0.0,0.0,0.0,0.0,0.0,0.0,0.0,0.0,0.0,0.0,0.0,0.034220368,0.019066736,0.0019569471,1.0,1.0,0.0,0.0,1.0,0.0,0.0,0.83225226,1.0,1.0,0.10604068,0.0,0.0,0.0,0.0,0.09824845,0.0
0.0,0.0,0.029411765,0.2,0.0,0.0,0.0,0.0,0.0,0.0,0.0,0.0,0.0,0.0,0.0,0.0,0.0,0.0,0.0,0.0,0.0,0.0036406517,0.016780265,0.023483366,0.0,0.0,1.0,1.0,0.05,0.06,0.0,0.77378786,1.0,1.0,0.09290687,0.0,0.001964286,0.0,0.0,0.08005124,0.0
0.0,0.0,0.13235295,0.5,0.0,0.0,0.0,0.0,0.0,0.0,0.0,0.0,0.0,0.0,0.0,0.0,0.0,0.0,0.0,0.0,0.0,0.00037533045,0.017027639,0.0058708414,0.0,0.0,1.0,1.0,0.01,0.07,0.0,0.76835537,1.0,1.0,0.091250114,0.0,0.0019375831,0.0,0.0,0.07908884,0.0
0.0,0.0,0.029411765,0.2,0.0,0.0,0.0,0.0,0.0,0.0,0.0,0.0,0.0,0.0,0.0,0.0,0.0,0.0,0.0,0.0,0.0,0.00430122,0.016693257,0.0332681,0.0,0.0,1.0,1.0,0.07,0.06,0.0,0.7745881,1.0,1.0,0.09317372,0.0,0.0021630377,0.0,0.0,0.07982901,0.0
0.0,0.0,0.029411765,0.1,0.0,0.0,0.0,0.0,0.0,0.0,0.0,0.0,0.0,0.0,0.0,0.0,0.0,0.0,0.0,0.0,0.0,0.0,0.022260316,0.0058708414,0.62,1.0,0.38,0.0,0.01,0.07,0.0,0.76561403,1.0,1.0,0.08621476,0.0,0.0,0.0,0.0,0.08473992,0.0
0.0,0.0,0.14705883,0.1,0.0,0.0,0.0,0.0,0.0,0.0,0.0,0.0,0.0,0.0,0.0,0.0,0.0,0.0,0.0,0.0,0.0,0.0,0.023110785,0.0039138943,1.0,1.0,0.0,0.0,0.09,0.09,0.0,0.7231797,1.0,1.0,0.07386383,0.0,0.0,0.0,0.0,0.076023936,0.0
0.0,0.0,0.029411765,0.1,0.0,0.0,0.0,0.0,0.0,0.0,0.0,0.0,0.0,0.0,0.0,0.0,0.0,0.0,0.0,0.0,0.0,0.0,0.02336812,0.031311154,1.0,1.0,0.0,0.0,0.1,0.06,0.0,0.7764162,1.0,1.0,0.088035844,0.0,0.0,0.0,0.0,0.08868304,0.0
0.0,0.0,0.7352941,0.5,0.0,0.0,0.0,0.0,0.0,0.0,0.0,0.0,0.0,0.0,0.0,0.0,0.0,0.0,0.0,0.0,0.0,0.0042179525,0.016672507,0.031311154,0.0,0.0,1.0,1.0,0.06,0.05,0.0,0.77470624,1.0,1.0,0.093256034,0.0,0.0019696504,0.0,0.0,0.08016473,0.0
0.0,0.0,0.029411765,0.2,0.0,0.0,0.0,0.0,0.0,0.0,0.0,0.0,0.0,0.0,0.0,0.0,0.0,0.0,0.0,0.0,0.0,0.0019026399,0.016937904,0.017612524,0.0,0.0,1.0,1.0,0.04,0.07,0.0,0.7705194,1.0,1.0,0.09185692,0.0,0.0022218376,0.0,0.0,0.07904348,0.0
0.0,0.0,0.14705883,0.5,0.0,0.0,0.0,0.0,0.0,0.0,0.0,0.0,0.0,0.0,0.0,0.0,0.0,0.0,0.0,0.0,0.0,0.001255691,0.016999982,0.017612524,0.0,0.0,1.0,1.0,0.05,0.06,0.0,0.7691438,1.0,1.0,0.09140333,0.0,0.0024261624,0.0,0.0,0.07847771,0.0
0.0,0.0,0.029411765,0.2,0.0,0.0,0.0,0.0,0.0,0.0,0.0,0.0,0.0,0.0,0.0,0.0,0.0,0.0,0.0,0.0,0.0,0.0056444407,0.016606435,0.03522505,0.0,0.0,1.0,1.0,0.06,0.06,0.0,0.7771944,1.0,1.0,0.093974374,0.0,0.0019141287,0.0,0.0,0.080779254,0.0
1.7326518e-05,0.0,0.22058824,0.0,4.1368454e-05,0.00021769383,0.0,0.0,0.0,0.0,0.0,0.0,0.0,0.0,0.0,0.0,0.0,0.0,0.0,0.0,0.0,0.0,0.013932474,0.0039138943,0.0,0.0,0.0,0.0,1.0,0.0,0.0,0.74912274,1.0,1.0,0.08831792,0.0,0.006732136,0.0,0.0,0.07199806,0.0
0.0,1.0,0.36764705,0.0,1.6044403e-05,0.0,0.0,0.0,0.0,0.0015363693,0.0,0.0,0.0,0.0,0.0,0.0,0.0,0.0,0.0,0.0,0.0,0.013928175,0.014531247,0.39138943,0.0,0.0,0.0,0.0,1.0,0.0,0.0,0.78174794,1.0,1.0,0.09690868,0.0,0.004324645,0.0,0.0,0.084792614,0.0
0.0,0.0,0.029411765,0.2,0.0,0.0,0.0,0.0,0.0,0.0,0.0,0.0,0.0,0.0,0.0,0.0,0.0,0.0,0.0,0.0,0.0,0.005172044,0.016670622,0.039138943,0.0,0.0,1.0,1.0,0.09,0.06,0.0,0.7758287,1.0,1.0,0.09348846,0.0,0.0023189932,0.0,0.0,0.07990578,0.0
0.0,0.0,0.13235295,0.8,0.0,3.2691223e-05,0.0,0.0,0.0,0.0,0.0,0.0,0.0,0.0,0.0,0.0,0.0,0.0,0.0,0.0,0.0,0.0,0.029734492,0.0019569471,1.0,1.0,0.0,0.0,1.0,0.0,0.0,0.65856504,0.94753724,1.0,0.04824025,0.0,0.0074489266,0.0,0.0,0.06346741,0.0
0.0,0.0,0.0882353,0.2,0.0,0.0,0.0,0.0,0.0,0.0,0.0,0.0,0.0,0.0,0.0,0.0,0.0,0.0,0.0,0.0,0.0,0.000844568,0.017043568,0.011741683,0.0,0.0,1.0,1.0,0.03,0.08,0.0,0.7687421,1.0,1.0,0.091283254,0.0,0.0022203922,0.0,0.0,0.07881451,0.0
0.0,0.0,0.029411765,0.2,0.0,0.0,0.0,0.0,0.0,0.0,0.0,0.0,0.0,0.0,0.0,0.0,0.0,0.0,0.0,0.0,0.0,0.0021859705,0.016877316,0.029354207,0.0,0.0,1.0,1.0,0.08,0.06,0.0,0.7704514,1.0,1.0,0.09184528,0.0,0.002575636,0.0,0.0,0.078439444,0.0
0.0,0.0,0.04411765,0.1,0.0,0.0,0.0,0.0,0.0,0.057320774,0.0,0.0,0.0,0.0,0.0,0.0,0.0021231398,0.024525136,0.0,0.0,0.0,0.0711976,0.016851828,0.19178082,1.0,1.0,0.0,0.0,1.0,0.0,0.0,0.891304,1.0,1.0,0.123452865,0.0,0.00071181357,0.0,0.0,0.10810125,0.0
0.14159231,0.0,0.13235295,0.0,0.0,1.1144735e-05,0.0,0.0,0.0,0.0,0.0,0.0,0.0,0.0,0.0,0.0,0.0,0.0,0.0,0.0,0.0,0.0,0.03581065,0.0019569471,0.0,0.0,0.0,0.0,1.0,0.0,0.0,0.63200426,0.9134362,1.0,0.034569837,0.0,0.009599701,0.0,0.0,0.060648635,0.0
0.036004506,0.0,0.04411765,0.3,0.001155006,0.0,0.0,0.0,0.0,0.0,0.0,0.0,0.0,0.0,0.0,0.0,0.0,0.0,0.0,0.0,0.0,0.015271753,0.010699935,0.021526419,0.0,0.0,1.0,1.0,1.0,0.0,0.0,0.77808297,1.0,1.0,0.09877714,0.0,0.009678736,0.0,0.0,0.06897351,0.0
0.0,0.0,0.029411765,0.1,0.0,0.0,0.0,0.0,0.0,0.0,0.0,0.0,0.0,0.0,0.0,0.0,0.0,0.0,0.0,0.0,0.0,0.0,0.023493893,0.031311154,1.0,1.0,0.0,0.0,0.13,0.07,0.0,0.77410626,1.0,1.0,0.0872665,0.0,0.0,0.0,0.0,0.08794594,0.0
0.0,0.0,0.029411765,0.2,0.0,0.0,0.0,0.0,0.0,0.0,0.0,0.0,0.0,0.0,0.0,0.0,0.0,0.0,0.0,0.0,0.0,0.0010812283,0.016997792,0.01369863,0.0,0.0,1.0,1.0,0.03,0.06,0.0,0.7691339,1.0,1.0,0.09143566,0.0,0.002225712,0.0,0.0,0.07878548,0.0
0.0,0.0,0.04411765,0.0,0.0008681168,0.0061771553,0.0,0.0,0.0,0.0,0.0,0.0,0.0,0.0,0.0,0.0,0.0,0.0,0.0,0.0,0.0,0.009307414,0.010610156,0.03522505,0.0,0.0,0.0,0.0,1.0,0.0,0.11,0.76763904,1.0,1.0,0.096129574,0.0,0.009821698,0.0,0.0,0.06646091,0.0
0.0,0.0,0.30882353,0.1,0.0,0.0,0.0,0.0,0.0,0.0,0.0,0.0,0.0,0.0,0.0,0.0,0.0,0.0,0.0,0.0,0.0,0.0,0.023322642,0.039138943,1.0,1.0,0.0,0.0,0.14,0.06,0.0,0.7785766,1.0,1.0,0.088623874,0.0,0.0,0.0,0.0,0.0890311,0.0
0.0,0.0,0.029411765,0.5,0.0,0.0,0.0,0.0,0.0,0.0,0.0,0.0,0.0,0.0,0.0,0.0,0.0,0.0,0.0,0.0,0.0,0.0014458299,0.016967237,0.0332681,0.0,0.0,1.0,1.0,0.14,0.07,0.0,0.76851654,1.0,1.0,0.091171645,0.0,0.0030650198,0.0,0.0,0.07733181,0.0
0.0,0.0,0.04411765,0.1,0.0,0.0,0.0,0.0,0.0,0.04250601,0.0,0.0,0.0,0.0,0.0,0.0,0.0017471164,0.017612934,0.0,0.0,0.0,0.05936286,0.013601795,0.078277886,0.85,0.85,0.12,0.12,1.0,0.0,0.0,0.86302257,1.0,1.0,0.11875423,0.0,0.0049981475,0.0,0.0,0.09324244,0.0
0.035935197,0.0,0.04411765,0.3,0.001131767,0.0,0.0,0.0,0.0,0.022746444,0.0,0.0,0.0,0.0,0.0,0.0,0.0010000989,0.00557968,0.0,0.0,0.0,0.042054176,0.009956822,0.015655577,0.0,0.0,1.0,1.0,1.0,0.0,0.0,0.82439744,1.0,1.0,0.11168393,0.0,0.009408429,0.0,0.0,0.07733235,0.0
0.0,0.0,0.029411765,0.2,0.0,0.0,0.0,0.0,0.0,0.02811265,0.0,0.0,0.0,0.0,0.0,0.0,0.00074121356,0.00056669116,0.0,0.0,0.0,0.037911415,0.016336158,0.025440313,0.0,0.0,1.0,1.0,0.39,0.06,0.0,0.8340435,1.0,1.0,0.108940445,0.0,0.0008161366,0.0,0.0,0.09653783,0.0
0.0,1.0,0.36764705,0.0,1.6426413e-05,0.0,0.0,0.0,0.0,0.0,0.0,0.0,0.0,0.0,0.0,0.0,0.0,0.0,0.0,0.0,0.0,0.0,0.018450536,1.0,0.0,0.0,0.0,0.0,1.0,0.0,0.0,0.75481,1.0,1.0,0.08629673,0.0,0.0021435618,0.0,0.0,0.08144176,0.0
0.0,0.0,0.23529412,0.2,0.0,0.0,0.0,0.0,0.0,0.0,0.0,0.0,0.0,0.0,0.0,0.0,0.0,0.0,0.0,0.0,0.0,0.0,0.019397564,0.0039138943,0.12,0.5,0.88,0.5,0.01,0.07,0.0,0.7655308,1.0,1.0,0.08853694,0.0,0.0,0.0,0.0,0.08166218,0.0
0.0,0.0,0.029411765,0.1,0.0,0.0,0.0,0.0,0.0,0.0,0.0,0.0,0.0,0.0,0.0,0.0,0.0,0.0,0.0,0.0,0.0,0.0,0.023662843,0.017612524,1.0,1.0,0.0,0.0,0.09,0.06,0.0,0.77099717,1.0,1.0,0.0862773,0.0,0.0,0.0,0.0,0.08718288,0.0
0.14055271,0.0,0.13235295,0.0,0.0,1.1144735e-05,0.0,0.0,0.0,0.0,0.0,0.0,0.0,0.0,0.0,0.0,0.0,0.0,0.0,0.0,0.0,0.0,0.03405448,0.0019569471,0.0,0.0,0.0,0.0,1.0,0.0,0.0,0.6394791,0.92310405,1.0,0.038405254,0.0,0.009288028,0.0,0.0,0.06110573,0.0
0.0,0.0,0.029411765,0.2,0.0,0.0,0.0,0.0,0.0,0.0,0.0,0.0,0.0,0.0,0.0,0.0,0.0,0.0,0.0,0.0,0.0,0.002703786,0.016870186,0.023483366,0.0,0.0,1.0,1.0,0.05,0.07,0.0,0.77179575,1.0,1.0,0.09224994,0.0,0.0022601783,0.0,0.0,0.07923192,0.0
0.013947847,0.0,0.04411765,0.3,0.00094585575,7.4298237e-07,0.0,0.0,0.0,0.0144853,0.0,0.0,0.0,0.0,0.0,0.0,0.0003010407,0.0,0.0,0.0,0.0,0.032649964,0.0099927485,0.10958904,0.04,0.04,0.96,0.96,1.0,0.0,0.0,0.80811167,1.0,1.0,0.107377745,0.0,0.009363428,0.0,0.0,0.074834555,0.0
0.0,0.0,0.029411765,0.1,0.0,0.0,0.0,0.0,0.0,0.0,0.0,0.0,0.0,0.0,0.0,0.0,0.0,0.0,0.0,0.0,0.0,0.0,0.023573302,0.025440313,1.0,1.0,0.0,0.0,0.12,0.07,0.0,0.7729008,1.0,1.0,0.08686293,0.0,0.0,0.0,0.0,0.087638795,0.0
0.0,0.0,0.04411765,0.0,0.0008681168,0.0061771553,0.0,0.0,0.0,0.0,0.0,0.0,0.0,0.0,0.0,0.0,0.0,0.0,0.0,0.0,0.0,0.006559372,0.010717891,0.007827789,0.0,0.0,0.33,0.25,1.0,0.0,0.5,0.7629714,1.0,1.0,0.09479787,0.0,0.009798631,0.0,0.0,0.06578058,0.0
1.7326518e-05,0.0,0.22058824,0.0,4.1368454e-05,0.00021769383,0.0,0.0,0.0,0.0,0.0,0.0,0.0,0.0,0.0,0.0,0.0,0.0,0.0,0.0,0.0,0.0,0.013147123,0.0039138943,0.0,0.0,0.0,0.0,1.0,0.0,0.0,0.75424373,1.0,1.0,0.090249784,0.0,0.00747554,0.0,0.0,0.07322717,0.0
0.0,0.0,0.04411765,0.1,0.0,0.0,0.0,0.0,0.0,0.056832373,0.0,0.0,0.0,0.0,0.0,0.0,0.0019086674,0.023415536,0.0,0.0,0.0,0.06938487,0.017976806,0.18590999,1.0,1.0,0.0,0.0,1.0,0.0,0.0,0.89075184,1.0,1.0,0.12236447,0.0,0.0,0.0,0.0,0.109678835,0.0
0.0,0.0,0.4117647,0.2,0.0,0.0,0.0,0.0,0.0,0.0,0.0,0.0,0.0,0.0,0.0,0.0,0.0,0.0,0.0,0.0,0.0,0.0,0.017732099,0.0039138943,0.0,0.0,1.0,1.0,0.02,0.08,0.0,0.7438127,1.0,1.0,0.08391414,0.0,0.0033266991,0.0,0.0,0.072562814,0.0
0.0,1.0,0.36764705,0.0,1.6426413e-05,0.0,0.0,0.0,0.0,0.0046673417,0.0,0.0,0.0,0.0,0.0,0.0,0.0,0.0,0.0,0.0,0.0,0.016605288,0.014852196,0.6712329,0.0,0.0,0.0,0.0,1.0,0.0,0.0,0.78758454,1.0,1.0,0.09820611,0.0,0.0036154985,0.0,0.0,0.08730909,0.0
0.0,0.0,0.029411765,0.2,0.0,0.0,0.0,0.0,0.0,0.0,0.0,0.0,0.0,0.0,0.0,0.0,0.0,0.0,0.0,0.0,0.0,0.004843384,0.017029278,0.02739726,0.11,0.0,0.89,1.0,0.05,0.06,0.0,0.776358,1.0,1.0,0.093364395,0.0,0.0017199963,0.0,0.0,0.08105442,0.0
0.0,0.0,0.5588235,0.5,0.0,0.0,0.0,0.0,0.0,0.0,0.0,0.0,0.0,0.0,0.0,0.0,0.0,0.0,0.0,0.0,0.0,0.0002695322,0.01705192,0.023483366,0.0,0.0,1.0,1.0,0.09,0.06,0.0,0.7668035,1.0,1.0,0.090670235,0.0,0.002889648,0.0,0.0,0.077275574,0.0
0.0,1.0,0.36764705,0.0,1.6044403e-05,0.0,0.0,0.0,0.0,0.0004349351,0.0,0.0,0.0,0.0,0.0,0.0,0.0,0.0,0.0,0.0,0.0,0.012945861,0.0144061595,0.28962818,0.0,0.0,0.0,0.0,1.0,0.0,0.0,0.7797148,1.0,1.0,0.096481495,0.0,0.0045437813,0.0,0.0,0.08380392,0.0
0.0,0.0,0.5294118,0.2,0.0,0.0,0.0,0.0,0.0,0.0003837943,0.0,0.0,0.0,0.0,0.0,0.0,0.0,0.0,0.0,0.0,0.0,0.0067722797,0.018795185,0.017612524,0.77,0.0,0.23,1.0,0.04,0.07,0.0,0.78317106,1.0,1.0,0.09365716,0.0,0.00015410781,0.0,0.0,0.08489427,0.0
0.0,0.0,0.5441176,0.1,0.0,0.0,0.0,0.0,0.0,0.0,0.0,0.0,0.0,0.0,0.0,0.0,0.0,0.0,0.0,0.0,0.0,0.0,0.023484804,0.021526419,1.0,1.0,0.0,0.0,0.07,0.05,0.0,0.7733307,1.0,1.0,0.08711598,0.0,0.0,0.0,0.0,0.08800903,0.0
0.0,0.0,0.029411765,0.1,0.0,0.0,0.0,0.0,0.0,0.0,0.0,0.0,0.0,0.0,0.0,0.0,0.0,0.0,0.0,0.0,0.0,0.0,0.023187771,0.011741683,1.0,1.0,0.0,0.0,0.02,0.06,0.0,0.77646184,1.0,1.0,0.08838069,0.0,0.0,0.0,0.0,0.08947995,0.0
0.0,0.0,0.029411765,0.2,0.0,0.0,0.0,0.0,0.0,0.0,0.0,0.0,0.0,0.0,0.0,0.0,0.0,0.0,0.0,0.0,0.0,0.0,0.017243735,0.01369863,0.0,0.0,1.0,1.0,0.06,0.07,0.0,0.76271856,1.0,1.0,0.089386754,0.0,0.0030665696,0.0,0.0,0.07624391,0.0
0.0,0.0,0.29411766,0.1,0.0,0.0,0.0,0.0,0.0,0.0,0.0,0.0,0.0,0.0,0.0,0.0,0.0,0.0,0.0,0.0,0.0,0.0,0.022996567,0.03522505,1.0,1.0,0.0,0.0,0.07,0.06,0.0,0.78222835,1.0,1.0,0.0900441,0.0,0.0,0.0,0.0,0.09056246,0.0
0.0,0.0,0.5588235,0.5,0.0,0.0,0.0,0.0,0.0,0.0,0.0,0.0,0.0,0.0,0.0,0.0,0.0,0.0,0.0,0.0,0.0,0.0041167736,0.018481024,0.037181996,0.32,0.0,0.68,1.0,0.18,0.06,0.0,0.7760676,1.0,1.0,0.0918647,0.0,0.0017341971,0.0,0.0,0.080997735,0.0
0.0,0.0,0.029411765,0.2,0.0,0.0,0.0,0.0,0.0,0.0,0.0,0.0,0.0,0.0,0.0,0.0,0.0,0.0,0.0,0.0,0.0,0.0,0.017093293,0.021526419,0.0,0.0,1.0,1.0,0.08,0.07,0.0,0.7655461,1.0,1.0,0.09029891,0.0,0.0029006451,0.0,0.0,0.07704556,0.0
0.0,0.0,0.029411765,0.2,0.0,0.0,0.0,0.0,0.0,0.0,0.0,0.0,0.0,0.0,0.0,0.0,0.0,0.0,0.0,0.0,0.0,0.0,0.017132543,0.017612524,0.0,0.0,1.0,1.0,0.07,0.06,0.0,0.76524246,1.0,1.0,0.09018334,0.0,0.0028935224,0.0,0.0,0.0769701,0.0
0.14117648,0.0,0.13235295,0.0,0.0,1.1144735e-05,0.0,0.0,0.0,0.0,0.0,0.0,0.0,0.0,0.0,0.0,0.0,0.0,0.0,0.0,0.0,0.0,0.034594007,0.0019569471,0.0,0.0,0.0,0.0,1.0,0.0,0.0,0.63724566,0.92022055,1.0,0.037253596,0.0,0.009349093,0.0,0.0,0.060963184,0.0
0.0,0.0,0.029411765,0.1,0.0,0.0,0.0,0.0,0.0,0.0,0.0,0.0,0.0,0.0,0.0,0.0,0.0,0.0,0.0,0.0,0.0,0.0,0.023789443,0.0019569471,1.0,1.0,0.0,0.0,0.01,0.08,0.0,0.7661933,1.0,1.0,0.08492615,0.0,0.0,0.0,0.0,0.08631259,0.0
0.0,0.0,0.029411765,0.1,0.0,0.0,0.0,0.0,0.0,0.0,0.0,0.0,0.0,0.0,0.0,0.0,0.0,0.0,0.0,0.0,0.0,0.0,0.02359844,0.0039138943,1.0,1.0,0.0,0.0,0.01,0.1,0.0,0.77140605,1.0,1.0,0.08651801,0.0,0.0,0.0,0.0,0.08769712,0.0
0.0,0.0,0.14705883,0.5,0.0,0.0,0.0,0.0,0.0,0.0,0.0,0.0,0.0,0.0,0.0,0.0,0.0,0.0,0.0,0.0,0.0,0.0010156333,0.01693333,0.009784736,0.0,0.0,1.0,1.0,0.02,0.06,0.0,0.76953924,1.0,1.0,0.09167143,0.0,0.001851365,0.0,0.0,0.07936099,0.0
0.0,0.0,0.25,0.5,0.0,0.0,0.0,0.0,0.0,0.0,0.0,0.0,0.0,0.0,0.0,0.0,0.0,0.0,0.0,0.0,0.0,0.0,0.017272219,0.011741683,0.0,0.0,1.0,1.0,0.05,0.08,0.0,0.7617458,1.0,1.0,0.089109294,0.0,0.0030352324,0.0,0.0,0.0761309,0.0
0.0,0.0,0.5735294,0.1,0.0,0.0,0.0,0.0,0.0,0.0,0.0,0.0,0.0,0.0,0.0,0.0,0.0,0.0,0.0,0.0,0.0,0.0,0.023577765,0.011741683,1.0,1.0,0.0,0.0,0.04,0.06,0.0,0.77056754,1.0,1.0,0.08631288,0.0,0.0,0.0,0.0,0.08745104,0.0
0.0,0.0,0.029411765,0.2,0.0,0.0,0.0,0.0,0.0,0.0,0.0,0.0,0.0,0.0,0.0,0.0,0.0,0.0,0.0,0.0,0.0,0.004506767,0.016715541,0.03522505,0.0,0.0,1.0,1.0,0.08,0.06,0.0,0.77477527,1.0,1.0,0.093176685,0.0,0.0022735894,0.0,0.0,0.07978433,0.0
0.015645847,0.0,0.04411765,0.3,0.00094585575,0.0,0.0,0.0,0.0,0.0,0.0,0.0,0.0,0.0,0.0,0.0,0.0,0.0,0.0,0.0,0.0,0.008908808,0.010620758,0.039138943,0.05,0.05,0.9,0.9,1.0,0.0,0.0,0.7669834,1.0,1.0,0.0959452,0.0,0.009796277,0.0,0.0,0.0664621,0.0
0.0,0.0,0.04411765,0.1,0.0,0.0,0.0,0.0,0.0,0.058407366,0.0,0.0,0.0,0.0,0.0,0.0,0.0022462755,0.024784505,0.0,0.0,0.0,0.07155228,0.017391779,0.23091976,1.0,1.0,0.0,0.0,1.0,0.0,0.0,0.89342487,1.0,1.0,0.12358273,0.0,0.0,0.0,0.0,0.10976586,0.0
0.0,1.0,0.36764705,0.0,1.6426413e-05,0.0,0.0,0.0,0.0,0.0,0.0,0.0,0.0,0.0,0.0,0.0,0.0,0.0,0.0,0.0,0.0,0.011850238,0.01426667,0.17612524,0.0,0.0,0.0,0.0,1.0,0.0,0.0,0.7774472,1.0,1.0,0.09600491,0.0,0.0047881156,0.0,0.0,0.08270112,0.0
0.0,0.0,0.029411765,0.1,0.0,0.0,0.0,0.0,0.0,0.0,0.0,0.0,0.0,0.0,0.0,0.0,0.0,0.0,0.0,0.0,0.0,0.0,0.023179911,0.037181996,1.0,1.0,0.0,0.0,0.1,0.09,0.0,0.7815058,1.0,1.0,0.089576565,0.0,0.0,0.0,0.0,0.09000835,0.0
0.015593867,0.0,0.04411765,0.3,0.0009226168,0.0,0.0,0.0,0.0,0.0,0.0,0.0,0.0,0.0,0.0,0.0,0.0,0.0,0.0,0.0,0.0,0.011119068,0.010551453,0.04696673,0.04,0.04,0.92,0.92,1.0,0.0,0.0,0.7707994,1.0,1.0,0.09701689,0.0,0.009764403,0.0,0.0,0.06720126,0.0
0.12790436,0.0,0.13235295,0.0,0.0,3.2691223e-05,0.0,0.0,0.0,0.018895835,0.0,0.0,0.0,0.0,0.0,0.0,0.0,0.0,0.0,0.0,0.0,0.028578758,0.01816634,0.0019569471,0.0,0.0,0.0,0.0,1.0,0.0,0.0,0.8175627,1.0,1.0,0.102692895,0.0,0.0013191551,0.0,0.0,0.094797105,0.0
0.0,0.0,0.04411765,0.3,0.0008681168,0.005423771,0.0,0.0,0.0,0.0,0.0,0.0,0.0,0.0,0.0,0.0,0.0,0.0,0.0,0.0,0.0,0.008636981,0.0106729865,0.0058708414,0.0,0.0,0.33,0.33,1.0,0.0,0.0,0.7665317,1.0,1.0,0.09577262,0.0,0.0098048,0.0,0.0,0.066393495,0.0
0.0,0.0,0.30882353,0.2,0.0,0.0,0.0,0.0,0.0,0.0,0.0,0.0,0.0,0.0,0.0,0.0,0.0,0.0,0.0,0.0,0.0,0.0,0.017082594,0.0039138943,0.0,0.0,1.0,1.0,0.01,0.06,0.0,0.76742077,1.0,1.0,0.090934254,0.0,0.0020502955,0.0,0.0,0.07872921,0.0
0.0,0.0,0.5,0.1,0.0,0.0,0.0,0.0,0.0,0.0,0.0,0.0,0.0,0.0,0.0,0.0,0.0,0.0,0.0,0.0,0.0,0.0,0.023463778,0.007827789,1.0,1.0,0.0,0.0,0.02,0.08,0.0,0.7727994,1.0,1.0,0.08706053,0.0,0.0,0.0,0.0,0.08817485,0.0
0.0,0.0,0.3382353,0.1,0.0,0.0,0.0,0.0,0.0,0.0,0.0,0.0,0.0,0.0,0.0,0.0,0.0,0.0,0.0,0.0,0.0,0.0,0.023326807,0.015655577,1.0,1.0,0.0,0.0,0.04,0.07,0.0,0.7753471,1.0,1.0,0.087879546,0.0,0.0,0.0,0.0,0.088862985,0.0
0.0,0.0,0.029411765,0.1,0.0,0.0,0.0,0.0,0.0,0.0,0.0,0.0,0.0,0.0,0.0,0.0,0.0,0.0,0.0,0.0,0.0,0.0,0.023195706,0.017612524,1.0,1.0,0.0,0.0,0.04,0.06,0.0,0.7779387,1.0,1.0,0.08872443,0.0,0.0,0.0,0.0,0.08958912,0.0
0.0,0.0,0.029411765,0.2,0.0,0.0,0.0,0.0,0.0,0.0,0.0,0.0,0.0,0.0,0.0,0.0,0.0,0.0,0.0,0.0,0.0,0.0011941493,0.019797593,0.03522505,0.32,0.56,0.68,0.44,0.07,0.06,0.0,0.7769035,1.0,1.0,0.09121176,0.0,0.0,0.0,0.0,0.08513546,0.0
0.0,0.0,0.04411765,0.1,0.0,0.0,0.0,0.0,0.0,0.058219492,0.0,0.0,0.0,0.0,0.0,0.0,0.0021483079,0.02472341,0.0,0.0,0.0,0.07163128,0.017239414,0.21526419,1.0,1.0,0.0,0.0,1.0,0.0,0.0,0.89303064,1.0,1.0,0.12358866,0.0,0.00020433962,0.0,0.0,0.10942829,0.0
0.0,0.0,0.04411765,0.0,0.0008681168,0.0061771553,0.0,0.0,0.0,0.0,0.0,0.0,0.0,0.0,0.0,0.0,0.0,0.0,0.0,0.0,0.0,0.007214129,0.010671616,0.01369863,0.0,0.0,0.0,0.0,1.0,0.0,0.43,0.76403546,1.0,1.0,0.09512261,0.0,0.009831026,0.0,0.0,0.06584403,0.0
0.0,0.0,0.029411765,0.2,0.0,0.0,0.0,0.0,0.0,0.0,0.0,0.0,0.0,0.0,0.0,0.0,0.0,0.0,0.0,0.0,0.0,0.0013965666,0.016929254,0.039138943,0.0,0.0,1.0,1.0,0.18,0.05,0.0,0.76816833,1.0,1.0,0.0910955,0.0,0.0032325536,0.0,0.0,0.07694894,0.0
0.0,0.0,0.04411765,0.0,0.0008681168,0.0061771553,0.0,0.0,0.0,0.0,0.0,0.0,0.0,0.0,0.0,0.0,0.0,0.0,0.0,0.0,0.0,0.0,0.011355117,0.009784736,0.0,0.0,0.0,0.0,1.0,0.0,0.0,0.7451669,1.0,1.0,0.08948382,0.0,0.009754941,0.0,0.0,0.06354919,0.0
0.0,1.0,0.36764705,0.0,1.6426413e-05,0.0,0.0,0.0,0.0,0.0075031817,0.0,0.0,0.0,0.0,0.0,0.0,0.0,0.0,0.0,0.0,0.0,0.018802315,0.015074559,0.90606654,0.0,0.0,0.0,0.0,1.0,0.0,0.0,0.7929853,1.0,1.0,0.0995455,0.0,0.0028019547,0.0,0.0,0.08900666,0.0
0.0,0.0,0.13235295,0.5,0.0,0.0,0.0,0.0,0.0,0.0045754313,0.0,0.0,0.0,0.0,0.0,0.0,0.0,0.0,0.0,0.0,0.0,0.015691489,0.016067944,0.017612524,0.0,0.0,1.0,1.0,0.25,0.11,0.0,0.79107356,1.0,1.0,0.09777405,0.0,0.003934175,0.0,0.0,0.080687255,0.0
0.0,0.0,0.1764706,0.2,0.0,0.0,0.0,0.0,0.0,0.0,0.0,0.0,0.0,0.0,0.0,0.0,0.0,0.0,0.0,0.0,0.0,0.0,0.017091729,0.0019569471,0.0,0.0,1.0,1.0,0.0,0.07,0.0,0.766875,1.0,1.0,0.090797596,0.0,0.0019555986,0.0,0.0,0.07879186,0.0
0.015715152,0.0,0.04411765,0.3,0.0010155725,0.0,0.0,0.0,0.0,0.0,0.0,0.0,0.0,0.0,0.0,0.0,0.0,0.0,0.0,0.0,0.0,0.0066049695,0.010696277,0.023483366,0.0,0.0,1.0,1.0,1.0,0.0,0.0,0.76299727,1.0,1.0,0.09482177,0.0,0.009846285,0.0,0.0,0.06562516,0.0
0.0,0.0,0.029411765,0.2,0.0,0.0,0.0,0.0,0.0,0.0,0.0,0.0,0.0,0.0,0.0,0.0,0.0,0.0,0.0,0.0,0.0,0.003172189,0.016825229,0.023483366,0.0,0.0,1.0,1.0,0.05,0.06,0.0,0.77279186,1.0,1.0,0.0925784,0.0,0.002112195,0.0,0.0,0.07964161,0.0
0.0,0.0,0.13235295,0.8,0.0,3.2691223e-05,0.0,0.0,0.0,0.0,0.0,0.0,0.0,0.0,0.0,0.0,0.0,0.0,0.0,0.0,0.0,0.0,0.019762203,0.0019569471,1.0,1.0,0.0,0.0,1.0,0.0,0.0,0.73462355,1.0,1.0,0.07928673,0.0,0.0026680678,0.0,0.0,0.07736945,0.0
0.0,0.0,0.029411765,0.2,0.0,0.0,0.0,0.0,0.0,0.0,0.0,0.0,0.0,0.0,0.0,0.0,0.0,0.0,0.0,0.0,0.0,0.0,0.017148867,0.0039138943,0.0,0.0,1.0,1.0,0.01,0.07,0.0,0.7659503,1.0,1.0,0.0904494,0.0,0.0022687465,0.0,0.0,0.07812452,0.0
0.0,0.0,0.029411765,0.2,0.0,0.0,0.0,0.0,0.0,0.0,0.0,0.0,0.0,0.0,0.0,0.0,0.0,0.0,0.0,0.0,0.0,0.0025299788,0.0169295,0.017612524,0.0,0.0,1.0,1.0,0.04,0.07,0.0,0.7716695,1.0,1.0,0.092169695,0.0,0.0021631867,0.0,0.0,0.07941958,0.0
0.0,1.0,0.36764705,0.0,1.6426413e-05,0.0,0.0,0.0,0.0,0.0,0.0,0.0,0.0,0.0,0.0,0.0,0.0,0.0,0.0,0.0,0.0,0.010862291,0.013994865,0.029354207,0.0,0.0,0.0,0.0,1.0,0.0,0.0,0.775252,1.0,1.0,0.09566883,0.0,0.00510855,0.0,0.0,0.081308335,0.0
0.0,1.0,0.36764705,0.0,1.6426413e-05,0.0,0.0,0.0,0.0,0.0058962405,0.0,0.0,0.0,0.0,0.0,0.0,0.0,0.0,0.0,0.0,0.0,0.017557353,0.014948562,0.7729941,0.0,0.0,0.0,0.0,1.0,0.0,0.0,0.78992486,1.0,1.0,0.09878651,0.0,0.003262952,0.0,0.0,0.08804476,0.0
1.7326518e-05,0.0,0.22058824,0.0,4.1368454e-05,0.00021769383,0.0,0.0,0.0,0.0,0.0,0.0,0.0,0.0,0.0,0.0,0.0,0.0,0.0,0.0,0.0,0.005443573,0.011446871,0.0058708414,0.0,0.0,0.25,0.0,0.75,0.5,0.0,0.7616657,1.0,1.0,0.09369364,0.0,0.00910379,0.0,0.0,0.06959814,0.0
0.0,0.0,0.029411765,0.1,0.0,0.0,0.0,0.0,0.0,0.0,0.0,0.0,0.0,0.0,0.0,0.0,0.0,0.0,0.0,0.0,0.0,0.0,0.023485102,0.007827789,1.0,1.0,0.0,0.0,0.02,0.09,0.0,0.77371454,1.0,1.0,0.08725702,0.0,0.0,0.0,0.0,0.08831388,0.0
0.0,0.0,0.13235295,0.8,0.0,3.2691223e-05,0.0,0.0,0.0,0.001945287,0.0,0.0,0.0,0.0,0.0,0.0,0.0,0.0,0.0,0.0,0.0,0.0072356164,0.018264562,0.0019569471,1.0,1.0,0.0,0.0,1.0,0.0,0.0,0.78453517,1.0,1.0,0.09425699,0.0,0.0,0.0,0.0,0.08800793,0.0
0.0,0.0,0.029411765,0.1,0.0,0.0,0.0,0.0,0.0,0.0,0.0,0.0,0.0,0.0,0.0,0.0,0.0,0.0,0.0,0.0,0.0,0.0,0.02362559,0.0019569471,1.0,1.0,0.0,0.0,0.01,0.1,0.0,0.770224,1.0,1.0,0.08618382,0.0,0.0,0.0,0.0,0.087478966,0.0
0.0,0.0,0.45588234,0.1,0.0,0.0,0.0,0.0,0.0,0.0,0.0,0.0,0.0,0.0,0.0,0.0,0.0,0.0,0.0,0.0,0.0,0.00085267425,0.020085119,0.037181996,0.34,0.63,0.66,0.37,0.07,0.06,0.0,0.77757084,1.0,1.0,0.09121006,0.0,0.0,0.0,0.0,0.08589843,0.0
0.0,0.0,0.04411765,0.1,0.0,0.0,0.0,0.0,0.0,0.057910502,0.0,0.0,0.0,0.0,0.0,0.0,0.0020824,0.024282545,0.0,0.0,0.0,0.07038918,0.01805985,0.19373778,1.0,1.0,0.0,0.0,1.0,0.0,0.0,0.89286184,1.0,1.0,0.12286591,0.0,0.0,0.0,0.0,0.11022493,0.0
0.13471368,0.0,0.13235295,0.0,0.0,3.2691223e-05,0.0,0.0,0.0,0.018482745,0.0,0.0,0.0,0.0,0.0,0.0,0.0,0.0,0.0,0.0,0.0,0.02539742,0.01902292,0.0019569471,0.0,0.0,0.0,0.0,1.0,0.0,0.0,0.8171623,1.0,1.0,0.102138914,0.0,0.0,0.0,0.0,0.09512031,0.0
0.0,0.0,0.04411765,0.1,0.0,0.0,0.0,0.0,0.0,0.055420876,0.0,0.0,0.0,0.0,0.0,0.0,0.0027811304,0.02573359,0.0,0.0,0.0,0.07139146,0.014829978,0.15655577,1.0,1.0,0.0,0.0,1.0,0.0,0.0,0.88754237,1.0,1.0,0.12422084,0.0,0.0028154105,0.0,0.0,0.10248628,0.0
0.0,1.0,0.36764705,0.0,1.6426413e-05,0.0,0.0,0.0,0.0,0.0,0.0,0.0,0.0,0.0,0.0,0.0,0.0,0.0,0.0,0.0,0.0,0.011018634,0.014058039,0.058708414,0.0,0.0,0.0,0.0,1.0,0.0,0.0,0.7756201,1.0,1.0,0.09570906,0.0,0.005044058,0.0,0.0,0.08158368,0.0
0.0,0.0,0.029411765,0.2,0.0,0.0,0.0,0.0,0.0,0.0,0.0,0.0,0.0,0.0,0.0,0.0,0.0,0.0,0.0,0.0,0.0,0.0,0.017213754,0.009784736,0.0,0.0,1.0,1.0,0.03,0.06,0.0,0.76332545,1.0,1.0,0.08962243,0.0,0.0027744323,0.0,0.0,0.076805264,0.0
1.7326518e-05,0.0,0.22058824,0.0,4.1368454e-05,0.00021769383,0.0,0.0,0.0,0.0,0.0,0.0,0.0,0.0,0.0,0.0,0.0,0.0,0.0,0.0,0.0,0.00550285,0.011432104,0.0039138943,0.0,0.0,0.0,0.0,1.0,0.0,0.0,0.7617446,1.0,1.0,0.09372773,0.0,0.0091165155,0.0,0.0,0.069574386,0.0
0.0,0.0,0.029411765,0.2,0.0,0.0,0.0,0.0,0.0,0.0,0.0,0.0,0.0,0.0,0.0,0.0,0.0,0.0,0.0,0.0,0.0,0.0010514557,0.01690618,0.019569471,0.0,0.0,1.0,1.0,0.04,0.06,0.0,0.76901114,1.0,1.0,0.09150032,0.0,0.0022474974,0.0,0.0,0.07859236,0.0
0.0,0.0,0.029411765,0.2,0.0,0.0,0.0,0.0,0.0,0.0,0.0,0.0,0.0,0.0,0.0,0.0,0.0,0.0,0.0,0.0,0.0,0.0,0.017349914,0.0039138943,0.0,0.0,1.0,1.0,0.02,0.07,0.0,0.7605312,1.0,1.0,0.0887289,0.0,0.002961591,0.0,0.0,0.075992554,0.0
0.0,0.0,0.029411765,0.2,0.0,0.0,0.0,0.0,0.0,0.0,0.0,0.0,0.0,0.0,0.0,0.0,0.0,0.0,0.0,0.0,0.0,0.0019542277,0.016875833,0.039138943,0.0,0.0,1.0,1.0,0.15,0.05,0.0,0.7693542,1.0,1.0,0.09148648,0.0,0.0030563325,0.0,0.0,0.077436775,0.0
0.0,0.0,0.029411765,0.2,0.0,0.0,0.0,0.0,0.0,0.0,0.0,0.0,0.0,0.0,0.0,0.0,0.0,0.0,0.0,0.0,0.0,0.0005991757,0.017067745,0.0039138943,0.0,0.0,1.0,1.0,0.01,0.07,0.0,0.76871336,1.0,1.0,0.09129392,0.0,0.0019705445,0.0,0.0,0.07916388,0.0
0.0,0.0,0.029411765,0.2,0.0,0.0,0.0,0.0,0.0,0.0,0.0,0.0,0.0,0.0,0.0,0.0,0.0,0.0,0.0,0.0,0.0,0.0029537678,0.016888887,0.017612524,0.0,0.0,1.0,1.0,0.04,0.07,0.0,0.7725707,1.0,1.0,0.092466824,0.0,0.0020292997,0.0,0.0,0.079790205,0.0
0.0,0.0,0.04411765,0.1,0.0,0.0,0.0,0.0,0.0,0.054716706,0.0,0.0,0.0,0.0,0.0,0.0,0.0027714223,0.025564432,0.0,0.0,0.0,0.07098138,0.01457718,0.13894325,1.0,1.0,0.0,0.0,1.0,0.0,0.0,0.8862121,1.0,1.0,0.12408053,0.0,0.003152594,0.0,0.0,0.10150918,0.0
0.0,0.0,0.029411765,0.2,0.0,0.0,0.0,0.0,0.0,0.0,0.0,0.0,0.0,0.0,0.0,0.0,0.0,0.0,0.0,0.0,0.0,0.004213989,0.016691856,0.03522505,0.0,0.0,1.0,1.0,0.07,0.07,0.0,0.7743366,1.0,1.0,0.09309854,0.0,0.0022264868,0.0,0.0,0.07970089,0.0
0.0,0.0,0.029411765,0.2,0.0,0.0,0.0,0.0,0.0,0.0,0.0,0.0,0.0,0.0,0.0,0.0,0.0,0.0,0.0,0.0,0.0,0.00045856833,0.017048359,0.007827789,0.0,0.0,1.0,1.0,0.02,0.06,0.0,0.768237,1.0,1.0,0.09116783,0.0,0.0021309257,0.0,0.0,0.07875317,0.0
1.7326518e-05,0.0,0.22058824,0.0,4.1368454e-05,0.00021769383,0.0,0.0,0.0,0.0,0.0,0.0,0.0,0.0,0.0,0.0,0.0,0.0,0.0,0.0,0.0,0.003400296,0.012041859,0.0058708414,0.0,0.0,0.0,0.0,1.0,0.0,0.0,0.7581662,1.0,1.0,0.092150114,0.0,0.008882478,0.0,0.0,0.07121873,0.0
0.13246123,0.0,0.13235295,0.0,0.0,3.2691223e-05,0.0,0.0,0.0,0.0,0.0,0.0,0.0,0.0,0.0,0.0,0.0,0.0,0.0,0.0,0.0,0.0,0.01940965,0.0019569471,0.0,0.0,0.0,0.0,1.0,0.0,0.0,0.75249493,1.0,1.0,0.08435645,0.0,0.0023064315,0.0,0.0,0.08136588,0.0
0.013947847,0.0,0.04411765,0.3,0.0009789632,7.4298237e-07,0.0,0.0,0.0,0.04442671,0.0,0.0,0.0,0.0,0.0,0.0005348772,0.0037431717,0.02419892,0.0,0.0,0.0,0.06624219,0.009017989,0.058708414,0.0,0.0,1.0,1.0,1.0,0.0,0.0,0.8659315,1.0,1.0,0.12352339,0.0,0.009259358,0.0,0.0,0.08451101,0.0
0.0,0.0,0.89705884,0.1,0.0,0.0,0.0,0.0,0.0,0.0,0.0,0.0,0.0,0.0,0.0,0.0,0.0,0.0,0.0,0.0,0.0,0.0,0.023280874,0.0332681,1.0,1.0,0.0,0.0,0.11,0.1,0.0,0.7802193,1.0,1.0,0.08911713,0.0,0.0,0.0,0.0,0.089559644,0.0
0.0,0.0,0.029411765,0.1,0.0,0.0,0.0,0.0,0.0,0.0,0.0,0.0,0.0,0.0,0.0,0.0,0.0,0.0,0.0,0.0,0.0,0.0,0.02359794,0.007827789,1.0,1.0,0.0,0.0,0.03,0.09,0.0,0.77218413,1.0,1.0,0.08670267,0.0,0.0,0.0,0.0,0.087762296,0.0
0.0,0.0,0.13235295,0.8,0.0,3.2691223e-05,0.0,0.0,0.0,0.008213788,0.0,0.0,0.0,0.0,0.0,0.0,0.0,0.0,0.0,0.0,0.0,0.013977289,0.018622503,0.0019569471,1.0,1.0,0.0,0.0,1.0,0.0,0.0,0.7969619,1.0,1.0,0.097211696,0.0,0.0,0.0,0.0,0.09070018,0.0
0.0,0.0,0.04411765,0.0,0.0008681168,0.0061771553,0.0,0.0,0.0,0.0,0.0,0.0,0.0,0.0,0.0,0.0,0.0,0.0,0.0,0.0,0.0,0.009026438,0.010657579,0.0039138943,0.0,0.0,0.0,0.0,1.0,0.0,0.0,0.76720333,1.0,1.0,0.09596678,0.0,0.009782687,0.0,0.0,0.066589415,0.0
0.0,0.0,0.7205882,0.2,0.0,0.0,0.0,0.0,0.0,0.0,0.0,0.0,0.0,0.0,0.0,0.0,0.0,0.0,0.0,0.0,0.0,0.0044844747,0.016717672,0.03522505,0.0,0.0,1.0,1.0,0.08,0.06,0.0,0.77472794,1.0,1.0,0.093161024,0.0,0.0022806227,0.0,0.0,0.07976481,0.0
0.0,0.0,0.6911765,0.1,0.0,0.0,0.0,0.0,0.0,0.0,0.0,0.0,0.0,0.0,0.0,0.0,0.0,0.0,0.0,0.0,0.0,0.0,0.023643084,0.011741683,1.0,1.0,0.0,0.0,0.05,0.07,0.0,0.76968145,1.0,1.0,0.08599191,0.0,0.0,0.0,0.0,0.08713174,0.0
0.0,0.0,0.3382353,0.2,0.0,0.0,0.0,0.0,0.0,0.0,0.0,0.0,0.0,0.0,0.0,0.0,0.0,0.0,0.0,0.0,0.0,0.00202021,0.016897902,0.015655577,0.0,0.0,1.0,1.0,0.03,0.07,0.0,0.7710645,1.0,1.0,0.09207999,0.0,0.0019650161,0.0,0.0,0.07955477,0.0
0.0,0.0,0.029411765,0.2,0.0,0.0,0.0,0.0,0.0,0.0,0.0,0.0,0.0,0.0,0.0,0.0,0.0,0.0,0.0,0.0,0.0,0.00024145842,0.017040461,0.0058708414,0.0,0.0,1.0,1.0,0.01,0.07,0.0,0.7680706,1.0,1.0,0.09115627,0.0,0.0019798428,0.0,0.0,0.07897186,0.0
0.13211471,0.0,0.13235295,0.0,0.0,3.2691223e-05,0.0,0.0,0.0,0.0,0.0,0.0,0.0,0.0,0.0,0.0,0.0,0.0,0.0,0.0,0.0,0.0,0.019324094,0.0019569471,0.0,0.0,0.0,0.0,1.0,0.0,0.0,0.7503853,1.0,1.0,0.08382475,0.0,0.002648726,0.0,0.0,0.08057386,0.0
0.0,0.0,0.32352942,0.1,0.0,0.0,0.0,0.0,0.0,0.0,0.0,0.0,0.0,0.0,0.0,0.0,0.0,0.0,0.0,0.0,0.0,0.0,0.023530453,0.021526419,1.0,1.0,0.0,0.0,0.08,0.06,0.0,0.7721081,1.0,1.0,0.086740576,0.0,0.0,0.0,0.0,0.08766377,0.0
0.14057004,0.0,0.13235295,0.8,1.5917067e-08,1.1144735e-05,0.0,0.0,0.0,0.0,0.0,0.0,0.0,0.0,0.0,0.0,0.0,0.0,0.0,0.0,0.0,0.0,0.018545523,0.0019569471,1.0,1.0,0.0,0.0,1.0,0.0,0.0,0.7619047,1.0,1.0,0.0879092,0.0,0.0007414222,0.0,0.0,0.08243781,0.0
0.0,0.0,0.029411765,0.2,0.0,0.0,0.0,0.0,0.0,0.0,0.0,0.0,0.0,0.0,0.0,0.0,0.0,0.0,0.0,0.0,0.0,0.00095275044,0.019025013,0.0058708414,0.48,0.0,0.52,1.0,0.03,0.08,0.0,0.7716117,1.0,1.0,0.090229444,0.0,0.0012877136,0.0,0.0,0.08099976,0.0
0.0,0.0,0.14705883,0.1,0.0,0.0,0.0,0.0,0.0,0.0,0.0,0.0,0.0,0.0,0.0,0.0,0.0,0.0,0.0,0.0,0.0,0.0,0.023370571,0.009784736,1.0,1.0,0.0,0.0,0.02,0.07,0.0,0.77462494,1.0,1.0,0.08765107,0.0,0.0,0.0,0.0,0.08872995,0.0
0.015611193,0.0,0.04411765,0.3,0.00094585575,0.0,0.0,0.0,0.0,0.021622717,0.0,0.0,0.0,0.0,0.0,0.0,0.0012600124,0.00447315,0.0,0.0,0.0,0.040700436,0.009633809,0.13111547,0.0,0.0,1.0,1.0,1.0,0.0,0.0,0.8218491,1.0,1.0,0.111342244,0.0,0.009382725,0.0,0.0,0.07691103,0.0
0.0,0.0,0.13235295,0.1,0.0,0.0,0.0,0.0,0.0,0.06136167,0.0,0.0,0.0,0.0,0.0,0.0,0.0028809682,0.026761472,0.0,0.0,0.0,0.072001606,0.019486561,0.26810175,1.0,1.0,0.0,0.0,1.0,0.0,0.0,0.9001441,1.0,1.0,0.12370337,0.0,0.0,0.0,0.0,0.11337668,0.0
0.0,1.0,0.36764705,0.0,1.6044403e-05,0.0,0.0,0.0,0.0,5.3614378e-05,0.0,0.0,0.0,0.0,0.0,0.0,0.0,0.0,0.0,0.0,0.0,0.012605876,0.014362939,0.25440314,0.0,0.0,0.0,0.0,1.0,0.0,0.0,0.77901113,1.0,1.0,0.096333586,0.0,0.0046195984,0.0,0.0,0.08346164,0.0
0.0,0.0,0.63235295,0.1,0.0,0.0,0.0,0.0,0.0,0.0,0.0,0.0,0.0,0.0,0.0,0.0,0.0,0.0,0.0,0.0,0.0,0.0,0.02333565,0.039138943,1.0,1.0,0.0,0.0,0.13,0.06,0.0,0.77779675,1.0,1.0,0.088408925,0.0,0.0,0.0,0.0,0.08884549,0.0
1.7326518e-05,0.0,0.22058824,0.0,4.1368454e-05,0.00021769383,0.0,0.0,0.0,0.0,0.0,0.0,0.0,0.0,0.0,0.0,0.0,0.0,0.0,0.0,0.0,0.0026159585,0.011030972,0.0039138943,0.0,0.0,0.33,0.0,0.67,0.67,0.0,0.7563573,1.0,1.0,0.09273521,0.0,0.009639487,0.0,0.0,0.06572154,0.0
0.0,0.0,0.47058824,0.2,0.0,0.0,0.0,0.0,0.0,0.0,0.0,0.0,0.0,0.0,0.0,0.0,0.0,0.0,0.0,0.0,0.0,0.0005322695,0.017073534,0.011741683,0.0,0.0,1.0,1.0,0.03,0.08,0.0,0.7680781,1.0,1.0,0.09106433,0.0,0.0023190528,0.0,0.0,0.0785414,0.0
0.0,0.0,0.029411765,0.1,0.0,0.0,0.0,0.0,0.0,0.0,0.0,0.0,0.0,0.0,0.0,0.0,0.0,0.0,0.0,0.0,0.0,0.0,0.023471572,0.007827789,1.0,1.0,0.0,0.0,0.02,0.08,0.0,0.7732972,1.0,1.0,0.087173335,0.0,0.0,0.0,0.0,0.08825886,0.0
0.0,0.0,0.04411765,0.1,0.0,0.0,0.0,0.0,0.0,0.0395751,0.0,0.0,0.0,0.0,0.0,0.0,0.0014486387,0.01561749,0.0,0.0,0.0,0.056470037,0.013494112,0.06262231,0.81,0.81,0.16,0.16,1.0,0.0,0.0,0.8575071,1.0,1.0,0.11737823,0.0,0.005341798,0.0,0.0,0.091453165,0.0
0.0,0.0,0.0,0.2,0.0,0.0,0.0,0.0,0.0,0.0,0.0,0.0,0.0,0.0,0.0,0.0,0.0,0.0,0.0,0.0,0.0,0.0061116815,0.016632304,0.039138943,0.0,0.0,1.0,1.0,0.08,0.07,0.0,0.77764297,1.0,1.0,0.094020195,0.0,0.0021616817,0.0,0.0,0.08055496,0.0
0.0,0.0,0.04411765,0.1,0.0,0.0,0.0,0.0,0.0,0.057751298,0.0,0.0,0.0,0.0,0.0,0.0,0.0024618804,0.025451869,0.0,0.0,0.0,0.072092384,0.016348712,0.2074364,1.0,1.0,0.0,0.0,1.0,0.0,0.0,0.8920362,1.0,1.0,0.12410187,0.0,0.0010962933,0.0,0.0,0.10722831,0.0
0.0,0.0,0.029411765,0.2,0.0,0.0,0.0,0.0,0.0,0.0,0.0,0.0,0.0,0.0,0.0,0.0,0.0,0.0,0.0,0.0,0.0,0.0033710003,0.016815372,0.029354207,0.0,0.0,1.0,1.0,0.07,0.06,0.0,0.77278745,1.0,1.0,0.09254905,0.0,0.002340868,0.0,0.0,0.079303294,0.0
0.0,0.0,0.029411765,0.1,0.0,0.0,0.0,0.0,0.0,0.0005181134,0.0,0.0,0.0,0.0,0.0,0.0,0.0,0.0,0.0,0.0,0.0,0.0009082854,0.022908837,0.039138943,1.0,1.0,0.0,0.0,0.07,0.06,0.0,0.78479314,1.0,1.0,0.090808384,0.0,0.0,0.0,0.0,0.09117609,0.0
0.0,1.0,0.36764705,0.0,2.3557259e-05,0.0,0.0,0.33333334,0.0,0.0,0.0,0.0,0.0,0.0,0.0,0.0,0.0,0.0,0.0,0.0,0.0,0.0,0.025003716,0.0058708414,0.0,0.0,0.0,0.0,1.0,0.0,0.67,0.67988825,0.97412896,1.0,0.059535183,0.0,0.0037294626,0.0,0.0,0.06879307,0.0
0.0,0.0,0.029411765,0.2,0.0,0.0,0.0,0.0,0.0,0.0,0.0,0.0,0.0,0.0,0.0,0.0,0.0,0.0,0.0,0.0,0.0,0.0,0.017314285,0.009784736,0.0,0.0,1.0,1.0,0.05,0.07,0.0,0.761096,1.0,1.0,0.0888873,0.0,0.0031057,0.0,0.0,0.075888306,0.0
0.0145716015,0.0,0.04411765,0.3,0.00096909463,0.0,0.0,0.0,0.0,0.021557897,0.0,0.0,0.0,0.0,0.0,0.0,0.0011349693,0.0039815903,0.0,0.0,0.0,0.040456086,0.009745732,0.14285715,0.03,0.03,0.97,0.97,1.0,0.0,0.0,0.82159543,1.0,1.0,0.11116742,0.0,0.009238109,0.0,0.0,0.07749486,0.0
0.0,0.0,0.6911765,0.2,0.0,0.0,0.0,0.0,0.0,0.0,0.0,0.0,0.0,0.0,0.0,0.0,0.0,0.0,0.0,0.0,0.0,0.0011774302,0.016931422,0.03522505,0.0,0.0,1.0,1.0,0.13,0.05,0.0,0.76806366,1.0,1.0,0.09109653,0.0,0.0030461252,0.0,0.0,0.07721782,0.0
0.0,0.0,0.14705883,0.1,0.0,0.0,0.0,0.0,0.0,0.0,0.0,0.0,0.0,0.0,0.0,0.0,0.0,0.0,0.0,0.0,0.0,0.0,0.022954352,0.031311154,1.0,1.0,0.0,0.0,0.06,0.06,0.0,0.7826327,1.0,1.0,0.09022037,0.0,0.0,0.0,0.0,0.09082797,0.0
0.0,0.5,0.029411765,0.0,4.4567784e-07,0.0,0.0,1.0,0.0,0.0,0.0,0.0,0.0,0.0,0.0,0.0,0.0,0.0,0.0,0.0,0.0,0.0,0.043462582,0.037181996,0.0,0.0,0.0,0.0,1.0,0.0,0.0,0.59922075,0.8707852,0.9781164,0.017870732,0.0,0.01060921,0.0,0.0,0.059533224,0.0
0.0,1.0,0.36764705,0.0,1.6426413e-05,0.0,0.0,0.0,0.0,0.007574141,0.0,0.0,0.0,0.0,0.0,0.0,0.0,0.0,0.0,0.0,0.0,0.01885724,0.015080087,0.91193736,0.0,0.0,0.0,0.0,1.0,0.0,0.0,0.79312027,1.0,1.0,0.09957897,0.0,0.0027816445,0.0,0.0,0.08904916,0.0
0.0,0.0,0.029411765,0.2,0.0,0.0,0.0,0.0,0.0,0.0,0.0,0.0,0.0,0.0,0.0,0.0,0.0,0.0,0.0,0.0,0.0,0.001855284,0.016890645,0.017612524,0.0,0.0,1.0,1.0,0.04,0.06,0.0,0.77060246,1.0,1.0,0.09195084,0.0,0.0020972192,0.0,0.0,0.07917464,0.0
0.0,0.0,0.029411765,0.1,0.0,0.0,0.0,0.0,0.0,0.0,0.0,0.0,0.0,0.0,0.0,0.0,0.0,0.0,0.0,0.0,0.0,0.0,0.022703618,0.0019569471,0.92,1.0,0.08,0.0,0.01,0.08,0.0,0.7598131,1.0,1.0,0.08416014,0.0,0.0,0.0,0.0,0.08302528,0.0
0.0,0.0,0.13235295,0.1,0.0,0.0,0.0,0.0,0.0,0.03742829,0.0,0.0,0.0,0.0,0.0,0.0,0.0,0.0070211887,0.0,0.0,0.0,0.04613629,0.019846283,0.21526419,1.0,1.0,0.0,0.0,1.0,0.0,0.0,0.85422564,1.0,1.0,0.11117975,0.0,0.0,0.0,0.0,0.10395756,0.0
0.0,0.0,0.029411765,0.1,0.0,0.0,0.0,0.0,0.0,0.0,0.0,0.0,0.0,0.0,0.0,0.0,0.0,0.0,0.0,0.0,0.0,0.0,0.023630671,0.015655577,1.0,1.0,0.0,0.0,0.07,0.07,0.0,0.7706207,1.0,1.0,0.086234875,0.0,0.0,0.0,0.0,0.08725503,0.0
0.0,0.0,0.029411765,0.1,0.0,0.0,0.0,0.0,0.0,0.0,0.0,0.0,0.0,0.0,0.0,0.0,0.0,0.0,0.0,0.0,0.0,0.0,0.02453255,0.0019569471,1.0,1.0,0.0,0.0,0.01,0.06,0.0,0.75165296,1.0,1.0,0.080429114,0.0,0.0,0.0,0.0,0.083256096,0.0
0.0,0.0,0.14705883,0.1,0.0,0.0,0.0,0.0,0.0,0.0,0.0,0.0,0.0,0.0,0.0,0.0,0.0,0.0,0.0,0.0,0.0,0.0,0.023118831,0.01369863,1.0,1.0,0.0,0.0,0.24,0.14,0.0,0.763628,1.0,1.0,0.084569864,0.0,0.0,0.0,0.0,0.084947586,0.0
0.0,1.0,0.36764705,0.0,1.6426413e-05,0.0,0.0,0.0,0.0,0.0,0.0,0.0,0.0,0.0,0.0,0.0,0.0,0.0,0.0,0.0,0.0,0.0017541647,0.017859384,0.22896282,0.0,0.0,0.0,0.0,1.0,0.0,0.0,0.77399266,1.0,1.0,0.091857545,0.0,0.0003412813,0.0,0.0,0.08492115,0.0
0.0,0.0,0.20588236,0.2,0.0,0.0,0.0,0.0,0.0,0.0,0.0,0.0,0.0,0.0,0.0,0.0,0.0,0.0,0.0,0.0,0.0,0.0037549734,0.01682119,0.023483366,0.0,0.0,1.0,1.0,0.05,0.07,0.0,0.7738471,1.0,1.0,0.09285989,0.0,0.0020676851,0.0,0.0,0.079978734,0.0
1.7326518e-05,0.0,0.22058824,0.0,4.1368454e-05,0.00021769383,0.0,0.0,0.0,0.0,0.0,0.0,0.0,0.0,0.0,0.0,0.0,0.0,0.0,0.0,0.0,0.0026159585,0.011030972,0.0058708414,0.0,0.0,0.0,0.0,1.0,0.0,0.0,0.7563573,1.0,1.0,0.09273521,0.0,0.009639487,0.0,0.0,0.06572154,0.0
0.0,0.0,0.029411765,0.1,0.0,0.0,0.0,0.0,0.0,0.0,0.0,0.0,0.0,0.0,0.0,0.0,0.0,0.0,0.0,0.0,0.0,0.0,0.023544468,0.009784736,1.0,1.0,0.0,0.0,0.03,0.1,0.0,0.7728677,1.0,1.0,0.08694696,0.0,0.0,0.0,0.0,0.08800116,0.0
0.0,0.0,0.04411765,0.0,0.0008681168,0.0061771553,0.0,0.0,0.0,0.0,0.0,0.0,0.0,0.0,0.0,0.0,0.0,0.0,0.0,0.0,0.0,0.008984745,0.010657519,0.007827789,0.0,0.0,0.0,0.0,1.0,0.0,0.0,0.7671472,1.0,1.0,0.095949195,0.0,0.009819955,0.0,0.0,0.06637716,0.0
0.13894135,0.0,0.13235295,0.0,0.0,3.2691223e-05,0.0,0.0,0.0,0.0,0.0,0.0,0.0,0.0,0.0,0.0,0.0,0.0,0.0,0.0,0.0,0.0,0.02092249,0.0019569471,0.0,0.0,0.0,0.0,1.0,0.0,0.0,0.72648036,1.0,1.0,0.07626634,0.0,0.0016436279,0.0,0.0,0.075801134,0.0
0.0,0.0,0.04411765,0.1,0.0,0.0,0.0,0.0,0.0,0.05817285,0.0,0.0,0.0,0.0,0.0,0.0,0.002122715,0.024713129,0.0,0.0,0.0,0.071670085,0.017186686,0.21135029,1.0,1.0,0.0,0.0,1.0,0.0,0.0,0.8929262,1.0,1.0,0.123600386,0.0,0.00028175116,0.0,0.0,0.10932544,0.0
0.0,0.0,0.029411765,0.2,0.0,0.0,0.0,0.0,0.0,0.0,0.0,0.0,0.0,0.0,0.0,0.0,0.0,0.0,0.0,0.0,0.0,0.0021676421,0.01686006,0.025440313,0.0,0.0,1.0,1.0,0.06,0.06,0.0,0.77077365,1.0,1.0,0.09198714,0.0,0.0023258924,0.0,0.0,0.07888374,0.0
0.015697826,0.0,0.04411765,0.3,0.00096909463,0.0,0.0,0.0,0.0,0.0,0.0,0.0,0.0,0.0,0.0,0.0,0.0,0.0,0.0,0.0,0.0,0.0019268394,0.010880582,0.0058708414,0.0,0.0,1.0,1.0,1.0,0.0,0.0,0.75497186,1.0,1.0,0.092528544,0.0,0.0098667145,0.0,0.0,0.0642997,0.0
0.0,1.0,0.36764705,0.0,1.6044403e-05,0.0,0.0,0.0,0.0,0.0065107048,0.0,0.0,0.0,0.0,0.0,0.0,0.0,0.0,0.0,0.0,0.0,0.018033355,0.014996693,0.8238748,0.0,0.0,0.0,0.0,1.0,0.0,0.0,0.791095,1.0,1.0,0.099076696,0.0,0.0030867308,0.0,0.0,0.08841255,0.0
0.0,0.0,0.029411765,0.2,0.0,0.0,0.0,0.0,0.0,0.0,0.0,0.0,0.0,0.0,0.0,0.0,0.0,0.0,0.0,0.0,0.0,0.006106198,0.01652921,0.039138943,0.0,0.0,1.0,1.0,0.07,0.06,0.0,0.7779989,1.0,1.0,0.094270565,0.0,0.0018843263,0.0,0.0,0.080895305,0.0
0.0,0.0,0.029411765,0.2,0.0,0.0,0.0,0.0,0.0,0.018629998,0.0,0.0,0.0,0.0,0.0,0.0,0.0,0.0,0.0,0.0,0.0,0.027477771,0.01674997,0.0019569471,0.0,0.0,1.0,1.0,0.01,0.07,0.0,0.81621826,1.0,1.0,0.10392117,0.0,0.00089897215,0.0,0.0,0.09254062,0.0
0.13176817,0.0,0.13235295,0.0,0.0,3.2691223e-05,0.0,0.0,0.0,0.0,0.0,0.0,0.0,0.0,0.0,0.0,0.0,0.0,0.0,0.0,0.0,0.0,0.019136727,0.01369863,0.0,0.14,0.0,0.43,1.0,0.0,0.71,0.7511834,1.0,1.0,0.08419048,0.0,0.0027778894,0.0,0.0,0.08068606,0.0
0.0,0.0,0.13235295,0.8,0.0,3.2691223e-05,0.0,0.0,0.0,0.0,0.0,0.0,0.0,0.0,0.0,0.0,0.0,0.0,0.0,0.0,0.0,0.0,0.019729644,0.0019569471,1.0,1.0,0.0,0.0,1.0,0.0,0.0,0.75811195,1.0,1.0,0.08561682,0.0,0.0017820597,0.0,0.0,0.08264354,0.0
0.0,0.0,0.029411765,0.5,0.0,0.0,0.0,0.0,0.0,0.0,0.0,0.0,0.0,0.0,0.0,0.0,0.0,0.0,0.0,0.0,0.0,0.0048832595,0.01662761,0.03522505,0.0,0.0,1.0,1.0,0.07,0.06,0.0,0.7757597,1.0,1.0,0.09356778,0.0,0.0020150691,0.0,0.0,0.080286145,0.0
0.0,1.0,0.36764705,0.0,8.276875e-06,0.0,0.0,0.0,0.0,0.0,0.0,0.0,0.0,0.0,0.0,0.0,0.0,0.0,0.0,0.0,0.0,0.01134181,0.014188558,0.119373776,0.0,0.0,0.0,0.0,1.0,0.0,0.0,0.776381,1.0,1.0,0.095792346,0.0,0.0049106926,0.0,0.0,0.082152784,0.0
0.0,0.0,0.029411765,0.2,0.0,0.0,0.0,0.0,0.0,0.0,0.0,0.0,0.0,0.0,0.0,0.0,0.0,0.0,0.0,0.0,0.0,0.00061768293,0.016994849,0.0332681,0.0,0.0,1.0,1.0,0.15,0.06,0.0,0.7669394,1.0,1.0,0.0907181,0.0,0.0031870753,0.0,0.0,0.07678011,0.0
0.0,1.0,0.36764705,0.0,1.6426413e-05,0.0,0.0,0.0,0.0,0.0,0.0,0.0,0.0,0.0,0.0,0.0,0.0,0.0,0.0,0.0,0.0,0.0,0.029354371,1.0,0.0,0.0,0.0,0.0,1.0,0.0,0.0,0.6654142,0.95612806,1.0,0.051561706,0.0,0.003025338,0.0,0.0,0.0661058,0.0
0.0,0.0,0.029411765,0.2,0.0,0.0,0.0,0.0,0.0,0.0,0.0,0.0,0.0,0.0,0.0,0.0,0.0,0.0,0.0,0.0,0.0,0.001427561,0.016949408,0.037181996,0.0,0.0,1.0,1.0,0.17,0.06,0.0,0.7683457,1.0,1.0,0.091130726,0.0,0.0031425804,0.0,0.0,0.077212155,0.0
0.0,0.0,0.3382353,0.2,0.0,0.0,0.0,0.0,0.0,0.0,0.0,0.0,0.0,0.0,0.0,0.0,0.0,0.0,0.0,0.0,0.0,0.0,0.017337114,0.007827789,0.0,0.0,1.0,1.0,0.04,0.07,0.0,0.7608731,1.0,1.0,0.088806055,0.0,0.0031127185,0.0,0.0,0.07582137,0.0
0.0,0.0,0.04411765,0.1,0.0,0.0,0.0,0.0,0.0,0.057555497,0.0,0.0,0.0,0.0,0.0,0.0,0.0021263734,0.024581432,0.0,0.0,0.0,0.0713343,0.016936123,0.19765167,1.0,1.0,0.0,0.0,1.0,0.0,0.0,0.89174736,1.0,1.0,0.123499595,0.0,0.0005994141,0.0,0.0,0.1084269,0.0
0.0,0.0,0.029411765,0.2,0.0,0.0,0.0,0.0,0.0,0.0,0.0,0.0,0.0,0.0,0.0,0.0,0.0,0.0,0.0,0.0,0.0,0.0028396249,0.016847394,0.025440313,0.0,0.0,1.0,1.0,0.06,0.07,0.0,0.7720187,1.0,1.0,0.09233119,0.0,0.0022531748,0.0,0.0,0.07929894,0.0
0.0,0.0,0.029411765,0.2,0.0,0.0,0.0,0.0,0.0,0.0,0.0,0.0,0.0,0.0,0.0,0.0,0.0,0.0,0.0,0.0,0.0,0.0019694269,0.017731078,0.017612524,0.02,0.11,0.98,0.89,0.04,0.06,0.0,0.77207327,1.0,1.0,0.09155262,0.0,0.0015012473,0.0,0.0,0.081183106,0.0
0.0,0.0,0.029411765,0.2,0.0,0.0,0.0,0.0,0.0,0.0,0.0,0.0,0.0,0.0,0.0,0.0,0.0,0.0,0.0,0.0,0.0,0.0,0.018146716,0.01369863,0.0,0.0,1.0,1.0,0.06,0.06,0.0,0.75051475,1.0,1.0,0.08530756,0.0,0.0030237436,0.0,0.0,0.074267715,0.0
0.0,0.0,0.4852941,0.1,0.0,0.0,0.0,0.0,0.0,0.0,0.0,0.0,0.0,0.0,0.0,0.0,0.0,0.0,0.0,0.0,0.0,0.0,0.020858265,0.0039138943,0.05,1.0,0.95,0.0,0.01,0.07,0.0,0.75706553,1.0,1.0,0.08519494,0.0,0.0,0.0,0.0,0.08065188,0.0
0.015628519,0.0,0.04411765,0.3,0.0009923336,0.0,0.0,0.0,0.0,0.020271331,0.0,0.0,0.0,0.0,0.0,0.0,0.0011249632,0.0030367374,0.0,0.0,0.0,0.039075196,0.009663925,0.17221135,0.01,0.01,0.98,0.98,1.0,0.0,0.0,0.8190956,1.0,1.0,0.11059413,0.0,0.009302065,0.0,0.0,0.07678294,0.0
0.0,0.0,0.04411765,0.0,0.0008681168,0.0061771553,0.0,0.0,0.0,0.0,0.0,0.0,0.0,0.0,0.0,0.0,0.0,0.0,0.0,0.0,0.0,0.0063509047,0.010803483,0.06262231,0.0,0.0,0.0,0.0,1.0,0.0,0.06,0.7626262,1.0,1.0,0.094619624,0.0,0.00976561,0.0,0.0,0.06600928,0.0
0.0,0.0,0.13235295,0.8,0.0,3.2691223e-05,0.0,0.0,0.0,0.008797497,0.0,0.0,0.0,0.0,0.0,0.0,0.0,0.0,0.0,0.0,0.0,0.014615089,0.018674105,0.0019569471,1.0,1.0,0.0,0.0,1.0,0.0,0.0,0.7981392,1.0,1.0,0.097474195,0.0,0.0,0.0,0.0,0.09095347,0.0
0.0,0.0,0.029411765,0.2,0.0,0.0,0.0,0.0,0.0,0.0,0.0,0.0,0.0,0.0,0.0,0.0,0.0,0.0,0.0,0.0,0.0,0.0,0.017147377,0.0019569471,0.0,0.0,1.0,1.0,0.0,0.07,0.0,0.7656417,1.0,1.0,0.0903909,0.0,0.0021388382,0.0,0.0,0.07828462,0.0
0.0,0.0,0.029411765,0.1,0.0,0.0,0.0,0.0,0.0,0.0,0.0,0.0,0.0,0.0,0.0,0.0,0.0,0.0,0.0,0.0,0.0,0.0,0.023577154,0.007827789,1.0,1.0,0.0,0.0,0.03,0.09,0.0,0.77246606,1.0,1.0,0.08680474,0.0,0.0,0.0,0.0,0.08786392,0.0
0.0,0.0,0.029411765,0.2,0.0,0.0,0.0,0.0,0.0,0.0,0.0,0.0,0.0,0.0,0.0,0.0,0.0,0.0,0.0,0.0,0.0,5.4359436e-05,0.017034754,0.015655577,0.0,0.0,1.0,1.0,0.04,0.06,0.0,0.76706827,1.0,1.0,0.09082877,0.0,0.002446413,0.0,0.0,0.078008175,0.0
0.0,0.0,0.029411765,0.1,0.0,0.0,0.0,0.0,0.0,0.0,0.0,0.0,0.0,0.0,0.0,0.0,0.0,0.0,0.0,0.0,0.0,0.0,0.022338934,0.011741683,0.77,0.83,0.23,0.17,0.03,0.08,0.0,0.7729758,1.0,1.0,0.08803906,0.0,0.0,0.0,0.0,0.087071836,0.0
0.0,0.0,0.029411765,0.2,0.0,0.0,0.0,0.0,0.0,0.0,0.0,0.0,0.0,0.0,0.0,0.0,0.0,0.0,0.0,0.0,0.0,0.0029057562,0.01677946,0.02739726,0.0,0.0,1.0,1.0,0.06,0.06,0.0,0.77227724,1.0,1.0,0.092490606,0.0,0.0021286458,0.0,0.0,0.07947755,0.0
0.0,0.0,0.029411765,0.1,0.0,0.0,0.0,0.0,0.0,0.0,0.0,0.0,0.0,0.0,0.0,0.0,0.0,0.0,0.0,0.0,0.0,0.0,0.023502804,0.021526419,1.0,1.0,0.0,0.0,0.08,0.06,0.0,0.7725034,1.0,1.0,0.086864226,0.0,0.0,0.0,0.0,0.08782378,0.0
0.0,0.0,0.029411765,0.1,0.0,0.0,0.0,0.0,0.0,0.0,0.0,0.0,0.0,0.0,0.0,0.0,0.0,0.0,0.0,0.0,0.0,0.0,0.02356159,0.0058708414,1.0,1.0,0.0,0.0,0.02,0.1,0.0,0.77246654,1.0,1.0,0.08683141,0.0,0.0,0.0,0.0,0.087976426,0.0
0.0,0.0,0.45588234,0.2,0.0,0.0,0.0,0.0,0.0,0.0,0.0,0.0,0.0,0.0,0.0,0.0,0.0,0.0,0.0,0.0,0.0,0.0,0.017140806,0.0019569471,0.0,0.0,1.0,1.0,0.0,0.07,0.0,0.76482356,1.0,1.0,0.09018763,0.0,0.0021481365,0.0,0.0,0.07804504,0.0
0.0,0.0,0.029411765,0.1,0.0,0.0,0.0,0.0,0.0,0.0,0.0,0.0,0.0,0.0,0.0,0.0,0.0,0.0,0.0,0.0,0.0,0.0,0.023762316,0.007827789,1.0,1.0,0.0,0.0,0.09,0.17,0.0,0.7723633,1.0,1.0,0.08649751,0.0,0.0,0.0,0.0,0.08744523,0.0
0.0,0.0,0.04411765,0.1,0.0,0.0,0.0,0.0,0.0,0.057753116,0.0,0.0,0.0,0.0,0.0,0.0,0.0019897893,0.024236917,0.0,0.0,0.0,0.07052109,0.017882638,0.1780822,1.0,1.0,0.0,0.0,1.0,0.0,0.0,0.8925055,1.0,1.0,0.12290277,0.0,0.0,0.0,0.0,0.10989091,0.0
0.0,0.0,0.5441176,0.1,0.0,0.0,0.0,0.0,0.0,0.0,0.0,0.0,0.0,0.0,0.0,0.0,0.0,0.0,0.0,0.0,0.0,0.0,0.023259021,0.011741683,1.0,1.0,0.0,0.0,0.02,0.07,0.0,0.7754953,1.0,1.0,0.088030495,0.0,0.0,0.0,0.0,0.08913159,0.0
0.0,0.0,0.0,0.2,0.0,0.0,0.0,0.0,0.0,0.020265847,0.0,0.0,0.0,0.0,0.0,0.0,0.0,0.0,0.0,0.0,0.0,0.02977541,0.016691737,0.039138943,0.0,0.0,1.0,1.0,0.65,0.06,0.0,0.8192769,1.0,1.0,0.104664855,0.0,0.0012830049,0.0,0.0,0.093480796,0.0
0.015611193,0.0,0.04411765,0.3,0.00096909463,0.0,0.0,0.0,0.0,0.02262199,0.0,0.0,0.0,0.0,0.0,0.0,0.001377441,0.0053032935,0.0,0.0,0.0,0.041805536,0.009599179,0.13502936,0.0,0.0,1.0,1.0,1.0,0.0,0.0,0.8237572,1.0,1.0,0.111878045,0.0,0.009366736,0.0,0.0,0.07728058,0.0
0.0,0.0,0.029411765,0.2,0.0,0.0,0.0,0.0,0.0,0.0,0.0,0.0,0.0,0.0,0.0,0.0,0.0,0.0,0.0,0.0,0.0,0.0011258423,0.016993493,0.01369863,0.0,0.0,1.0,1.0,0.03,0.07,0.0,0.7692287,1.0,1.0,0.091466956,0.0,0.0022116005,0.0,0.0,0.07882458,0.0
0.0,1.0,0.36764705,0.0,1.6426413e-05,0.0,0.0,0.0,0.0,0.0071250796,0.0,0.0,0.0,0.0,0.0,0.0,0.0,0.0,0.0,0.0,0.0,0.018509328,0.015044898,0.8747554,0.0,0.0,0.0,0.0,1.0,0.0,0.0,0.7922652,1.0,1.0,0.099366866,0.0,0.0029104352,0.0,0.0,0.088780284,0.0
0.0,0.0,0.029411765,0.2,0.0,0.0,0.0,0.0,0.0,0.0,0.0,0.0,0.0,0.0,0.0,0.0,0.0,0.0,0.0,0.0,0.0,0.0,0.017187998,0.017612524,0.0,0.0,1.0,1.0,0.08,0.06,0.0,0.76304877,1.0,1.0,0.08952647,0.0,0.0031071305,0.0,0.0,0.07616478,0.0
0.0,0.0,0.029411765,0.2,0.0,0.0,0.0,0.0,0.0,0.0,0.0,0.0,0.0,0.0,0.0,0.0,0.0,0.0,0.0,0.0,0.0,0.0036518574,0.017041154,0.025440313,0.03,0.0,0.97,1.0,0.05,0.07,0.0,0.77401435,1.0,1.0,0.09271201,0.0,0.001934737,0.0,0.0,0.08019534,0.0
0.0,0.0,0.029411765,0.2,0.0,0.0,0.0,0.0,0.0,0.0,0.0,0.0,0.0,0.0,0.0,0.0,0.0,0.0,0.0,0.0,0.0,0.0,0.017076828,0.031311154,0.0,0.0,1.0,1.0,0.18,0.06,0.0,0.76478076,1.0,1.0,0.09004962,0.0,0.0033319592,0.0,0.0,0.076179385,0.0
0.0,0.0,0.4852941,0.2,0.0,0.0,0.0,0.0,0.0,0.0,0.0,0.0,0.0,0.0,0.0,0.0,0.0,0.0,0.0,0.0,0.0,0.001150161,0.016981967,0.007827789,0.0,0.0,1.0,1.0,0.02,0.07,0.0,0.76970756,1.0,1.0,0.091652684,0.0,0.0019124895,0.0,0.0,0.07935795,0.0
0.03603916,0.0,0.04411765,0.3,0.001155006,0.0,0.0,0.0,0.0,0.0,0.0,0.0,0.0,0.0,0.0,0.0,0.0,0.0,0.0,0.0,0.0,0.011048555,0.010890812,0.019569471,0.0,0.0,1.0,1.0,1.0,0.0,0.0,0.77086186,1.0,1.0,0.09668935,0.0,0.009652734,0.0,0.0,0.0680106,0.0
0.0,0.0,0.029411765,0.2,0.0,0.0,0.0,0.0,0.0,0.0,0.0,0.0,0.0,0.0,0.0,0.0,0.0,0.0,0.0,0.0,0.0,0.0,0.017985694,0.0039138943,0.0,0.0,1.0,1.0,0.02,0.07,0.0,0.7632122,1.0,1.0,0.088873796,0.0,0.0025046617,0.0,0.0,0.07729697,0.0
0.0,0.0,0.04411765,0.3,0.00062745076,0.0021695085,0.0,0.0,0.0,0.0,0.0,0.0,0.0,0.0,0.0,0.0,0.0,0.0,0.0,0.0,0.0,0.007812768,0.010660216,0.009784736,0.0,0.0,1.0,0.6,1.0,0.0,0.6,0.7650595,1.0,1.0,0.09539964,0.0,0.009859771,0.0,0.0,0.06589544,0.0
0.1425626,0.0,0.13235295,0.8,1.5917067e-08,1.1144735e-05,0.0,0.0,0.0,0.0,0.0,0.0,0.0,0.0,0.0,0.0,0.0,0.0,0.0,0.0,0.0,0.0,0.022615887,0.0019569471,1.0,1.0,0.0,0.0,1.0,0.0,0.0,0.75607455,1.0,1.0,0.08287982,0.0,0.0,0.0,0.0,0.08295694,0.0
0.13100581,0.0,0.13235295,0.0,0.0,3.2691223e-05,0.0,0.0,0.0,0.0,0.0,0.0,0.0,0.0,0.0,0.0,0.0,0.0,0.0,0.0,0.0,0.0,0.018764682,0.0019569471,0.0,0.0,0.0,0.0,1.0,0.0,0.0,0.75839627,1.0,1.0,0.086406134,0.0,0.0029560477,0.0,0.0,0.0818893,0.0
0.0,0.0,0.5735294,0.2,0.0,0.0,0.0,0.0,0.0,0.0,0.0,0.0,0.0,0.0,0.0,0.0,0.0,0.0,0.0,0.0,0.0,0.0,0.01737009,0.0058708414,0.0,0.0,1.0,1.0,0.03,0.07,0.0,0.7607658,1.0,1.0,0.088747494,0.0,0.0030650944,0.0,0.0,0.07596743,0.0
0.0,0.0,0.0882353,0.1,0.0,0.0,0.0,0.0,0.0,0.0,0.0,0.0,0.0,0.0,0.0,0.0,0.0,0.0,0.0,0.0,0.0,0.0,0.023571514,0.023483366,1.0,1.0,0.0,0.0,0.1,0.06,0.0,0.7723638,1.0,1.0,0.086739235,0.0,0.0,0.0,0.0,0.08754814,0.0
0.0,1.0,0.36764705,0.0,1.6426413e-05,0.0,0.0,0.0,0.0,0.0,0.0,0.0,0.0,0.0,0.0,0.0,0.0,0.0,0.0,0.0,0.0,0.0,0.03586159,0.99804306,0.0,0.0,0.0,0.0,1.0,0.0,0.0,0.637514,0.9201993,1.0,0.037148952,0.0,0.0045671016,0.0,0.0,0.06388232,0.0
0.14159231,0.0,0.13235295,0.0,0.0,1.1144735e-05,0.0,0.0,0.0,0.0,0.0,0.0,0.0,0.0,0.0,0.0,0.0,0.0,0.0,0.0,0.0,0.0,0.021806762,0.0019569471,0.0,0.0,0.0,0.0,1.0,0.0,0.0,0.74527156,1.0,1.0,0.08066582,0.0,0.0,0.0,0.0,0.080397606,0.0
0.0,0.0,0.029411765,0.1,0.0,0.0,0.0,0.0,0.0,0.0,0.0,0.0,0.0,0.0,0.0,0.0,0.0,0.0,0.0,0.0,0.0,0.0,0.023432866,0.037181996,1.0,1.0,0.0,0.0,0.16,0.08,0.0,0.77626693,1.0,1.0,0.087881215,0.0,0.0,0.0,0.0,0.08840656,0.0
0.0,0.0,0.04411765,0.1,0.0,0.0,0.0,0.0,0.0,0.053392053,0.0,0.0,0.0,0.0,0.0,0.0,0.0027813017,0.025273532,0.0,0.0,0.0,0.07022813,0.01406505,0.10958904,1.0,1.0,0.0,0.0,1.0,0.0,0.0,0.88369393,1.0,1.0,0.12384684,0.0,0.003805831,0.0,0.0,0.099613756,0.0
0.0,0.0,0.42647058,0.2,0.0,0.0,0.0,0.0,0.0,0.0,0.0,0.0,0.0,0.0,0.0,0.0,0.0,0.0,0.0,0.0,0.0,0.0,0.01732067,0.0058708414,0.0,0.0,1.0,1.0,0.03,0.07,0.0,0.76089644,1.0,1.0,0.08885708,0.0,0.0029334575,0.0,0.0,0.07611811,0.0
0.0,0.0,0.7205882,0.2,0.0,0.0,0.0,0.0,0.0,0.0,0.0,0.0,0.0,0.0,0.0,0.0,0.0,0.0,0.0,0.0,0.0,0.0,0.017245814,0.009784736,0.0,0.0,1.0,1.0,0.04,0.07,0.0,0.7626139,1.0,1.0,0.08938783,0.0,0.0028802007,0.0,0.0,0.076512605,0.0
0.035969853,0.0,0.04411765,0.3,0.0011480661,0.0,0.0,0.0,0.0,0.0,0.0,0.0,0.0,0.0,0.0,0.0,0.0,0.0,0.0,0.0,0.0,0.007897019,0.010983735,0.021526419,0.0,0.0,1.0,1.0,1.0,0.0,0.0,0.76543534,1.0,1.0,0.09517247,0.0,0.009669185,0.0,0.0,0.06707296,0.0
0.0,0.0,0.029411765,0.2,0.0,0.0,0.0,0.0,0.0,0.0,0.0,0.0,0.0,0.0,0.0,0.0,0.0,0.0,0.0,0.0,0.0,0.0013908148,0.01691565,0.021526419,0.0,0.0,1.0,1.0,0.05,0.06,0.0,0.7694831,1.0,1.0,0.09159713,0.0,0.0023157,0.0,0.0,0.07866484,0.0
0.0,0.0,0.029411765,0.2,0.0,0.0,0.0,0.0,0.0,0.0,0.0,0.0,0.0,0.0,0.0,0.0,0.0,0.0,0.0,0.0,0.0,0.0,0.017048083,0.0039138943,0.0,0.0,1.0,1.0,0.01,0.06,0.0,0.7672193,1.0,1.0,0.09093434,0.0,0.0019679815,0.0,0.0,0.07874328,0.0
0.0,0.0,0.11764706,0.2,0.0,0.0,0.0,0.0,0.0,0.0,0.0,0.0,0.0,0.0,0.0,0.0,0.0,0.0,0.0,0.0,0.0,0.0014537275,0.016929157,0.017612524,0.0,0.0,1.0,1.0,0.04,0.07,0.0,0.7697487,1.0,1.0,0.09166934,0.0,0.0022240877,0.0,0.0,0.07882342,0.0
0.0,1.0,0.36764705,0.0,1.6426413e-05,0.0,0.0,0.0,0.0,0.0,0.0,0.0,0.0,0.0,0.0,0.0,0.0,0.0,0.0,0.0,0.0,0.004474193,0.016758293,1.0,0.0,0.0,0.0,0.0,1.0,0.0,0.0,0.77074206,1.0,1.0,0.0922161,0.0,0.0024275035,0.0,0.0,0.083520204,0.0
0.12540933,0.0,0.13235295,0.0,0.0,3.2691223e-05,0.0,0.0,0.0,0.0142659545,0.0,0.0,0.0,0.0,0.0,0.0,0.0,0.0,0.0,0.0,0.0,0.02411443,0.018211268,0.0019569471,0.0,0.0,0.0,0.0,1.0,0.0,0.0,0.8087537,1.0,1.0,0.10024723,0.0,0.0018810481,0.0,0.0,0.09288749,0.0
0.0,0.0,0.029411765,0.2,0.0,0.0,0.0,0.0,0.0,0.0,0.0,0.0,0.0,0.0,0.0,0.0,0.0,0.0,0.0,0.0,0.0,0.00042575598,0.017187893,0.023483366,0.0,0.0,1.0,1.0,0.09,0.06,0.0,0.767285,1.0,1.0,0.09067499,0.0,0.0028058589,0.0,0.0,0.07751566,0.0
0.035588667,0.0,0.04411765,0.3,0.001155006,0.0,0.0,0.0,0.0,0.021798968,0.0,0.0,0.0,0.0,0.0,0.0,0.0008906871,0.0047674477,0.0,0.0,0.0,0.040995806,0.009988338,0.015655577,0.0,0.0,1.0,1.0,1.0,0.0,0.0,0.8225745,1.0,1.0,0.11117401,0.0,0.009415358,0.0,0.0,0.077011704,0.0
0.0,0.0,0.029411765,0.2,0.0,0.0,0.0,0.0,0.0,0.0,0.0,0.0,0.0,0.0,0.0,0.0,0.0,0.0,0.0,0.0,0.0,0.0,0.017423376,0.0019569471,0.0,0.0,1.0,1.0,0.01,0.06,0.0,0.7585622,1.0,1.0,0.08812296,0.0,0.0030782819,0.0,0.0,0.07546988,0.0
0.0,0.0,0.029411765,0.1,0.0,0.0,0.0,0.0,0.0,0.0,0.0,0.0,0.0,0.0,0.0,0.0,0.0,0.0,0.0,0.0,0.0,0.0,0.023213789,0.03522505,1.0,1.0,0.0,0.0,0.1,0.09,0.0,0.78048563,1.0,1.0,0.08927774,0.0,0.0,0.0,0.0,0.089743555,0.0
0.0,0.0,0.7352941,0.5,0.0,0.0,0.0,0.0,0.0,0.0,0.0,0.0,0.0,0.0,0.0,0.0,0.0,0.0,0.0,0.0,0.0,0.0,0.017094329,0.02739726,0.0,0.0,1.0,1.0,0.1,0.06,0.0,0.76243067,1.0,1.0,0.08947138,0.0,0.0029902756,0.0,0.0,0.07631999,0.0
0.0,0.0,0.4852941,0.2,0.0,0.0,0.0,0.0,0.0,0.0,0.0,0.0,0.0,0.0,0.0,0.0,0.0,0.0,0.0,0.0,0.0,0.0029307902,0.01682946,0.019569471,0.0,0.0,1.0,1.0,0.04,0.06,0.0,0.77263963,1.0,1.0,0.092563845,0.0,0.001932919,0.0,0.0,0.07989079,0.0
0.0,0.0,0.3529412,0.2,0.0,0.0,0.0,0.0,0.0,0.0,0.0,0.0,0.0,0.0,0.0,0.0,0.0,0.0,0.0,0.0,0.0,0.00048592687,0.016997717,0.03522505,0.0,0.0,1.0,1.0,0.17,0.07,0.0,0.7665931,1.0,1.0,0.09061163,0.0,0.0032646507,0.0,0.0,0.07661295,0.0
0.0,0.0,0.13235295,0.5,0.0,0.0,0.0,0.0,0.0,0.0030943155,0.0,0.0,0.0,0.0,0.0,0.0,0.0,0.0,0.0,0.0,0.0,0.014257789,0.016173698,0.0019569471,0.0,0.0,1.0,1.0,0.12,0.38,0.0,0.7884002,1.0,1.0,0.09694206,0.0,0.004110858,0.0,0.0,0.07995114,0.0
0.0,0.0,0.029411765,0.1,0.0,0.0,0.0,0.0,0.0,0.0,0.0,0.0,0.0,0.0,0.0,0.0,0.0,0.0,0.0,0.0,0.0,0.0,0.02370637,0.0039138943,1.0,1.0,0.0,0.0,0.05,0.2,0.0,0.7753631,1.0,1.0,0.08734401,0.0,0.0,0.0,0.0,0.088264495,0.0
0.0,0.0,0.029411765,0.1,0.0,0.0,0.0,0.0,0.0,0.0,0.0,0.0,0.0,0.0,0.0,0.0,0.0,0.0,0.0,0.0,0.0,0.0,0.023506865,0.0019569471,1.0,1.0,0.0,0.0,0.01,0.08,0.0,0.77183485,1.0,1.0,0.08676741,0.0,0.0,0.0,0.0,0.088059455,0.0
0.0,0.0,0.029411765,0.1,0.0,0.0,0.0,0.0,0.0,0.0,0.0,0.0,0.0,0.0,0.0,0.0,0.0,0.0,0.0,0.0,0.0,0.0,0.022995904,0.031311154,1.0,1.0,0.0,0.0,0.06,0.06,0.0,0.78206897,1.0,1.0,0.09001612,0.0,0.0,0.0,0.0,0.09062484,0.0
0.035813913,0.0,0.04411765,0.3,0.001155006,0.0,0.0,0.0,0.0,0.03319484,0.0,0.0,0.0,0.0,0.0,0.0,0.0022078604,0.014523447,0.0,0.0,0.0,0.053719193,0.009608865,0.017612524,0.0,0.0,1.0,1.0,1.0,0.0,0.0,0.8444934,1.0,1.0,0.117306374,0.0,0.009327322,0.0,0.0,0.08088446,0.0
0.0,0.0,0.89705884,0.1,0.0,0.0,0.0,0.0,0.0,0.0,0.0,0.0,0.0,0.0,0.0,0.0,0.0,0.0,0.0,0.0,0.0,0.0,0.023452953,0.0058708414,1.0,1.0,0.0,0.0,0.02,0.09,0.0,0.77333784,1.0,1.0,0.08721457,0.0,0.0,0.0,0.0,0.08838597,0.0
0.0,0.0,0.4852941,0.2,0.0,0.0,0.0,0.0,0.0,0.0,0.0,0.0,0.0,0.0,0.0,0.0,0.0,0.0,0.0,0.0,0.0,0.003756255,0.01674968,0.02739726,0.0,0.0,1.0,1.0,0.05,0.06,0.0,0.7739018,1.0,1.0,0.09295984,0.0,0.0019995421,0.0,0.0,0.08004871,0.0
0.1315256,0.0,0.13235295,0.0,0.0,3.2691223e-05,0.0,0.0,0.0,0.02766326,0.0,0.0,0.0,0.0,0.0,0.0,0.0,0.0,0.0,0.0,0.0,0.03612426,0.018922657,0.0019569471,0.0,0.0,0.0,0.0,1.0,0.0,0.0,0.83492064,1.0,1.0,0.10683482,0.0,0.0,0.0,0.0,0.09872696,0.0
0.0,0.0,0.029411765,0.2,0.0,0.0,0.0,0.0,0.0,0.0,0.0,0.0,0.0,0.0,0.0,0.0,0.0,0.0,0.0,0.0,0.0,0.0,0.017285064,0.011741683,0.0,0.0,1.0,1.0,0.06,0.07,0.0,0.76146126,1.0,1.0,0.08901545,0.0,0.0030775368,0.0,0.0,0.07601389,0.0
0.0,0.0,0.029411765,0.2,0.0,0.0,0.0,0.0,0.0,0.0,0.0,0.0,0.0,0.0,0.0,0.0,0.0,0.0,0.0,0.0,0.0,0.0,0.017325051,0.009784736,0.0,0.0,1.0,1.0,0.05,0.06,0.0,0.7608588,1.0,1.0,0.088809036,0.0,0.0031409264,0.0,0.0,0.07579079,0.0
0.0,0.0,0.029411765,0.1,0.0,0.0,0.0,0.0,0.0,0.0,0.0,0.0,0.0,0.0,0.0,0.0,0.0,0.0,0.0,0.0,0.0,0.0,0.023112103,0.025440313,1.0,1.0,0.0,0.0,0.05,0.06,0.0,0.77976155,1.0,1.0,0.089280866,0.0,0.0,0.0,0.0,0.09001592,0.0
0.0,0.0,0.13235295,0.8,0.0,3.2691223e-05,0.0,0.0,0.0,0.013456643,0.0,0.0,0.0,0.0,0.0,0.0,0.0,0.0,0.0,0.0,0.0,0.019712538,0.018899165,0.0019569471,1.0,1.0,0.0,0.0,1.0,0.0,0.0,0.80732787,1.0,1.0,0.09968687,0.0,0.0,0.0,0.0,0.09299302,0.0
0.035935197,0.0,0.04411765,0.3,0.001155006,0.0,0.0,0.0,0.0,0.0,0.0,0.0,0.0,0.0,0.0,0.0,0.0,0.0,0.0,0.0,0.0,0.0,0.011274241,0.019569471,0.0,0.0,1.0,1.0,1.0,0.0,0.0,0.75110877,1.0,1.0,0.091121845,0.0,0.009715274,0.0,0.0,0.06462476,0.0
0.0,0.0,0.029411765,0.2,0.0,0.0,0.0,0.0,0.0,0.0,0.0,0.0,0.0,0.0,0.0,0.0,0.0,0.0,0.0,0.0,0.0,0.0023973286,0.016871504,0.01369863,0.0,0.0,1.0,1.0,0.03,0.06,0.0,0.7719325,1.0,1.0,0.09235849,0.0,0.0018099397,0.0,0.0,0.079936564,0.0
0.015628519,0.0,0.04411765,0.3,6.277691e-05,0.0,0.0,0.0,0.0,0.008150607,0.0,0.0,0.0,0.0,0.0,0.0,0.0,0.0,0.0,0.0,0.0,0.025696605,0.0100871995,0.11545988,0.02,0.02,0.97,0.97,1.0,0.0,0.0,0.79598665,1.0,1.0,0.10409937,0.0,0.009516284,0.0,0.0,0.07222578,0.0
0.0,0.0,0.44117647,0.2,0.0,0.0,0.0,0.0,0.0,0.0,0.0,0.0,0.0,0.0,0.0,0.0,0.0,0.0,0.0,0.0,0.0,0.0,0.017392687,0.0039138943,0.0,0.0,1.0,1.0,0.02,0.07,0.0,0.7595824,1.0,1.0,0.08841608,0.0,0.003102541,0.0,0.0,0.07560235,0.0
0.0,0.0,0.13235295,0.8,0.0,3.2691223e-05,0.0,0.0,0.0,0.027529925,0.0,0.0,0.0,0.0,0.0,0.0,0.0,0.0,0.0,0.0,0.0,0.035630852,0.019032158,0.0019569471,1.0,1.0,0.0,0.0,1.0,0.0,0.0,0.8347193,1.0,1.0,0.106725,0.0,0.0,0.0,0.0,0.098721534,0.0
0.0,0.0,0.029411765,0.2,0.0,0.0,0.0,0.0,0.0,0.0,0.0,0.0,0.0,0.0,0.0,0.0,0.0,0.0,0.0,0.0,0.0,0.0007330179,0.017054863,0.0039138943,0.0,0.0,1.0,1.0,0.01,0.07,0.0,0.7689979,1.0,1.0,0.091387816,0.0,0.0019282997,0.0,0.0,0.07928094,0.0
0.0,0.0,0.13235295,0.8,0.0,3.2691223e-05,0.0,0.0,0.0,0.025280565,0.0,0.0,0.0,0.0,0.0,0.0,0.0,0.0,0.0,0.0,0.0,0.033121556,0.019020557,0.0019569471,1.0,1.0,0.0,0.0,1.0,0.0,0.0,0.8303442,1.0,1.0,0.105585925,0.0,0.0,0.0,0.0,0.09783745,0.0
0.0,0.0,0.61764705,0.2,0.0,0.0,0.0,0.0,0.0,0.0,0.0,0.0,0.0,0.0,0.0,0.0,0.0,0.0,0.0,0.0,0.0,0.0005751252,0.01698915,0.03522505,0.0,0.0,1.0,1.0,0.17,0.06,0.0,0.7667829,1.0,1.0,0.090674214,0.0,0.0032364577,0.0,0.0,0.076691,0.0
0.12856276,0.0,0.13235295,0.0,0.0,3.2691223e-05,0.0,0.0,0.0,0.0,0.0,0.0,0.0,0.0,0.0,0.0,0.0,0.0,0.0,0.0,0.0,0.002026379,0.017821327,0.0019569471,0.0,0.0,0.0,0.0,1.0,0.0,0.0,0.7678156,1.0,1.0,0.08970869,0.0,0.0035471618,0.0,0.0,0.08245522,0.0
0.0,1.0,0.36764705,0.0,1.6426413e-05,0.0,0.0,0.0,0.0,0.0059477687,0.0,0.0,0.0,0.0,0.0,0.0,0.0,0.0,0.0,0.0,0.0,0.016643316,0.015492521,1.0,0.0,0.0,0.0,0.0,1.0,0.0,0.0,0.7903385,1.0,1.0,0.09852167,0.0,0.0024408847,0.0,0.0,0.0884701,0.0
0.0,0.0,0.029411765,0.2,0.0,0.0,0.0,0.0,0.0,0.0,0.0,0.0,0.0,0.0,0.0,0.0,0.0,0.0,0.0,0.0,0.0,0.0,0.018983379,0.029354207,0.0,0.0,1.0,1.0,0.13,0.07,0.0,0.7438122,1.0,1.0,0.082710825,0.0,0.0030770898,0.0,0.0,0.07327402,0.0
0.1290479,0.0,0.13235295,0.0,0.0,3.2691223e-05,0.0,0.0,0.0,0.0,0.0,0.0,0.0,0.0,0.0,0.0,0.0,0.0,0.0,0.0,0.0,0.0007391572,0.017920606,0.0019569471,0.0,0.0,0.0,0.0,1.0,0.0,0.0,0.7656834,1.0,1.0,0.089059584,0.0,0.0035014004,0.0,0.0,0.08222616,0.0
0.0,0.0,0.04411765,0.0,0.0008681168,0.0061771553,0.0,0.0,0.0,0.0,0.0,0.0,0.0,0.0,0.0,0.0,0.0,0.0,0.0,0.0,0.0,0.009307414,0.010610156,0.007827789,0.0,0.0,0.25,0.25,1.0,0.0,0.0,0.76763904,1.0,1.0,0.096129574,0.0,0.009821698,0.0,0.0,0.06646091,0.0
0.0,0.0,0.029411765,0.2,0.0,0.0,0.0,0.0,0.0,0.0,0.0,0.0,0.0,0.0,0.0,0.0,0.0,0.0,0.0,0.0,0.0,0.0,0.017298348,0.0039138943,0.0,0.0,1.0,1.0,0.01,0.06,0.0,0.76070905,1.0,1.0,0.0888541,0.0,0.0028228909,0.0,0.0,0.076162726,0.0
1.7326518e-05,0.0,0.22058824,0.0,4.1368454e-05,0.00021769383,0.0,0.0,0.0,0.0,0.0,0.0,0.0,0.0,0.0,0.0,0.0,0.0,0.0,0.0,0.0,0.0,0.013441533,0.0058708414,0.0,0.0,0.0,0.0,1.0,0.0,0.0,0.75338244,1.0,1.0,0.08978719,0.0,0.007204175,0.0,0.0,0.073304296,0.0
0.0,0.0,0.029411765,0.2,0.0,0.0,0.0,0.0,0.0,0.0,0.0,0.0,0.0,0.0,0.0,0.0,0.0,0.0,0.0,0.0,0.0,0.0033310652,0.016861789,0.023483366,0.0,0.0,1.0,1.0,0.05,0.07,0.0,0.7729459,1.0,1.0,0.09256267,0.0,0.0022016019,0.0,0.0,0.07960799,0.0
0.0,0.0,0.029411765,0.5,0.0,0.0,0.0,0.0,0.0,0.0,0.0,0.0,0.0,0.0,0.0,0.0,0.0,0.0,0.0,0.0,0.0,0.0,0.017275043,0.007827789,0.0,0.0,1.0,1.0,0.03,0.06,0.0,0.76224864,1.0,1.0,0.08925965,0.0,0.002908364,0.0,0.0,0.07638714,0.0
1.7326518e-05,0.0,0.22058824,0.0,4.1368454e-05,0.00021769383,0.0,0.0,0.0,0.0,0.0,0.0,0.0,0.0,0.0,0.0,0.0,0.0,0.0,0.0,0.0,0.0032672584,0.012095824,0.0058708414,0.0,0.0,0.0,0.0,1.0,0.0,0.0,0.7579187,1.0,1.0,0.092026286,0.0,0.008858517,0.0,0.0,0.07145262,0.0
1.7326518e-05,0.0,0.22058824,0.0,4.1368454e-05,0.00021769383,0.0,0.0,0.0,0.0,0.0,0.0,0.0,0.0,0.0,0.0,0.0,0.0,0.0,0.0,0.0,0.004569441,0.011718273,0.0058708414,0.0,0.0,0.0,0.0,1.0,0.0,0.0,0.7601408,1.0,1.0,0.09300538,0.0,0.0090010315,0.0,0.0,0.070433855,0.0
0.0,0.0,0.029411765,0.1,0.0,0.0,0.0,0.0,0.0,0.0,0.0,0.0,0.0,0.0,0.0,0.0,0.0,0.0,0.0,0.0,0.0,0.0,0.023484156,0.017612524,1.0,1.0,0.0,0.0,0.07,0.09,0.0,0.77522933,1.0,1.0,0.08760788,0.0,0.0,0.0,0.0,0.08842194,0.0
0.0,0.0,0.029411765,0.1,0.0,0.0,0.0,0.0,0.0,0.0,0.0,0.0,0.0,0.0,0.0,0.0,0.0,0.0,0.0,0.0,0.0,0.0,0.02127587,0.009784736,0.69,0.8,0.31,0.2,0.04,0.06,0.0,0.7610731,1.0,1.0,0.08567744,0.0,0.0,0.0,0.0,0.08173177,0.0
0.0,0.0,0.8382353,0.5,0.0,0.0,0.0,0.0,0.0,0.0,0.0,0.0,0.0,0.0,0.0,0.0,0.0,0.0,0.0,0.0,0.0,0.0002694726,0.01705134,0.031311154,0.0,0.0,1.0,1.0,0.16,0.07,0.0,0.76631033,1.0,1.0,0.0904875,0.0,0.003216967,0.0,0.0,0.076711565,0.0
0.0,0.0,0.029411765,0.2,0.0,0.0,0.0,0.0,0.0,0.0,0.0,0.0,0.0,0.0,0.0,0.0,0.0,0.0,0.0,0.0,0.0,0.0032973588,0.016789556,0.0332681,0.0,0.0,1.0,1.0,0.08,0.06,0.0,0.77245355,1.0,1.0,0.09246986,0.0,0.0024801195,0.0,0.0,0.07895097,0.0
0.0,0.0,0.11764706,0.1,0.0,0.0,0.0,0.0,0.0,0.0,0.0,0.0,0.0,0.0,0.0,0.0,0.0,0.0,0.0,0.0,0.0,0.0,0.023170702,0.015655577,1.0,1.0,0.0,0.0,0.03,0.06,0.0,0.776863,1.0,1.0,0.088496186,0.0,0.0,0.0,0.0,0.08950463,0.0
0.0,0.0,0.029411765,0.2,0.0,0.0,0.0,0.0,0.0,0.0,0.0,0.0,0.0,0.0,0.0,0.0,0.0,0.0,0.0,0.0,0.0,0.0061285496,0.016527064,0.039138943,0.0,0.0,1.0,1.0,0.07,0.06,0.0,0.77804637,1.0,1.0,0.09428621,0.0,0.0018773079,0.0,0.0,0.080914795,0.0
0.0,0.0,0.029411765,0.2,0.0,0.0,0.0,0.0,0.0,0.0026024282,0.0,0.0,0.0,0.0,0.0,0.0,0.0,0.0,0.0,0.0,0.0,0.009462863,0.01798822,0.039138943,0.63,0.0,0.37,1.0,0.07,0.05,0.0,0.7868966,1.0,1.0,0.09538732,0.0,0.0004183203,0.0,0.0,0.08505076,0.0
0.0,0.0,0.029411765,0.1,0.0,0.0,0.0,0.0,0.0,0.0,0.0,0.0,0.0,0.0,0.0,0.0,0.0,0.0,0.0,0.0,0.0,0.0,0.023326062,0.011741683,1.0,1.0,0.0,0.0,0.03,0.07,0.0,0.77518773,1.0,1.0,0.08785158,0.0,0.0,0.0,0.0,0.08892536,0.0
0.0,0.0,0.7647059,0.1,0.0,0.0,0.0,0.0,0.0,0.0,0.0,0.0,0.0,0.0,0.0,0.0,0.0,0.0,0.0,0.0,0.0,0.0,0.023178197,0.037181996,1.0,1.0,0.0,0.0,0.1,0.09,0.0,0.7809274,1.0,1.0,0.08943448,0.0,0.0,0.0,0.0,0.08989537,0.0
1.7326518e-05,0.0,0.22058824,0.0,4.1368454e-05,0.00021769383,0.0,0.0,0.0,0.0,0.0,0.0,0.0,0.0,0.0,0.0,0.0,0.0,0.0,0.0,0.0,0.0027258396,0.012232214,0.0039138943,0.0,0.0,0.0,0.0,1.0,0.0,0.0,0.7570127,1.0,1.0,0.0916476,0.0,0.0088157505,0.0,0.0,0.07170367,0.0
0.0,0.0,0.029411765,0.2,0.0,0.0,0.0,0.0,0.0,0.0,0.0,0.0,0.0,0.0,0.0,0.0,0.0,0.0,0.0,0.0,0.0,0.00035104156,0.017039105,0.011741683,0.0,0.0,1.0,1.0,0.03,0.07,0.0,0.7678765,1.0,1.0,0.091064356,0.0,0.002236709,0.0,0.0,0.078555465,0.0
0.0,1.0,0.36764705,0.0,1.6044403e-05,0.0,0.0,0.0,0.0,0.00058323145,0.0,0.0,0.0,0.0,0.0,0.0,0.0,0.0,0.0,0.0,0.0,0.013078123,0.014423013,0.30332682,0.0,0.0,0.0,0.0,1.0,0.0,0.0,0.7799885,1.0,1.0,0.09653898,0.0,0.004514277,0.0,0.0,0.08393699,0.0
0.0,0.0,0.04411765,0.1,0.0,0.0,0.0,0.0,0.0,0.05627185,0.0,0.0,0.0,0.0,0.0,0.0,0.0026040524,0.02575484,0.0,0.0,0.0,0.07176551,0.015378423,0.15264188,1.0,1.0,0.0,0.0,1.0,0.0,0.0,0.8892542,1.0,1.0,0.12418867,0.0,0.0022820532,0.0,0.0,0.10405007,0.0
0.13965173,0.0,0.13235295,0.8,1.5917067e-08,1.1144735e-05,0.0,0.0,0.0,0.0,0.0,0.0,0.0,0.0,0.0,0.0,0.0,0.0,0.0,0.0,0.0,0.00019136071,0.018174976,0.0019569471,1.0,1.0,0.0,0.0,1.0,0.0,0.0,0.77151275,1.0,1.0,0.09085376,0.0,0.00034113228,0.0,0.0,0.08489582,0.0
0.0,0.0,0.04411765,0.0,0.0008681168,0.0061771553,0.0,0.0,0.0,0.0,0.0,0.0,0.0,0.0,0.0,0.0,0.0,0.0,0.0,0.0,0.0,0.0034077168,0.010810904,0.0332681,0.0,0.0,0.0,0.0,1.0,0.0,0.18,0.75754476,1.0,1.0,0.09328092,0.0,0.009814963,0.0,0.0,0.064843,0.0
0.0,0.0,0.04411765,0.2,0.0,0.0,0.0,0.0,0.0,0.0,0.0,0.0,0.0,0.0,0.0,0.0,0.0,0.0,0.0,0.0,0.0,0.003619641,0.016710997,0.02739726,0.0,0.0,1.0,1.0,0.05,0.06,0.0,0.7737951,1.0,1.0,0.092991136,0.0,0.0019031316,0.0,0.0,0.08010176,0.0
0.0,0.0,0.42647058,0.2,0.0,0.0,0.0,0.0,0.0,0.0,0.0,0.0,0.0,0.0,0.0,0.0,0.0,0.0,0.0,0.0,0.0,0.0,0.01737205,0.0058708414,0.0,0.0,1.0,1.0,0.03,0.07,0.0,0.7597579,1.0,1.0,0.08848166,0.0,0.0031025112,0.0,0.0,0.07564986,0.0
0.0,0.0,0.29411766,0.1,0.0,0.0,0.0,0.0,0.0,0.0,0.0,0.0,0.0,0.0,0.0,0.0,0.0,0.0,0.0,0.0,0.0,0.0,0.023324586,0.02739726,1.0,1.0,0.0,0.0,0.08,0.09,0.0,0.77743936,1.0,1.0,0.088368766,0.0,0.0,0.0,0.0,0.08907613,0.0
0.0,1.0,0.36764705,0.0,1.6044403e-05,0.0,0.0,0.0,0.0,0.0,0.0,0.0,0.0,0.0,0.0,0.0,0.0,0.0,0.0,0.0,0.0,0.012246996,0.01431717,0.21722114,0.0,0.0,0.0,0.0,1.0,0.0,0.0,0.77826834,1.0,1.0,0.09617751,0.0,0.0046996474,0.0,0.0,0.08310038,0.0
0.0,0.0,0.029411765,0.2,0.0,0.0,0.0,0.0,0.0,0.0,0.0,0.0,0.0,0.0,0.0,0.0,0.0,0.0,0.0,0.0,0.0,0.0,0.017106153,0.007827789,0.0,0.0,1.0,1.0,0.02,0.07,0.0,0.7669563,1.0,1.0,0.09074547,0.0,0.0023212433,0.0,0.0,0.07822636,0.0
0.0,0.0,0.04411765,0.1,0.0,0.0,0.0,0.0,0.0,0.024265558,0.0,0.0,0.0,0.0,0.0,0.0,0.0004394725,0.004630983,0.0,0.0,0.0,0.04036811,0.013112485,0.06849315,0.17,0.17,0.83,0.83,1.0,0.0,0.0,0.82841194,1.0,1.0,0.11007165,0.0,0.006336227,0.0,0.0,0.083060324,0.0
0.13199341,0.0,0.13235295,0.0,0.0,3.2691223e-05,0.0,0.0,0.0,0.0,0.0,0.0,0.0,0.0,0.0,0.0,0.0,0.0,0.0,0.0,0.0,0.0,0.019235022,0.0019569471,0.0,0.0,0.0,0.0,1.0,0.0,0.0,0.74964666,1.0,1.0,0.08373623,0.0,0.0025431067,0.0,0.0,0.08074495,0.0
0.0,0.0,0.029411765,0.2,0.0,0.0,0.0,0.0,0.0,0.0,0.0,0.0,0.0,0.0,0.0,0.0,0.0,0.0,0.0,0.0,0.0,0.0033886135,0.016770989,0.03522505,0.0,0.0,1.0,1.0,0.09,0.06,0.0,0.7725816,1.0,1.0,0.09251981,0.0,0.0024871975,0.0,0.0,0.078978956,0.0
0.0,0.0,0.04411765,0.2,0.0,0.0,0.0,0.0,0.0,0.0046408176,0.0,0.0,0.0,0.0,0.0,0.0,0.0,0.0,0.0,0.0,0.0,0.015895039,0.016096912,0.019569471,0.0,0.0,1.0,1.0,0.56,0.11,0.0,0.7913085,1.0,1.0,0.09779217,0.0,0.004033476,0.0,0.0,0.08055094,0.0
0.0,0.0,0.029411765,0.2,0.0,0.0,0.0,0.0,0.0,0.0,0.0,0.0,0.0,0.0,0.0,0.0,0.0,0.0,0.0,0.0,0.0,0.0023441017,0.01685287,0.023483366,0.0,0.0,1.0,1.0,0.05,0.06,0.0,0.7712147,1.0,1.0,0.0921249,0.0,0.0022342652,0.0,0.0,0.07908994,0.0
0.0,0.0,0.89705884,0.2,0.0,0.0,0.0,0.0,0.0,0.0,0.0,0.0,0.0,0.0,0.0,0.0,0.0,0.0,0.0,0.0,0.0,0.004662901,0.016700543,0.03522505,0.0,0.0,1.0,1.0,0.08,0.07,0.0,0.7751074,1.0,1.0,0.09328618,0.0,0.0022242367,0.0,0.0,0.07992092,0.0
0.0,0.0,0.029411765,0.2,0.0,0.0,0.0,0.0,0.0,0.0,0.0,0.0,0.0,0.0,0.0,0.0,0.0,0.0,0.0,0.0,0.0,0.004754156,0.016682044,0.037181996,0.0,0.0,1.0,1.0,0.08,0.07,0.0,0.7752354,1.0,1.0,0.09333611,0.0,0.0022313297,0.0,0.0,0.07994881,0.0
0.0,0.0,0.029411765,0.2,0.0,0.0,0.0,0.0,0.0,0.0,0.0,0.0,0.0,0.0,0.0,0.0,0.0,0.0,0.0,0.0,0.0,0.0,0.0212297,0.01369863,0.0,0.0,1.0,1.0,0.07,0.06,0.0,0.7107146,1.0,1.0,0.0718315,0.0,0.0033749193,0.0,0.0,0.06617987,0.0
0.0,0.0,0.13235295,0.8,0.0,3.2691223e-05,0.0,0.0,0.0,0.014121652,0.0,0.0,0.0,0.0,0.0,0.0,0.0,0.0,0.0,0.0,0.0,0.020474404,0.018948637,0.0019569471,1.0,1.0,0.0,0.0,1.0,0.0,0.0,0.8086513,1.0,1.0,0.09998106,0.0,0.0,0.0,0.0,0.093313724,0.0
0.0,0.0,0.19117647,0.2,0.0,0.0,0.0,0.0,0.0,0.0,0.0,0.0,0.0,0.0,0.0,0.0,0.0,0.0,0.0,0.0,0.0,0.0027921796,0.016800769,0.017612524,0.0,0.0,1.0,1.0,0.03,0.05,0.0,0.7725947,1.0,1.0,0.09260776,0.0,0.0018012524,0.0,0.0,0.07999399,0.0
0.0,0.0,0.13235295,0.8,0.0,3.2691223e-05,0.0,0.0,0.0,0.0,0.0,0.0,0.0,0.0,0.0,0.0,0.0,0.0,0.0,0.0,0.0,0.0,0.032352954,0.0019569471,1.0,1.0,0.0,0.0,1.0,0.0,0.0,0.6467111,0.93242514,1.0,0.042128853,0.0,0.008923769,0.0,0.0,0.0616747,0.0
0.0,0.0,0.13235295,0.1,0.0,0.0,0.0,0.0,0.0,0.0604589,0.0,0.0,0.0,0.0,0.0,0.0,0.0025041103,0.026202232,0.0,0.0,0.0,0.071216464,0.019660264,0.20156556,1.0,1.0,0.0,0.0,1.0,0.0,0.0,0.89866436,1.0,1.0,0.12311684,0.0,0.0,0.0,0.0,0.11287284,0.0
0.0,0.0,0.25,0.5,0.0,0.0,0.0,0.0,0.0,0.0,0.0,0.0,0.0,0.0,0.0,0.0,0.0,0.0,0.0,0.0,0.0,0.0,0.017229274,0.015655577,0.0,0.0,1.0,1.0,0.07,0.06,0.0,0.76179135,1.0,1.0,0.089155234,0.0,0.0031181872,0.0,0.0,0.07593477,0.0
0.0,0.0,0.13235295,0.8,0.0,3.2691223e-05,0.0,0.0,0.0,0.008581191,0.0,0.0,0.0,0.0,0.0,0.0,0.0,0.0,0.0,0.0,0.0,0.014343977,0.0187383,0.0019569471,1.0,1.0,0.0,0.0,1.0,0.0,0.0,0.7977501,1.0,1.0,0.09731112,0.0,0.0,0.0,0.0,0.09096286,0.0
0.0,0.0,0.029411765,0.2,0.0,0.0,0.0,0.0,0.0,0.0,0.0,0.0,0.0,0.0,0.0,0.0,0.0,0.0,0.0,0.0,0.0,0.002283901,0.016891487,0.019569471,0.0,0.0,1.0,1.0,0.04,0.07,0.0,0.7712641,1.0,1.0,0.092110224,0.0,0.0021372736,0.0,0.0,0.07932502,0.0
0.0,0.0,0.029411765,0.2,0.0,0.0,0.0,0.0,0.0,0.0,0.0,0.0,0.0,0.0,0.0,0.0,0.0,0.0,0.0,0.0,0.0,0.0,0.017324246,0.007827789,0.0,0.0,1.0,1.0,0.04,0.06,0.0,0.76115763,1.0,1.0,0.0888999,0.0,0.003070414,0.0,0.0,0.075938374,0.0
0.0,0.0,0.029411765,0.2,0.0,0.0,0.0,0.0,0.0,0.0,0.0,0.0,0.0,0.0,0.0,0.0,0.0,0.0,0.0,0.0,0.0,0.0,0.017106883,0.009784736,0.0,0.0,1.0,1.0,0.03,0.07,0.0,0.76665735,1.0,1.0,0.090654664,0.0,0.002391696,0.0,0.0,0.07807878,0.0
0.12786971,0.0,0.13235295,0.0,0.0,3.2691223e-05,0.0,0.0,0.0,0.0,0.0,0.0,0.0,0.0,0.0,0.0,0.0,0.0,0.0,0.0,0.0,0.0027906895,0.017675303,0.0019569471,0.0,0.0,0.0,0.0,1.0,0.0,0.0,0.7689215,1.0,1.0,0.0901311,0.0,0.0036816,0.0,0.0,0.08219978,0.0
0.1426319,0.0,0.13235295,0.9,0.0,1.1144735e-05,0.0,0.0,0.0,0.0,0.0,0.0,0.0,0.0,0.0,0.0,0.0,0.0,0.0,0.0,0.0,0.0,0.036878265,0.0019569471,1.0,1.0,0.0,0.0,1.0,0.0,0.0,0.6276703,0.9078409,1.0,0.03232953,0.0,0.009657159,0.0,0.0,0.060392603,0.0
0.0,0.0,0.029411765,0.1,0.0,0.0,0.0,0.0,0.0,0.0,0.0,0.0,0.0,0.0,0.0,0.0,0.0,0.0,0.0,0.0,0.0,0.0,0.022364557,0.015655577,0.75,1.0,0.25,0.0,0.04,0.07,0.0,0.7676215,1.0,1.0,0.08665166,0.0,0.0,0.0,0.0,0.085481554,0.0
0.0,0.0,0.13235295,0.1,0.0,0.0,0.0,0.0,0.0,0.0,0.0,0.0,0.0,0.0,0.0,0.0,0.0,0.0,0.0,0.0,0.0,0.0,0.021771759,0.023483366,1.0,1.0,0.0,0.0,0.38,0.06,0.0,0.7339145,1.0,1.0,0.07783725,0.0,0.0,0.0,0.0,0.07798058,0.0
0.0,0.0,0.029411765,0.1,0.0,0.0,0.0,0.0,0.0,0.0,0.0,0.0,0.0,0.0,0.0,0.0,0.0,0.0,0.0,0.0,0.0,0.0,0.023466147,0.009784736,1.0,1.0,0.0,0.0,0.03,0.09,0.0,0.7745334,1.0,1.0,0.08748286,0.0,0.0,0.0,0.0,0.08850616,0.0
0.0,0.0,0.029411765,0.1,0.0,0.0,0.0,0.0,0.0,0.0,0.0,0.0,0.0,0.0,0.0,0.0,0.0,0.0,0.0,0.0,0.0,0.0,0.023024298,0.025440313,1.0,1.0,0.0,0.0,0.04,0.06,0.0,0.78035104,1.0,1.0,0.08956192,0.0,0.0,0.0,0.0,0.090323836,0.0
0.0,0.0,0.029411765,0.2,0.0,0.0,0.0,0.0,0.0,0.0,0.0,0.0,0.0,0.0,0.0,0.0,0.0,0.0,0.0,0.0,0.0,0.0028309226,0.016824558,0.03522505,0.0,0.0,1.0,1.0,0.1,0.07,0.0,0.7713957,1.0,1.0,0.09212876,0.0,0.002663359,0.0,0.0,0.0784913,0.0
0.0,0.0,0.5735294,0.2,0.0,0.0,0.0,0.0,0.0,0.0,0.0,0.0,0.0,0.0,0.0,0.0,0.0,0.0,0.0,0.0,0.0,0.00013759732,0.017054856,0.025440313,0.0,0.0,1.0,1.0,0.1,0.07,0.0,0.7664572,1.0,1.0,0.09056374,0.0,0.0029671341,0.0,0.0,0.07710844,0.0
0.0,0.0,0.04411765,0.1,0.0,0.0,0.0,0.0,0.0,0.0027298033,0.0,0.0,0.0,0.0,0.0,0.0,0.0,0.0,0.0,0.0,0.0,0.005997151,0.022875205,0.03522505,1.0,1.0,0.0,0.0,0.37,0.06,0.0,0.7899488,1.0,1.0,0.09180071,0.0,0.0,0.0,0.0,0.09051141,0.0
0.0,0.0,0.7794118,0.5,0.0,0.0,0.0,0.0,0.0,0.0,0.0,0.0,0.0,0.0,0.0,0.0,0.0,0.0,0.0,0.0,0.0,0.0012197495,0.01702711,0.007827789,0.0,0.0,1.0,1.0,0.02,0.07,0.0,0.7696718,1.0,1.0,0.09157441,0.0,0.0020300448,0.0,0.0,0.07924631,0.0
0.12589449,0.0,0.13235295,0.0,0.0,3.2691223e-05,0.0,0.0,0.0,0.015452296,0.0,0.0,0.0,0.0,0.0,0.0,0.0,0.0,0.0,0.0,0.0,0.025417358,0.018093333,0.0019569471,0.0,0.0,0.5,0.0,0.5,1.0,0.0,0.81093526,1.0,1.0,0.10093277,0.0,0.0018706322,0.0,0.0,0.093325496,0.0
0.0,1.0,0.36764705,0.0,1.6044403e-05,0.0,0.0,0.0,0.0,0.0034852028,0.0,0.0,0.0,0.0,0.0,0.0,0.0,0.0,0.0,0.0,0.0,0.015666097,0.0147525,0.5714286,0.0,0.0,0.0,0.0,1.0,0.0,0.0,0.78534484,1.0,1.0,0.0976646,0.0,0.0039370954,0.0,0.0,0.08654186,0.0
0.0,0.0,0.04411765,0.1,0.0,0.0,0.0,0.0,0.0,0.04605493,0.0,0.0,0.0,0.0,0.0,0.0,0.002019547,0.020066142,0.0,0.0,0.0,0.06293082,0.013771959,0.07436399,1.0,1.0,0.0,0.0,1.0,0.0,0.0,0.8697629,1.0,1.0,0.12038771,0.0,0.0046295524,0.0,0.0,0.09538016,0.0
0.0,0.0,0.04411765,0.1,0.0,0.0,0.0,0.0,0.0,0.05752766,0.0,0.0,0.0,0.0,0.0,0.0,0.002116546,0.024565578,0.0,0.0,0.0,0.07131198,0.016938329,0.19569471,1.0,1.0,0.0,0.0,1.0,0.0,0.0,0.8916999,1.0,1.0,0.12348395,0.0,0.00060644746,0.0,0.0,0.10840738,0.0
0.0,1.0,0.36764705,0.0,1.6426413e-05,0.0,0.0,0.0,0.0,0.0059198737,0.0,0.0,0.0,0.0,0.0,0.0,0.0,0.0,0.0,0.0,0.0,0.017575651,0.014950395,0.7749511,0.0,0.0,0.0,0.0,1.0,0.0,0.0,0.7899698,1.0,1.0,0.09879766,0.0,0.0032561868,0.0,0.0,0.08805889,0.0
0.0,1.0,0.36764705,0.0,1.6426413e-05,0.0,0.0,0.0,0.0,0.0,0.0,0.0,0.0,0.0,0.0,0.0,0.0,0.0,0.0,0.0,0.0,0.0,0.030469127,0.99804306,0.0,0.0,0.0,0.0,1.0,0.0,0.0,0.6606577,0.95000315,1.0,0.04910452,0.0,0.003275767,0.0,0.0,0.06572653,0.0
0.013826561,0.0,0.04411765,0.3,0.00096909463,0.0,0.0,0.0,0.0,0.027563363,0.0,0.0,0.0,0.0,0.0,0.0,0.0018395782,0.009160221,0.0,0.0,0.0,0.047163695,0.009547271,0.14481409,0.03,0.03,0.97,0.97,1.0,0.0,0.0,0.8331642,1.0,1.0,0.114403896,0.0,0.00919351,0.0,0.0,0.0794934,0.0
0.14180022,0.0,0.13235295,0.0,0.0,1.1144735e-05,0.0,0.0,0.0,0.0,0.0,0.0,0.0,0.0,0.0,0.0,0.0,0.0,0.0,0.0,0.0,0.0,0.036853082,0.025440313,0.0,0.15,0.0,0.69,1.0,0.0,1.0,0.6275302,0.907631,1.0,0.032282315,0.0,0.009769604,0.0,0.0,0.060443297,0.0
0.0,0.0,0.7058824,0.1,0.0,0.0,0.0,0.0,0.0,0.0,0.0,0.0,0.0,0.0,0.0,0.0,0.0,0.0,0.0,0.0,0.0,0.0,0.023344219,0.023483366,1.0,1.0,0.0,0.0,0.07,0.09,0.0,0.77785885,1.0,1.0,0.08845983,0.0,0.0,0.0,0.0,0.08914688,0.0
0.0,0.0,0.029411765,0.2,0.0,0.0,0.0,0.0,0.0,0.0,0.0,0.0,0.0,0.0,0.0,0.0,0.0,0.0,0.0,0.0,0.0,0.0033041537,0.01682178,0.029354207,0.0,0.0,1.0,1.0,0.07,0.06,0.0,0.77264524,1.0,1.0,0.09250217,0.0,0.0023620278,0.0,0.0,0.07924476,0.0
0.0,0.0,0.029411765,0.1,0.0,0.0,0.0,0.0,0.0,0.0,0.0,0.0,0.0,0.0,0.0,0.0,0.0,0.0,0.0,0.0,0.0,0.0,0.023774594,0.0019569471,1.0,1.0,0.0,0.0,0.01,0.07,0.0,0.76639473,1.0,1.0,0.08499911,0.0,0.0,0.0,0.0,0.08638516,0.0
0.0,0.0,0.13235295,0.8,0.0,3.2691223e-05,0.0,0.0,0.0,0.0,0.0,0.0,0.0,0.0,0.0,0.0,0.0,0.0,0.0,0.0,0.0,0.0,0.019860536,0.0019569471,1.0,1.0,0.0,0.0,1.0,0.0,0.0,0.74474573,1.0,1.0,0.08197882,0.0,0.0019447207,0.0,0.0,0.079848975,0.0
0.0,0.0,0.029411765,0.2,0.0,0.0,0.0,0.0,0.0,0.0,0.0,0.0,0.0,0.0,0.0,0.0,0.0,0.0,0.0,0.0,0.0,0.005353749,0.016572699,0.037181996,0.0,0.0,1.0,1.0,0.07,0.06,0.0,0.7766942,1.0,1.0,0.09388364,0.0,0.0019023567,0.0,0.0,0.08064574,0.0
0.0,0.0,0.029411765,0.2,0.0,0.0,0.0,0.0,0.0,0.0,0.0,0.0,0.0,0.0,0.0,0.0,0.0,0.0,0.0,0.0,0.0,0.0013140142,0.01697009,0.03522505,0.0,0.0,1.0,1.0,0.16,0.06,0.0,0.76817036,1.0,1.0,0.09106519,0.0,0.0031425655,0.0,0.0,0.07716471,0.0
0.0,0.0,0.029411765,0.2,0.0,0.0,0.0,0.0,0.0,0.0,0.0,0.0,0.0,0.0,0.0,0.0,0.0,0.0,0.0,0.0,0.0,0.0004993379,0.017062187,0.02739726,0.0,0.0,1.0,1.0,0.12,0.08,0.0,0.7669765,1.0,1.0,0.09067621,0.0,0.003028348,0.0,0.0,0.07720035,0.0
0.013947847,0.0,0.04411765,0.3,0.0009226168,0.0,0.0,0.0,0.0,0.0039558113,0.0,0.0,0.0,0.0,0.0,0.0,0.0,0.0,0.0,0.0,0.0,0.02107191,0.010282442,0.07436399,0.0,0.0,1.0,1.0,1.0,0.0,0.0,0.7880393,1.0,1.0,0.10181468,0.0,0.009592339,0.0,0.0,0.070656985,0.0
0.0,1.0,0.36764705,0.0,8.08587e-06,0.0,0.0,0.0,0.0,0.0,0.0,0.0,0.0,0.0,0.0,0.0,0.0,0.0,0.0,0.0,0.0,0.011227101,0.014142215,0.09784736,0.0,0.0,0.0,0.0,1.0,0.0,0.0,0.776111,1.0,1.0,0.09576284,0.0,0.0049580038,0.0,0.0,0.081950784,0.0
0.0,0.0,0.029411765,0.2,0.0,0.0,0.0,0.0,0.0,0.0,0.0,0.0,0.0,0.0,0.0,0.0,0.0,0.0,0.0,0.0,0.0,0.001222074,0.016927078,0.03522505,0.0,0.0,1.0,1.0,0.13,0.05,0.0,0.76815856,1.0,1.0,0.091127805,0.0,0.0030320883,0.0,0.0,0.07725677,0.0
0.0,0.0,0.61764705,0.1,0.0,0.0,0.0,0.0,0.0,0.0,0.0,0.0,0.0,0.0,0.0,0.0,0.0,0.0,0.0,0.0,0.0,0.0,0.023313679,0.039138943,1.0,1.0,0.0,0.0,0.13,0.06,0.0,0.7786974,1.0,1.0,0.08866764,0.0,0.0,0.0,0.0,0.08907464,0.0
0.0,0.0,0.25,0.1,0.0,0.0,0.0,0.0,0.0,0.0,0.0,0.0,0.0,0.0,0.0,0.0,0.0,0.0,0.0,0.0,0.0,0.0,0.023380667,0.037181996,1.0,1.0,0.0,0.0,0.13,0.06,0.0,0.77637315,1.0,1.0,0.08798718,0.0,0.0,0.0,0.0,0.088540286,0.0
0.1266915,0.0,0.13235295,0.0,0.0,3.2691223e-05,0.0,0.0,0.0,0.0,0.0,0.0,0.0,0.0,0.0,0.0,0.0,0.0,0.0,0.0,0.0,0.0012053847,0.01781962,0.0019569471,0.0,0.0,0.0,0.0,1.0,0.0,0.0,0.7663435,1.0,1.0,0.08931089,0.0,0.0037217438,0.0,0.0,0.081454515,0.0
0.0,1.0,0.36764705,0.0,2.3557259e-05,0.0,0.0,0.33333334,0.0,0.0,0.0,0.0,0.0,0.0,0.0,0.0,0.0,0.0,0.0,0.0,0.0,0.0,0.025716528,0.0058708414,0.0,0.0,0.0,0.0,1.0,0.0,0.67,0.675195,0.96904516,1.0,0.057206355,0.0,0.007860497,0.0,0.0,0.06316829,0.0
0.12561725,0.0,0.13235295,0.0,0.0,3.2691223e-05,0.0,0.0,0.0,0.015179753,0.0,0.0,0.0,0.0,0.0,0.0,0.0,0.0,0.0,0.0,0.0,0.0250884,0.018122837,0.0019569471,0.0,0.0,0.0,0.0,1.0,0.0,0.0,0.8104203,1.0,1.0,0.10077294,0.0,0.0018494576,0.0,0.0,0.09325865,0.0
0.0,0.0,0.6617647,0.5,0.0,0.0,0.0,0.0,0.0,0.0,0.0,0.0,0.0,0.0,0.0,0.0,0.0,0.0,0.0,0.0,0.0,0.002816528,0.016788572,0.019569471,0.0,0.0,1.0,1.0,0.03,0.06,0.0,0.7725804,1.0,1.0,0.09261083,0.0,0.0018294901,0.0,0.0,0.079963446,0.0
0.0,0.0,0.60294116,0.5,0.0,0.0,0.0,0.0,0.0,0.0,0.0,0.0,0.0,0.0,0.0,0.0,0.0,0.0,0.0,0.0,0.0,0.0015625656,0.016866922,0.017612524,0.0,0.0,1.0,1.0,0.03,0.06,0.0,0.7701638,1.0,1.0,0.091872714,0.0,0.0020501465,0.0,0.0,0.07909119,0.0
1.7326518e-05,0.0,0.22058824,0.0,4.1368454e-05,0.00021769383,0.0,0.0,0.0,0.0,0.0,0.0,0.0,0.0,0.0,0.0,0.0,0.0,0.0,0.0,0.0,0.0,0.013685711,0.0039138943,0.0,0.0,0.0,0.0,1.0,0.0,0.0,0.7516141,1.0,1.0,0.089142896,0.0,0.006962016,0.0,0.0,0.07281235,0.0
0.0,0.0,0.13235295,0.8,0.0,3.2691223e-05,0.0,0.0,0.0,0.0,0.0,0.0,0.0,0.0,0.0,0.0,0.0,0.0,0.0,0.0,0.0,0.0032366216,0.017981045,0.0019569471,1.0,1.0,0.0,0.0,1.0,0.0,0.0,0.77693236,1.0,1.0,0.09249639,0.0,0.00011719763,0.0,0.0,0.08629641,0.0
0.0,0.0,0.04411765,0.0,0.0008681168,0.0061771553,0.0,0.0,0.0,0.0,0.0,0.0,0.0,0.0,0.0,0.0,0.0,0.0,0.0,0.0,0.0,0.005050689,0.01073771,0.023483366,0.0,0.0,0.0,0.0,1.0,0.0,0.17,0.76030445,1.0,1.0,0.094076864,0.0,0.009854034,0.0,0.0,0.06515375,0.0
0.0,0.0,0.7941176,0.2,0.0,0.0,0.0,0.0,0.0,0.0,0.0,0.0,0.0,0.0,0.0,0.0,0.0,0.0,0.0,0.0,0.0,0.0,0.017091915,0.02739726,0.0,0.0,1.0,1.0,0.13,0.08,0.0,0.7653519,1.0,1.0,0.09020703,0.0,0.0031574667,0.0,0.0,0.07662919,0.0
0.0,0.0,0.75,0.5,0.0,0.0,0.0,0.0,0.0,0.0,0.0,0.0,0.0,0.0,0.0,0.0,0.0,0.0,0.0,0.0,0.0,0.0019406676,0.016900174,0.037181996,0.0,0.0,1.0,1.0,0.14,0.06,0.0,0.7694367,1.0,1.0,0.091490515,0.0,0.00298056,0.0,0.0,0.07766086,0.0
0.01557654,0.0,0.04411765,0.3,0.00094585575,0.0,0.0,0.0,0.0,0.010175049,0.0,0.0,0.0,0.0,0.0,0.0,0.0,0.0,0.0,0.0,0.0,0.02793026,0.010016404,0.12524462,0.02,0.02,0.97,0.97,1.0,0.0,0.0,0.7998452,1.0,1.0,0.105184026,0.0,0.009479776,0.0,0.0,0.072989434,0.0
0.013878541,0.0,0.04411765,0.3,0.0009789632,7.4298237e-07,0.0,0.0,0.0,0.043081075,0.0,0.0,0.0,0.0,0.0,0.0001514703,0.0035737455,0.0230546,0.0,0.0,0.0,0.064756066,0.009063728,0.050880626,0.0,0.0,1.0,1.0,1.0,0.0,0.0,0.8633504,1.0,1.0,0.122797795,0.0,0.009282723,0.0,0.0,0.08404267,0.0
0.0,0.0,0.029411765,0.2,0.0,0.0,0.0,0.0,0.0,0.0,0.0,0.0,0.0,0.0,0.0,0.0,0.0,0.0,0.0,0.0,0.0,0.0027563572,0.016827263,0.015655577,0.0,0.0,1.0,1.0,0.03,0.06,0.0,0.77262974,1.0,1.0,0.09259621,0.0,0.0017324686,0.0,0.0,0.08019853,0.0
0.0,0.0,0.04411765,0.0,0.0008681168,0.0061771553,0.0,0.0,0.0,0.0,0.0,0.0,0.0,0.0,0.0,0.0,0.0,0.0,0.0,0.0,0.0,0.0091333985,0.010688752,0.0058708414,0.0,0.0,0.0,0.0,1.0,0.0,0.0,0.76743865,1.0,1.0,0.09600114,0.0,0.009756565,0.0,0.0,0.066696316,0.0
0.0,0.0,0.029411765,0.1,0.0,0.0,0.0,0.0,0.0,0.0,0.0,0.0,0.0,0.0,0.0,0.0,0.0,0.0,0.0,0.0,0.0,0.0,0.023508884,0.011741683,1.0,1.0,0.0,0.0,0.04,0.1,0.0,0.77330947,1.0,1.0,0.08710369,0.0,0.0,0.0,0.0,0.088153034,0.0
0.0,0.0,0.14705883,0.5,0.0,0.0,0.0,0.0,0.0,0.0,0.0,0.0,0.0,0.0,0.0,0.0,0.0,0.0,0.0,0.0,0.0,0.005727023,0.016565576,0.039138943,0.0,0.0,1.0,1.0,0.07,0.06,0.0,0.7771926,1.0,1.0,0.09400468,0.0,0.0020041615,0.0,0.0,0.080563635,0.0
0.0,0.0,0.029411765,0.2,0.0,0.0,0.0,0.0,0.0,0.0,0.0,0.0,0.0,0.0,0.0,0.0,0.0,0.0,0.0,0.0,0.0,0.0,0.01736132,0.0058708414,0.0,0.0,1.0,1.0,0.03,0.07,0.0,0.7599951,1.0,1.0,0.08855992,0.0,0.0030673146,0.0,0.0,0.07574737,0.0
0.0,0.0,0.029411765,0.1,0.0,0.0,0.0,0.0,0.0,0.0,0.0,0.0,0.0,0.0,0.0,0.0,0.0,0.0,0.0,0.0,0.0,0.0,0.023179889,0.031311154,1.0,1.0,0.0,0.0,0.07,0.07,0.0,0.779572,1.0,1.0,0.08911162,0.0,0.0,0.0,0.0,0.0897249,0.0
0.013878541,0.0,0.04411765,0.3,0.001178245,0.0,0.0,0.0,0.0,0.0,0.0,0.0,0.0,0.0,0.0,0.0,0.0,0.0,0.0,0.0,0.0,0.014000624,0.010516137,0.050880626,0.0,0.0,1.0,1.0,1.0,0.0,0.0,0.77583873,1.0,1.0,0.098375715,0.0,0.009682715,0.0,0.0,0.06836444,0.0
0.036004506,0.0,0.04411765,0.3,0.0014803509,0.0,0.0,0.0,0.0,0.0,0.0,0.0,0.0,0.0,0.0,0.0,0.0,0.0,0.0,0.0,0.0,0.0,0.011331536,0.019569471,0.0,0.0,0.9,0.9,1.0,0.0,0.0,0.7485335,1.0,1.0,0.09038805,0.0,0.009716809,0.0,0.0,0.06422895,0.0
0.0,0.0,0.029411765,0.1,0.0,0.0,0.0,0.0,0.0,0.0,0.0,0.0,0.0,0.0,0.0,0.0,0.0,0.0,0.0,0.0,0.0,0.0,0.023329817,0.021526419,1.0,1.0,0.0,0.0,0.06,0.09,0.0,0.77724063,1.0,1.0,0.08832993,0.0,0.0,0.0,0.0,0.0891318,0.0
0.0,0.0,0.13235295,0.5,0.0,0.0,0.0,0.0,0.0,0.0,0.0,0.0,0.0,0.0,0.0,0.0,0.0,0.0,0.0,0.0,0.0,0.0033310652,0.016861789,0.023483366,0.0,0.0,1.0,1.0,0.05,0.07,0.0,0.7729459,1.0,1.0,0.09256267,0.0,0.0022016019,0.0,0.0,0.07960799,0.0
0.0,0.0,0.25,0.5,0.0,0.0,0.0,0.0,0.0,0.0,0.0,0.0,0.0,0.0,0.0,0.0,0.0,0.0,0.0,0.0,0.0,0.0,0.017128266,0.017612524,0.0,0.0,1.0,1.0,0.07,0.07,0.0,0.76533735,1.0,1.0,0.09021465,0.0,0.002879396,0.0,0.0,0.07700908,0.0
0.0,0.0,0.029411765,0.2,0.0,0.0,0.0,0.0,0.0,0.0,0.0,0.0,0.0,0.0,0.0,0.0,0.0,0.0,0.0,0.0,0.0,0.0,0.017242923,0.007827789,0.0,0.0,1.0,1.0,0.03,0.06,0.0,0.7629601,1.0,1.0,0.08949428,0.0,0.002802655,0.0,0.0,0.07667968,0.0
0.1306766,0.0,0.13235295,0.0,0.0,3.2691223e-05,0.0,0.0,0.0,0.025616765,0.0,0.0,0.0,0.0,0.0,0.0,0.0,0.0,0.0,0.0,0.0,0.034353077,0.018721089,0.0019569471,0.0,0.0,0.0,0.0,1.0,0.0,0.0,0.8308357,1.0,1.0,0.105885975,0.0,0.0,0.0,0.0,0.097822785,0.0
0.0,0.0,0.13235295,0.8,0.0,3.2691223e-05,0.0,0.0,0.0,0.0,0.0,0.0,0.0,0.0,0.0,0.0,0.0,0.0,0.0,0.0,0.0,0.0,0.02043923,0.0019569471,1.0,1.0,0.0,0.0,1.0,0.0,0.0,0.72863567,1.0,1.0,0.07718196,0.0,0.00216645,0.0,0.0,0.07621354,0.0
0.0,0.0,0.029411765,0.1,0.0,0.0,0.0,0.0,0.0,0.0,0.0,0.0,0.0,0.0,0.0,0.0,0.0,0.0,0.0,0.0,0.0,0.0,0.02304113,0.0332681,1.0,1.0,0.0,0.0,0.07,0.06,0.0,0.7816658,1.0,1.0,0.08984358,0.0,0.0,0.0,0.0,0.09036714,0.0
0.0,0.0,0.19117647,0.2,0.0,0.0,0.0,0.0,0.0,0.0,0.0,0.0,0.0,0.0,0.0,0.0,0.0,0.0,0.0,0.0,0.0,0.0021229386,0.016864948,0.017612524,0.0,0.0,1.0,1.0,0.03,0.06,0.0,0.7711717,1.0,1.0,0.092138536,0.0,0.0020126402,0.0,0.0,0.079408675,0.0
0.0,0.0,0.029411765,0.2,0.0,0.0,0.0,0.0,0.0,0.0,0.0,0.0,0.0,0.0,0.0,0.0,0.0,0.0,0.0,0.0,0.0,0.0017720461,0.016869888,0.015655577,0.0,0.0,1.0,1.0,0.03,0.06,0.0,0.7707206,1.0,1.0,0.09203314,0.0,0.0019038469,0.0,0.0,0.07951033,0.0
1.7326518e-05,0.0,0.22058824,0.0,4.1368454e-05,0.00021769383,0.0,0.0,0.0,0.0,0.0,0.0,0.0,0.0,0.0,0.0,0.0,0.0,0.0,0.0,0.0,0.0,0.0137491375,0.0058708414,0.0,0.0,0.0,0.0,1.0,0.0,0.0,0.751037,1.0,1.0,0.08894815,0.0,0.0068977624,0.0,0.0,0.072622955,0.0
0.0,0.0,0.029411765,0.2,0.0,0.0,0.0,0.0,0.0,0.0,0.0,0.0,0.0,0.0,0.0,0.0,0.0,0.0,0.0,0.0,0.0,0.0050867796,0.0166599,0.03522505,0.0,0.0,1.0,1.0,0.07,0.07,0.0,0.7760086,1.0,1.0,0.09358337,0.0,0.0020903796,0.0,0.0,0.08029154,0.0
0.0,0.0,0.3529412,0.2,0.0,0.0,0.0,0.0,0.0,0.0,0.0,0.0,0.0,0.0,0.0,0.0,0.0,0.0,0.0,0.0,0.0,0.00091171265,0.016947106,0.037181996,0.0,0.0,1.0,1.0,0.16,0.05,0.0,0.7674327,1.0,1.0,0.09089618,0.0,0.0031659603,0.0,0.0,0.07693362,0.0
0.0,1.0,0.36764705,0.0,1.6044403e-05,0.0,0.0,0.0,0.0,0.008235812,0.0,0.0,0.0,0.0,0.0,0.0,0.0,0.0,0.0,0.0,0.0,0.01936987,0.015131965,0.9667319,0.0,0.0,0.0,0.0,1.0,0.0,0.0,0.7943804,1.0,1.0,0.09989148,0.0,0.0025918186,0.0,0.0,0.08944523,0.0
0.0,0.0,0.04411765,0.3,0.0008681168,0.005423771,0.0,0.0,0.0,0.0,0.0,0.0,0.0,0.0,0.0,0.0,0.0,0.0,0.0,0.0,0.0,0.008917898,0.010625616,0.009784736,0.0,0.0,0.2,0.2,1.0,0.0,0.0,0.76696754,1.0,1.0,0.09593546,0.0,0.0098437965,0.0,0.0,0.06626505,0.0
0.0,0.0,0.04411765,0.1,0.0,0.0,0.0,0.0,0.0,0.05866596,0.0,0.0,0.0,0.0,0.0,0.0,0.0023804754,0.02487111,0.0,0.0,0.0,0.071453184,0.017593876,0.25244617,1.0,1.0,0.0,0.0,1.0,0.0,0.0,0.89396393,1.0,1.0,0.12357978,0.0,0.0,0.0,0.0,0.11022085,0.0
0.13907996,0.0,0.13235295,0.0,0.0,3.2691223e-05,0.0,0.0,0.0,0.0,0.0,0.0,0.0,0.0,0.0,0.0,0.0,0.0,0.0,0.0,0.0,0.0,0.020926021,0.0019569471,0.0,0.0,0.0,0.0,1.0,0.0,0.0,0.7277838,1.0,1.0,0.07662841,0.0,0.0015120506,0.0,0.0,0.07616511,0.0
0.1295677,0.0,0.13235295,0.0,0.0,3.2691223e-05,0.0,0.0,0.0,0.0,0.0,0.0,0.0,0.0,0.0,0.0,0.0,0.0,0.0,0.0,0.0,0.0,0.01860983,0.0019569471,0.0,0.0,0.0,0.0,1.0,0.0,0.0,0.7371981,1.0,1.0,0.080924176,0.0,0.0036144108,0.0,0.0,0.07679248,0.0
0.0,0.0,0.029411765,0.1,0.0,0.0,0.0,0.0,0.0,0.0,0.0,0.0,0.0,0.0,0.0,0.0,0.0,0.0,0.0,0.0,0.0,0.0,0.023129977,0.023483366,1.0,1.0,0.0,0.0,0.05,0.06,0.0,0.7795614,1.0,1.0,0.089211635,0.0,0.0,0.0,0.0,0.08995128,0.0
0.0,0.0,0.029411765,0.2,0.0,0.0,0.0,0.0,0.0,0.0,0.0,0.0,0.0,0.0,0.0,0.0,0.0,0.0,0.0,0.0,0.0,0.0,0.017288819,0.009784736,0.0,0.0,1.0,1.0,0.05,0.07,0.0,0.7626256,1.0,1.0,0.08932518,0.0,0.002990678,0.0,0.0,0.076420486,0.0
0.0,0.0,0.6764706,0.5,0.0,0.0,0.0,0.0,0.0,0.0,0.0,0.0,0.0,0.0,0.0,0.0,0.0,0.0,0.0,0.0,0.0,0.0050171018,0.016614802,0.03522505,0.0,0.0,1.0,1.0,0.06,0.06,0.0,0.77604437,1.0,1.0,0.09366163,0.0,0.0019728243,0.0,0.0,0.08040318,0.0
0.0,1.0,0.36764705,0.0,8.276875e-06,0.0,0.0,0.0,0.0,0.0015363693,0.0,0.0,0.0,0.0,0.0,0.0,0.0,0.0,0.0,0.0,0.0,0.013928175,0.014531247,0.39138943,0.0,0.0,0.0,0.0,1.0,0.0,0.0,0.78174794,1.0,1.0,0.09690868,0.0,0.004324645,0.0,0.0,0.084792614,0.0
0.035952527,0.0,0.04411765,0.3,0.0010852893,0.0,0.0,0.0,0.0,0.0,0.0,0.0,0.0,0.0,0.0,0.0,0.0,0.0,0.0,0.0,0.0,0.0092662275,0.010945886,0.019569471,0.0,0.0,1.0,1.0,1.0,0.0,0.0,0.7678039,1.0,1.0,0.09583334,0.0,0.009668395,0.0,0.0,0.06741914,0.0
0.0,0.0,0.0882353,0.2,0.0,0.0,0.0,0.0,0.0,0.0,0.0,0.0,0.0,0.0,0.0,0.0,0.0,0.0,0.0,0.0,0.0,0.00023955107,0.017049834,0.011741683,0.0,0.0,1.0,1.0,0.03,0.07,0.0,0.7676394,1.0,1.0,0.090986155,0.0,0.0022719353,0.0,0.0,0.07845795,0.0
0.0,0.0,0.5147059,0.2,0.0,0.0,0.0,0.0,0.0,0.0,0.0,0.0,0.0,0.0,0.0,0.0,0.0,0.0,0.0,0.0,0.0,0.0,0.017147988,0.015655577,0.0,0.0,1.0,1.0,0.05,0.05,0.0,0.7635938,1.0,1.0,0.08974957,0.0,0.0028503537,0.0,0.0,0.0766761,0.0
0.0,0.0,0.04411765,0.2,0.0,0.0,0.0,0.0,0.0,0.00776276,0.0,0.0,0.0,0.0,0.0,0.0,0.0,0.0,0.0,0.0,0.0,0.018552631,0.016250946,0.02739726,0.0,0.0,1.0,1.0,0.35,0.1,0.0,0.79683256,1.0,1.0,0.0991231,0.0,0.0033900738,0.0,0.0,0.08336902,0.0
0.0,0.0,0.073529415,0.2,0.0,0.0,0.0,0.0,0.0,0.0,0.0,0.0,0.0,0.0,0.0,0.0,0.0,0.0,0.0,0.0,0.0,0.0,0.019252263,0.031311154,0.08,0.56,0.92,0.44,0.07,0.08,0.0,0.7714225,1.0,1.0,0.09019997,0.0,0.0,0.0,0.0,0.08275747,0.0
0.0,0.0,0.0,0.2,0.0,0.0,0.0,0.0,0.0,0.0,0.0,0.0,0.0,0.0,0.0,0.0,0.0,0.0,0.0,0.0,0.0,0.00026383996,0.01703827,0.0058708414,0.0,0.0,1.0,1.0,0.01,0.07,0.0,0.76811814,1.0,1.0,0.09117191,0.0,0.001972869,0.0,0.0,0.07899132,0.0
0.0,0.0,0.13235295,0.1,0.0,0.0,0.0,0.0,0.0,0.0,0.0,0.0,0.0,0.0,0.0,0.0,0.0,0.0,0.0,0.0,0.0,0.0,0.03326665,0.043052837,1.0,1.0,0.0,0.0,1.0,0.0,0.0,0.6491154,0.9353414,1.0,0.04295376,0.0,0.0038732141,0.0,0.0,0.06436671,0.0
0.0,0.0,0.0,0.2,0.0,0.0,0.0,0.0,0.0,0.014314324,0.0,0.0,0.0,0.0,0.0,0.0,0.0,0.0,0.0,0.0,0.0,0.024322122,0.016574658,0.029354207,0.0,0.0,1.0,1.0,0.23,0.06,0.0,0.80855274,1.0,1.0,0.10196688,0.0,0.002125606,0.0,0.0,0.089007616,0.0
0.0,0.0,0.04411765,0.0,0.0008681168,0.0061771553,0.0,0.0,0.0,0.0,0.0,0.0,0.0,0.0,0.0,0.0,0.0,0.0,0.0,0.0,0.0,0.002699852,0.01084502,0.03522505,0.0,0.0,0.0,0.0,1.0,0.0,0.11,0.7563076,1.0,1.0,0.09291998,0.0,0.00981997,0.0,0.0,0.064689726,0.0
0.0,0.0,0.32352942,0.5,0.0,0.0,0.0,0.0,0.0,0.0,0.0,0.0,0.0,0.0,0.0,0.0,0.0,0.0,0.0,0.0,0.0,0.0,0.017169006,0.0019569471,0.0,0.0,1.0,1.0,0.0,0.08,0.0,0.7661277,1.0,1.0,0.09048464,0.0,0.002178818,0.0,0.0,0.07838762,0.0
0.0,1.0,0.36764705,0.0,1.6426413e-05,0.0,0.0,0.0,0.0,0.008354008,0.0,0.0,0.0,0.0,0.0,0.0,0.0,0.0,0.0,0.0,0.0,0.019461453,0.015141241,0.9765166,0.0,0.0,0.0,0.0,1.0,0.0,0.0,0.7946055,1.0,1.0,0.09994731,0.0,0.0025578886,0.0,0.0,0.089515984,0.0
0.0,0.0,0.029411765,0.1,0.0,0.0,0.0,0.0,0.0,0.0,0.0,0.0,0.0,0.0,0.0,0.0,0.0,0.0,0.0,0.0,0.0,0.0,0.02355551,0.02739726,1.0,1.0,0.0,0.0,0.13,0.06,0.0,0.773101,1.0,1.0,0.08693216,0.0,0.0,0.0,0.0,0.08770347,0.0
0.0,0.0,0.029411765,0.1,0.0,0.0,0.0,0.0,0.0,0.0,0.0,0.0,0.0,0.0,0.0,0.0,0.0,0.0,0.0,0.0,0.0,0.0,0.023595758,0.021526419,1.0,1.0,0.0,0.0,0.09,0.07,0.0,0.771222,1.0,1.0,0.08641962,0.0,0.0,0.0,0.0,0.08734447,0.0
0.01408646,0.0,0.04411765,0.3,0.0009789632,0.0,0.0,0.0,0.0,0.04166916,0.0,0.0,0.0,0.0,0.0,0.0,0.0034371763,0.021975547,0.0,0.0,0.0,0.06320679,0.00910189,0.04109589,0.0,0.0,1.0,1.0,1.0,0.0,0.0,0.8606864,1.0,1.0,0.12206117,0.0,0.0093186945,0.0,0.0,0.08340782,0.0
0.0,0.0,0.7058824,0.2,0.0,0.0,0.0,0.0,0.0,0.0,0.0,0.0,0.0,0.0,0.0,0.0,0.0,0.0,0.0,0.0,0.0,0.0029714406,0.016844489,0.023483366,0.0,0.0,1.0,1.0,0.05,0.07,0.0,0.77236485,1.0,1.0,0.09243762,0.0,0.002175644,0.0,0.0,0.079466045,0.0
0.0,1.0,0.36764705,0.0,1.6044403e-05,0.0,0.0,0.0,0.0,0.0056835413,0.0,0.0,0.0,0.0,0.0,0.0,0.0,0.0,0.0,0.0,0.0,0.017392546,0.014931895,0.7553816,0.0,0.0,0.0,0.0,1.0,0.0,0.0,0.7895198,1.0,1.0,0.09868603,0.0,0.0033239871,0.0,0.0,0.08791736,0.0
0.0,0.0,0.029411765,0.1,0.0,0.0,0.0,0.0,0.0,0.0,0.0,0.0,0.0,0.0,0.0,0.0,0.0,0.0,0.0,0.0,0.0,0.0,0.023437612,0.0039138943,1.0,1.0,0.0,0.0,0.01,0.08,0.0,0.7723837,1.0,1.0,0.08700722,0.0,0.0,0.0,0.0,0.088240325,0.0
0.0,0.0,0.13235295,0.8,0.0,3.2691223e-05,0.0,0.0,0.0,0.00695315,0.0,0.0,0.0,0.0,0.0,0.0,0.0,0.0,0.0,0.0,0.0,0.012593627,0.018534102,0.0019569471,1.0,1.0,0.0,0.0,1.0,0.0,0.0,0.7944473,1.0,1.0,0.09663216,0.0,0.0,0.0,0.0,0.09014359,0.0
0.0,0.0,0.7058824,0.2,0.0,0.0,0.0,0.0,0.0,0.0,0.0,0.0,0.0,0.0,0.0,0.0,0.0,0.0,0.0,0.0,0.0,0.0,0.017547823,0.0058708414,0.0,0.0,1.0,1.0,0.03,0.08,0.0,0.7624185,1.0,1.0,0.08904605,0.0,0.0028000027,0.0,0.0,0.0767144,0.0
0.0,0.0,0.029411765,0.1,0.0,0.0,0.0,0.0,0.0,0.0,0.0,0.0,0.0,0.0,0.0,0.0,0.0,0.0,0.0,0.0,0.0,0.0,0.023499973,0.011741683,1.0,1.0,0.0,0.0,0.04,0.08,0.0,0.77343035,1.0,1.0,0.08714748,0.0,0.0,0.0,0.0,0.088196546,0.0
0.0,0.0,0.029411765,0.2,0.0,0.0,0.0,0.0,0.0,0.0,0.0,0.0,0.0,0.0,0.0,0.0,0.0,0.0,0.0,0.0,0.0,0.0,0.017134584,0.01369863,0.0,0.0,1.0,1.0,0.04,0.06,0.0,0.7651377,1.0,1.0,0.09018444,0.0,0.002707094,0.0,0.0,0.07723889,0.0
0.0,0.0,0.5,0.5,0.0,0.0,0.0,0.0,0.0,0.0,0.0,0.0,0.0,0.0,0.0,0.0,0.0,0.0,0.0,0.0,0.0,6.1005354e-05,0.017067544,0.0039138943,0.0,0.0,1.0,1.0,0.01,0.07,0.0,0.7677529,1.0,1.0,0.09104376,0.0,0.0020009726,0.0,0.0,0.078865856,0.0
0.0,0.0,0.0882353,0.1,0.0,0.0,0.0,0.0,0.0,0.0,0.0,0.0,0.0,0.0,0.0,0.0,0.0,0.0,0.0,0.0,0.0,0.0,0.023553431,0.009784736,1.0,1.0,0.0,0.0,0.04,0.09,0.0,0.7727468,1.0,1.0,0.08690318,0.0,0.0,0.0,0.0,0.08795765,0.0
0.0,0.0,0.029411765,0.1,0.0,0.0,0.0,0.0,0.0,0.0,0.0,0.0,0.0,0.0,0.0,0.0,0.0,0.0,0.0,0.0,0.0,0.0,0.023235701,0.029354207,1.0,1.0,0.0,0.0,0.08,0.1,0.0,0.78066397,1.0,1.0,0.08930794,0.0,0.0,0.0,0.0,0.08983967,0.0
0.0,0.0,0.029411765,0.1,0.0,0.0,0.0,0.0,0.0,0.0,0.0,0.0,0.0,0.0,0.0,0.0,0.0,0.0,0.0,0.0,0.0,0.0,0.023611598,0.009784736,1.0,1.0,0.0,0.0,0.03,0.06,0.0,0.7695472,1.0,1.0,0.08601407,0.0,0.0,0.0,0.0,0.08718622,0.0
0.0,0.0,0.42647058,0.2,0.0,0.0,0.0,0.0,0.0,0.0,0.0,0.0,0.0,0.0,0.0,0.0,0.0,0.0,0.0,0.0,0.0,0.0018494129,0.016918741,0.03522505,0.0,0.0,1.0,1.0,0.13,0.07,0.0,0.7693087,1.0,1.0,0.091440566,0.0,0.002973482,0.0,0.0,0.077632874,0.0
0.0,0.0,0.04411765,0.0,0.0008681168,0.0061771553,0.0,0.0,0.0,0.0,0.0,0.0,0.0,0.0,0.0,0.0,0.0,0.0,0.0,0.0,0.0,0.0065826774,0.010716379,0.009784736,0.0,0.0,0.0,0.0,1.0,0.0,0.4,0.76301384,1.0,1.0,0.09481075,0.0,0.009794131,0.0,0.0,0.06580499,0.0
0.0,0.0,0.3970588,0.2,0.0,0.0,0.0,0.0,0.0,0.0,0.0,0.0,0.0,0.0,0.0,0.0,0.0,0.0,0.0,0.0,0.0,0.00334993,0.016746603,0.025440313,0.0,0.0,1.0,1.0,0.05,0.06,0.0,0.77328753,1.0,1.0,0.09281609,0.0,0.0019524097,0.0,0.0,0.07991776,0.0
0.0,1.0,0.36764705,0.0,1.6044403e-05,0.0,0.0,0.0,0.0,0.0,0.0,0.0,0.0,0.0,0.0,0.0,0.0,0.0,0.0,0.0,0.0,0.011289656,0.01416751,0.10958904,0.0,0.0,0.0,0.0,1.0,0.0,0.0,0.77625835,1.0,1.0,0.095778935,0.0,0.00493218,0.0,0.0,0.08206099,0.0
0.03638569,0.0,0.04411765,0.3,0.0010852893,0.0,0.0,0.0,0.0,0.0,0.0,0.0,0.0,0.0,0.0,0.0,0.0,0.0,0.0,0.0,0.0,0.0,0.011416778,0.015655577,0.0,0.0,0.88,0.88,1.0,0.0,0.0,0.7452668,1.0,1.0,0.08944417,0.0,0.0097294,0.0,0.0,0.06370559,0.0
0.0,0.0,0.14705883,0.1,0.0,0.0,0.0,0.0,0.0,0.0015142262,0.0,0.0,0.0,0.0,0.0,0.0,0.0,0.0,0.0,0.0,0.0,0.005107105,0.022934258,0.009784736,1.0,1.0,0.0,0.0,0.83,0.33,0.0,0.78781164,1.0,1.0,0.09110647,0.0,0.0,0.0,0.0,0.08977163,0.0
0.0,0.0,0.029411765,0.2,0.0,0.0,0.0,0.0,0.0,0.0,0.0,0.0,0.0,0.0,0.0,0.0,0.0,0.0,0.0,0.0,0.0,0.0058006346,0.016591378,0.03522505,0.0,0.0,1.0,1.0,0.06,0.06,0.0,0.7775265,1.0,1.0,0.09408393,0.0,0.0018648803,0.0,0.0,0.08091584,0.0
0.0,0.0,0.029411765,0.2,0.0,0.0,0.0,0.0,0.0,0.0,0.0,0.0,0.0,0.0,0.0,0.0,0.0,0.0,0.0,0.0,0.0,0.004015982,0.016762666,0.03522505,0.0,0.0,1.0,1.0,0.09,0.07,0.0,0.7737317,1.0,1.0,0.09283257,0.0,0.002428621,0.0,0.0,0.07935515,0.0
0.0,0.0,0.029411765,0.2,0.0,0.0,0.0,0.0,0.0,0.0,0.0,0.0,0.0,0.0,0.0,0.0,0.0,0.0,0.0,0.0,0.0,0.0030666888,0.01680664,0.021526419,0.0,0.0,1.0,1.0,0.04,0.06,0.0,0.77286255,1.0,1.0,0.09264506,0.0,0.0019259155,0.0,0.0,0.07995778,0.0
0.13254787,0.0,0.13235295,0.0,0.0,3.2691223e-05,0.0,0.0,0.0,0.0,0.0,0.0,0.0,0.0,0.0,0.0,0.0,0.0,0.0,0.0,0.0,0.0,0.01942356,0.0019569471,0.0,0.0,0.0,0.0,1.0,0.0,0.0,0.7526784,1.0,1.0,0.084401466,0.0,0.002256468,0.0,0.0,0.08143142,0.0
0.12977563,0.0,0.13235295,0.0,0.0,3.2691223e-05,0.0,0.0,0.0,0.0,0.0,0.0,0.0,0.0,0.0,0.0,0.0,0.0,0.0,0.0,0.0,0.0,0.018640079,0.0019569471,0.0,0.0,0.0,0.0,1.0,0.0,0.0,0.7391006,1.0,1.0,0.081406884,0.0,0.003514424,0.0,0.0,0.07731694,0.0
0.013826561,0.0,0.04411765,0.3,0.001178245,0.0,0.0,0.0,0.0,0.033290297,0.0,0.0,0.0,0.0,0.0,0.0,0.0025040284,0.013853967,0.0,0.0,0.0,0.053483725,0.009345867,0.17025441,0.02,0.02,0.98,0.98,1.0,0.0,0.0,0.84406686,1.0,1.0,0.11746804,0.0,0.009091556,0.0,0.0,0.081685394,0.0
0.0,0.0,0.04411765,0.1,0.0,0.0,0.0,0.0,0.0,0.041519612,0.0,0.0,0.0,0.0,0.0,0.0,0.001644291,0.016942322,0.0,0.0,0.0,0.058391005,0.013566643,0.072407044,0.84,0.84,0.14,0.14,1.0,0.0,0.0,0.8611679,1.0,1.0,0.11829027,0.0,0.0051150173,0.0,0.0,0.092639536,0.0
0.0,1.0,0.36764705,0.0,1.6044403e-05,0.0,0.0,0.0,0.0,0.0017270446,0.0,0.0,0.0,0.0,0.0,0.0,0.0,0.0,0.0,0.0,0.0,0.014098227,0.014552824,0.40900195,0.0,0.0,0.0,0.0,1.0,0.0,0.0,0.7820997,1.0,1.0,0.096982636,0.0,0.004286796,0.0,0.0,0.08496374,0.0
0.0,0.0,0.23529412,0.2,0.0,0.0,0.0,0.0,0.0,0.0,0.0,0.0,0.0,0.0,0.0,0.0,0.0,0.0,0.0,0.0,0.0,0.00095137954,0.01699125,0.009784736,0.0,0.0,1.0,1.0,0.02,0.06,0.0,0.7692189,1.0,1.0,0.091499306,0.0,0.0020111948,0.0,0.0,0.07913229,0.0
0.0,0.0,0.7058824,0.2,0.0,0.0,0.0,0.0,0.0,0.0,0.0,0.0,0.0,0.0,0.0,0.0,0.0,0.0,0.0,0.0,0.0,0.0037920773,0.016723126,0.029354207,0.0,0.0,1.0,1.0,0.06,0.06,0.0,0.77386665,1.0,1.0,0.09297147,0.0,0.002068296,0.0,0.0,0.07984412,0.0
0.0,0.0,0.04411765,0.1,0.0,0.0,0.0,0.0,0.0,0.014653534,0.0,0.0,0.0,0.0,0.0,0.0,0.0,0.0,0.0,0.0,0.0,0.029569566,0.013757139,0.025440313,0.46,0.46,0.54,0.54,1.0,0.0,0.0,0.81008613,1.0,1.0,0.10462051,0.0,0.0063165575,0.0,0.0,0.080277234,0.0
1.7326518e-05,0.0,0.22058824,0.0,4.1368454e-05,0.00021769383,0.0,0.0,0.0,0.0,0.0,0.0,0.0,0.0,0.0,0.0,0.0,0.0,0.0,0.0,0.0,0.0014728606,0.012763791,0.0058708414,0.0,0.0,0.0,0.0,1.0,0.0,0.0,0.756528,1.0,1.0,0.0911443,0.0,0.007894069,0.0,0.0,0.07315537,0.0
0.0,0.0,0.029411765,0.2,0.0,0.0,0.0,0.0,0.0,0.0,0.0,0.0,0.0,0.0,0.0,0.0,0.0,0.0,0.0,0.0,0.0,0.0016855001,0.016930051,0.015655577,0.0,0.0,1.0,1.0,0.03,0.06,0.0,0.77035284,1.0,1.0,0.091845356,0.0,0.0020706803,0.0,0.0,0.07926223,0.0
0.0,0.0,0.029411765,0.1,0.0,0.0,0.0,0.0,0.0,0.0,0.0,0.0,0.0,0.0,0.0,0.0,0.0,0.0,0.0,0.0,0.0,0.0,0.022952102,0.037181996,1.0,1.0,0.0,0.0,0.07,0.06,0.0,0.782791,1.0,1.0,0.090244584,0.0,0.0,0.0,0.0,0.09075788,0.0
0.0,0.0,0.13235295,0.8,0.0,3.2691223e-05,0.0,0.0,0.0,0.021209389,0.0,0.0,0.0,0.0,0.0,0.0,0.0,0.0,0.0,0.0,0.0,0.028517723,0.018971108,0.0019569471,1.0,1.0,0.0,0.0,1.0,0.0,0.0,0.8224255,1.0,1.0,0.103561275,0.0,0.0,0.0,0.0,0.09613526,0.0
0.036004506,0.0,0.04411765,0.3,0.001155006,0.0,0.0,0.0,0.0,0.0,0.0,0.0,0.0,0.0,0.0,0.0,0.0,0.0,0.0,0.0,0.0,0.015248269,0.010701545,0.019569471,0.0,0.0,1.0,1.0,1.0,0.0,0.0,0.7780404,1.0,1.0,0.098764144,0.0,0.009683192,0.0,0.0,0.06894907,0.0
0.0,0.0,0.029411765,0.2,0.0,0.0,0.0,0.0,0.0,0.0,0.0,0.0,0.0,0.0,0.0,0.0,0.0,0.0,0.0,0.0,0.0,0.0012937188,0.01696226,0.037181996,0.0,0.0,1.0,1.0,0.17,0.06,0.0,0.76806116,1.0,1.0,0.09103691,0.0,0.003184855,0.0,0.0,0.07709506,0.0
0.0,0.0,0.13235295,0.8,0.0,3.2691223e-05,0.0,0.0,0.0,0.0,0.0,0.0,0.0,0.0,0.0,0.0,0.0,0.0,0.0,0.0,0.0,0.0,0.020584196,0.0019569471,1.0,1.0,0.0,0.0,1.0,0.0,0.0,0.7259588,1.0,1.0,0.07633468,0.0,0.0022201836,0.0,0.0,0.07555592,0.0
0.0,0.0,0.029411765,0.1,0.0,0.0,0.0,0.0,0.0,0.0,0.0,0.0,0.0,0.0,0.0,0.0,0.0,0.0,0.0,0.0,0.0,0.0,0.023669548,0.011741683,1.0,1.0,0.0,0.0,0.05,0.06,0.0,0.76458204,1.0,1.0,0.08460622,0.0,0.0,0.0,0.0,0.08612728,0.0
0.0,0.0,0.30882353,0.2,0.0,0.0,0.0,0.0,0.0,0.0,0.0,0.0,0.0,0.0,0.0,0.0,0.0,0.0,0.0,0.0,0.0,0.0,0.017230846,0.009784736,0.0,0.0,1.0,1.0,0.04,0.06,0.0,0.7629459,1.0,1.0,0.08949729,0.0,0.002830878,0.0,0.0,0.07664916,0.0
0.0,0.0,0.029411765,0.1,0.0,0.0,0.0,0.0,0.0,0.0,0.0,0.0,0.0,0.0,0.0,0.0,0.0,0.0,0.0,0.0,0.0,0.0,0.023701087,0.009784736,1.0,1.0,0.0,0.0,0.04,0.07,0.0,0.76716757,1.0,1.0,0.08524787,0.0,0.0,0.0,0.0,0.0865545,0.0
0.0,0.0,0.029411765,0.1,0.0,0.0,0.0,0.0,0.0,0.0,0.0,0.0,0.0,0.0,0.0,0.0,0.0,0.0,0.0,0.0,0.0,0.0,0.023712404,0.009784736,1.0,1.0,0.0,0.0,0.12,0.16,0.0,0.77420354,1.0,1.0,0.08702586,0.0,0.0,0.0,0.0,0.087910175,0.0
0.0,0.0,0.029411765,0.2,0.0,0.0,0.0,0.0,0.0,0.0,0.0,0.0,0.0,0.0,0.0,0.0,0.0,0.0,0.0,0.0,0.0,0.005587131,0.017488495,0.0332681,0.01,0.12,0.99,0.88,0.06,0.07,0.0,0.7786733,1.0,1.0,0.093569,0.0,0.0011346191,0.0,0.0,0.08304769,0.0
0.0,0.0,0.029411765,0.1,0.0,0.0,0.0,0.0,0.0,0.0,0.0,0.0,0.0,0.0,0.0,0.0,0.0,0.0,0.0,0.0,0.0,0.0,0.02341935,0.015655577,1.0,1.0,0.0,0.0,0.05,0.09,0.0,0.77529573,1.0,1.0,0.087725975,0.0,0.0,0.0,0.0,0.088653594,0.0
0.0,0.0,0.04411765,0.0,0.0008681168,0.0061771553,0.0,0.0,0.0,0.0,0.0,0.0,0.0,0.0,0.0,0.0,0.0,0.0,0.0,0.0,0.0,0.0055243373,0.0107478425,0.009784736,0.0,0.0,0.0,0.0,1.0,0.0,0.4,0.7611908,1.0,1.0,0.09430086,0.0,0.009801015,0.0,0.0,0.065484345,0.0
0.0,0.0,0.29411766,0.2,0.0,0.0,0.0,0.0,0.0,0.0,0.0,0.0,0.0,0.0,0.0,0.0,0.0,0.0,0.0,0.0,0.0,0.0049528778,0.016672753,0.03522505,0.0,0.0,1.0,1.0,0.07,0.07,0.0,0.77572405,1.0,1.0,0.09348949,0.0,0.0021326244,0.0,0.0,0.080174476,0.0
0.035935197,0.0,0.04411765,0.3,0.00061223406,0.0,0.0,0.0,0.0,0.041147858,0.0,0.0,0.0,0.0,0.0,0.0,0.0029985309,0.02089727,0.0,0.0,0.0,0.062406182,0.00949046,0.0332681,0.24,0.24,0.76,0.76,1.0,0.0,0.0,0.85969007,1.0,1.0,0.12142237,0.0,0.009098098,0.0,0.0,0.084215105,0.0
0.0,0.0,0.22058824,0.1,0.0,0.0,0.0,0.0,0.0,0.0,0.0,0.0,0.0,0.0,0.0,0.0,0.0,0.0,0.0,0.0,0.0,0.0,0.023506865,0.0019569471,1.0,1.0,0.0,0.0,0.01,0.08,0.0,0.77183497,1.0,1.0,0.0867674,0.0,0.0,0.0,0.0,0.088059485,0.0
0.0,0.0,0.029411765,0.1,0.0,0.0,0.0,0.0,0.0,0.0,0.0,0.0,0.0,0.0,0.0,0.0,0.0,0.0,0.0,0.0,0.0,0.0,0.023299307,0.0039138943,1.0,1.0,0.0,0.0,0.01,0.06,0.0,0.7736577,1.0,1.0,0.08753627,0.0,0.0,0.0,0.0,0.08879492,0.0
0.0,0.0,0.6911765,0.2,0.0,0.0,0.0,0.0,0.0,0.0,0.0,0.0,0.0,0.0,0.0,0.0,0.0,0.0,0.0,0.0,0.0,0.00071296096,0.016956948,0.031311154,0.0,0.0,1.0,1.0,0.11,0.05,0.0,0.7674371,1.0,1.0,0.0909256,0.0,0.0029373467,0.0,0.0,0.07727188,0.0
0.0,0.0,0.30882353,0.2,0.0,0.0,0.0,0.0,0.0,0.0,0.0,0.0,0.0,0.0,0.0,0.0,0.0,0.0,0.0,0.0,0.0,0.002928853,0.0168389,0.025440313,0.0,0.0,1.0,1.0,0.06,0.06,0.0,0.77220845,1.0,1.0,0.092393704,0.0,0.0022249967,0.0,0.0,0.079376966,0.0
0.0,0.0,0.7794118,0.5,0.0,0.0,0.0,0.0,0.0,0.0,0.0,0.0,0.0,0.0,0.0,0.0,0.0,0.0,0.0,0.0,0.0,0.0040031374,0.016849175,0.023483366,0.0,0.0,1.0,1.0,0.05,0.07,0.0,0.774191,1.0,1.0,0.092906736,0.0,0.0021288693,0.0,0.0,0.08002311,0.0
0.0,0.0,0.029411765,0.1,0.0,0.0,0.0,0.0,0.0,0.0,0.0,0.0,0.0,0.0,0.0,0.0,0.0,0.0,0.0,0.0,0.0,0.0,0.023196049,0.03522505,1.0,1.0,0.0,0.0,0.1,0.08,0.0,0.78072715,1.0,1.0,0.08936524,0.0,0.0,0.0,0.0,0.08983061,0.0
0.0,1.0,0.36764705,0.0,2.3557259e-05,0.0,0.0,0.33333334,0.0,0.0,0.0,0.0,0.0,0.0,0.0,0.0,0.0,0.0,0.0,0.0,0.0,0.0,0.025494508,0.0019569471,0.0,0.0,0.0,0.0,1.0,0.0,0.0,0.67623496,0.97042197,1.0,0.057715945,0.0,0.0078072995,0.0,0.0,0.063147694,0.0
0.0,1.0,0.36764705,0.0,1.6426413e-05,0.0,0.0,0.0,0.0,0.0,0.0,0.0,0.0,0.0,0.0,0.0,0.0,0.0,0.0,0.0,0.0,0.011415839,0.014211342,0.13111547,0.0,0.0,0.0,0.0,1.0,0.0,0.0,0.776548,1.0,1.0,0.09581598,0.0,0.0048850626,0.0,0.0,0.0822638,0.0
0.1307979,0.0,0.13235295,0.0,0.0,3.2691223e-05,0.0,0.0,0.0,0.0,0.0,0.0,0.0,0.0,0.0,0.0,0.0,0.0,0.0,0.0,0.0,0.0,0.018639289,0.0019569471,0.0,0.0,0.0,0.0,1.0,0.0,0.0,0.7583325,1.0,1.0,0.086497866,0.0,0.003042087,0.0,0.0,0.08177695,0.0
0.0,0.0,0.029411765,0.2,0.0,0.0,0.0,0.0,0.0,0.0,0.0,0.0,0.0,0.0,0.0,0.0,0.0,0.0,0.0,0.0,0.0,0.00624004,0.01651641,0.039138943,0.0,0.0,1.0,1.0,0.07,0.05,0.0,0.7782836,1.0,1.0,0.0943644,0.0,0.0018420368,0.0,0.0,0.08101237,0.0
0.1413844,0.0,0.13235295,0.0,0.0,1.1144735e-05,0.0,0.0,0.0,0.0,0.0,0.0,0.0,0.0,0.0,0.0,0.0,0.0,0.0,0.0,0.0,0.0,0.021693692,0.0019569471,0.0,0.0,0.0,0.0,1.0,0.0,0.0,0.744035,1.0,1.0,0.08042579,0.0,0.0,0.0,0.0,0.08009112,0.0
0.14013688,0.0,0.13235295,0.0,0.0,1.1144735e-05,0.0,0.0,0.0,0.0,0.0,0.0,0.0,0.0,0.0,0.0,0.0,0.0,0.0,0.0,0.0,0.0,0.020974815,0.0019569471,0.0,0.0,0.0,0.0,1.0,0.0,0.0,0.73198724,1.0,1.0,0.07778338,0.0,0.0009985566,0.0,0.0,0.077281296,0.0
0.0,0.0,0.029411765,0.1,0.0,0.0,0.0,0.0,0.0,0.0,0.0,0.0,0.0,0.0,0.0,0.0,0.0,0.0,0.0,0.0,0.0,0.0,0.02333863,0.039138943,1.0,1.0,0.0,0.0,0.13,0.06,0.0,0.77775645,1.0,1.0,0.08839434,0.0,0.0,0.0,0.0,0.08883101,0.0
0.0,0.0,0.04411765,0.0,0.0008681168,0.0061771553,0.0,0.0,0.0,0.0,0.0,0.0,0.0,0.0,0.0,0.0,0.0,0.0,0.0,0.0,0.0,0.009781063,0.010620341,0.037181996,0.0,0.0,0.0,0.0,1.0,0.0,0.16,0.7685255,1.0,1.0,0.09635358,0.0,0.00976871,0.0,0.0,0.066791505,0.0
0.0,0.0,0.04411765,0.0,0.0008681168,0.0061771553,0.0,0.0,0.0,0.0,0.0,0.0,0.0,0.0,0.0,0.0,0.0,0.0,0.0,0.0,0.0,0.0071181655,0.010754555,0.007827789,0.0,0.0,0.0,0.0,1.0,0.0,0.0,0.7639425,1.0,1.0,0.095014684,0.0,0.009773478,0.0,0.0,0.066138685,0.0
0.013947847,0.0,0.04411765,0.3,0.0012310896,7.4298237e-07,0.0,0.0,0.0,0.060397297,0.0,0.0,0.0,0.0,0.0,0.004830718,0.0054873377,0.037211865,0.0,0.0,0.0,0.08378631,0.008605786,0.105675146,0.11,0.11,0.89,0.89,1.0,0.0,0.0,0.89641094,1.0,1.0,0.13194641,0.0,0.008898631,0.0,0.0,0.09082726,0.0
0.0,0.0,0.60294116,0.5,0.0,0.0,0.0,0.0,0.0,0.0,0.0,0.0,0.0,0.0,0.0,0.0,0.0,0.0,0.0,0.0,0.0,0.0025467873,0.01682426,0.017612524,0.0,0.0,1.0,1.0,0.03,0.06,0.0,0.7720729,1.0,1.0,0.092435755,0.0,0.0018787533,0.0,0.0,0.07977942,0.0
0.0,1.0,0.36764705,0.0,1.6044403e-05,0.0,0.0,0.0,0.0,0.00318861,0.0,0.0,0.0,0.0,0.0,0.0,0.0,0.0,0.0,0.0,0.0,0.015401632,0.014718793,0.5440313,0.0,0.0,0.0,0.0,1.0,0.0,0.0,0.78479743,1.0,1.0,0.09754958,0.0,0.003996089,0.0,0.0,0.08627564,0.0
0.0,0.0,0.029411765,0.2,0.0,0.0,0.0,0.0,0.0,0.0,0.0,0.0,0.0,0.0,0.0,0.0,0.0,0.0,0.0,0.0,0.0,0.0026826262,0.016801454,0.019569471,0.0,0.0,1.0,1.0,0.04,0.06,0.0,0.77229583,1.0,1.0,0.092516966,0.0,0.00187172,0.0,0.0,0.07984638,0.0
0.12707269,0.0,0.13235295,0.0,0.0,3.2691223e-05,0.0,0.0,0.0,0.0,0.0,0.0,0.0,0.0,0.0,0.0,0.0,0.0,0.0,0.0,0.0,0.0,0.017991707,0.0019569471,0.0,0.0,0.0,0.0,1.0,0.0,0.0,0.73743594,1.0,1.0,0.081522815,0.0,0.0042021126,0.0,0.0,0.07520503,0.0
0.0,0.0,0.029411765,0.2,0.0,0.0,0.0,0.0,0.0,0.0,0.0,0.0,0.0,0.0,0.0,0.0,0.0,0.0,0.0,0.0,0.0,0.0010190606,0.017046407,0.007827789,0.0,0.0,1.0,1.0,0.02,0.07,0.0,0.769245,1.0,1.0,0.09143368,0.0,0.002093479,0.0,0.0,0.07907066,0.0
0.0,0.0,0.029411765,0.2,0.0,0.0,0.0,0.0,0.0,0.0,0.0,0.0,0.0,0.0,0.0,0.0,0.0,0.0,0.0,0.0,0.0,0.0,0.017292894,0.009784736,0.0,0.0,1.0,1.0,0.05,0.07,0.0,0.76157033,1.0,1.0,0.0890437,0.0,0.0030352324,0.0,0.0,0.07608345,0.0
0.12752317,0.0,0.13235295,0.0,0.0,3.2691223e-05,0.0,0.0,0.0,0.0,0.0,0.0,0.0,0.0,0.0,0.0,0.0,0.0,0.0,0.0,0.0,0.0021398067,0.017769411,0.0019569471,0.0,0.0,0.0,0.0,1.0,0.0,0.0,0.7679081,1.0,1.0,0.08977353,0.0,0.0036778152,0.0,0.0,0.0819639,0.0
0.0,0.0,0.029411765,0.2,0.0,0.0,0.0,0.0,0.0,0.0,0.0,0.0,0.0,0.0,0.0,0.0,0.0,0.0,0.0,0.0,0.0,0.0,0.01731547,0.0039138943,0.0,0.0,1.0,1.0,0.02,0.06,0.0,0.7603296,1.0,1.0,0.08872899,0.0,0.0028793067,0.0,0.0,0.07600659,0.0
0.0,1.0,0.36764705,0.0,1.6426413e-05,0.0,0.0,0.0,0.0,0.0,0.0,0.0,0.0,0.0,0.0,0.0,0.0,0.0,0.0,0.0,0.0,0.011548072,0.014228195,0.14481409,0.0,0.0,0.0,0.0,1.0,0.0,0.0,0.77682173,1.0,1.0,0.09587351,0.0,0.0048555583,0.0,0.0,0.082396835,0.0
0.0,0.0,0.7941176,0.1,0.0,0.0,0.0,0.0,0.0,0.0,0.0,0.0,0.0,0.0,0.0,0.0,0.0,0.0,0.0,0.0,0.0,0.0,0.023730107,0.0019569471,1.0,1.0,0.0,0.0,0.01,0.06,0.0,0.76699877,1.0,1.0,0.08521793,0.0,0.0,0.0,0.0,0.0866029,0.0
0.013843888,0.0,0.04411765,0.3,0.0009226168,0.0,0.0,0.0,0.0,0.033316195,0.0,0.0,0.0,0.0,0.0,0.0,0.0025081113,0.013862997,0.0,0.0,0.0,0.05350712,0.009344265,0.17221135,0.02,0.02,0.98,0.98,1.0,0.0,0.0,0.8441094,1.0,1.0,0.117481045,0.0,0.009087026,0.0,0.0,0.08170983,0.0
0.0,0.0,0.029411765,0.2,0.0,0.0,0.0,0.0,0.0,0.0,0.0,0.0,0.0,0.0,0.0,0.0,0.0,0.0,0.0,0.0,0.0,0.0,0.017346285,0.0019569471,0.0,0.0,1.0,1.0,0.01,0.07,0.0,0.7602699,1.0,1.0,0.08868604,0.0,0.0028246194,0.0,0.0,0.07617223,0.0
0.0,0.0,0.029411765,0.2,0.0,0.0,0.0,0.0,0.0,0.0,0.0,0.0,0.0,0.0,0.0,0.0,0.0,0.0,0.0,0.0,0.0,0.004813552,0.016582415,0.03522505,0.0,0.0,1.0,1.0,0.06,0.05,0.0,0.77579534,1.0,1.0,0.09364607,0.0,0.0018975288,0.0,0.0,0.080397755,0.0
0.0,0.0,0.029411765,0.2,0.0,0.0,0.0,0.0,0.0,0.0,0.0,0.0,0.0,0.0,0.0,0.0,0.0,0.0,0.0,0.0,0.0,0.0,0.017339848,0.0019569471,0.0,0.0,1.0,1.0,0.01,0.06,0.0,0.7604122,1.0,1.0,0.08873298,0.0,0.0028034747,0.0,0.0,0.076230764,0.0
0.0,0.0,0.029411765,0.2,0.0,0.0,0.0,0.0,0.0,0.0,0.0,0.0,0.0,0.0,0.0,0.0,0.0,0.0,0.0,0.0,0.0,0.0,0.01710625,0.025440313,0.0,0.0,1.0,1.0,0.12,0.06,0.0,0.76531875,1.0,1.0,0.09018838,0.0,0.0031362772,0.0,0.0,0.07664016,0.0
0.0,0.0,0.30882353,0.2,0.0,0.0,0.0,0.0,0.0,0.0,0.0,0.0,0.0,0.0,0.0,0.0,0.0,0.0,0.0,0.0,0.0,0.0022967458,0.016805582,0.023483366,0.0,0.0,1.0,1.0,0.05,0.05,0.0,0.77129793,1.0,1.0,0.09221878,0.0,0.0021097064,0.0,0.0,0.07922104,0.0
0.0,0.0,0.32352942,0.1,0.0,0.0,0.0,0.0,0.0,0.0,0.0,0.0,0.0,0.0,0.0,0.0,0.0,0.0,0.0,0.0,0.0,0.0,0.023008473,0.03522505,1.0,1.0,0.0,0.0,0.07,0.06,0.0,0.7820673,1.0,1.0,0.08998572,0.0,0.0,0.0,0.0,0.09050438,0.0
0.0,0.0,0.029411765,0.2,0.0,0.0,0.0,0.0,0.0,0.0,0.0,0.0,0.0,0.0,0.0,0.0,0.0,0.0,0.0,0.0,0.0,0.0009610653,0.016985022,0.031311154,0.0,0.0,1.0,1.0,0.12,0.07,0.0,0.7677809,1.0,1.0,0.09097236,0.0,0.0029985309,0.0,0.0,0.077316344,0.0
0.0,0.0,0.04411765,0.0,0.0008681168,0.0061771553,0.0,0.0,0.0,0.0,0.0,0.0,0.0,0.0,0.0,0.0,0.0,0.0,0.0,0.0,0.0,0.006606102,0.010714799,0.009784736,0.0,0.0,0.0,0.0,1.0,0.0,0.0,0.7630563,1.0,1.0,0.094823726,0.0,0.009789601,0.0,0.0,0.065829426,0.0
0.0,0.0,0.029411765,0.2,0.0,0.0,0.0,0.0,0.0,0.0,0.0,0.0,0.0,0.0,0.0,0.0,0.0,0.0,0.0,0.0,0.0,0.0,0.017033301,0.025440313,0.0,0.0,1.0,1.0,0.09,0.06,0.0,0.76597106,1.0,1.0,0.09046995,0.0,0.0029271394,0.0,0.0,0.077005416,0.0
0.0,0.0,0.61764705,0.2,0.0,0.0,0.0,0.0,0.0,0.0,0.0,0.0,0.0,0.0,0.0,0.0,0.0,0.0,0.0,0.0,0.0,0.0019727945,0.016850628,0.015655577,0.0,0.0,1.0,1.0,0.03,0.06,0.0,0.7711476,1.0,1.0,0.09217396,0.0,0.0018403679,0.0,0.0,0.07968593,0.0
0.0,1.0,0.36764705,0.0,8.08587e-06,0.0,0.0,0.0,0.0,0.004832804,0.0,0.0,0.0,0.0,0.0,0.0,0.0,0.0,0.0,0.0,0.0,0.016733468,0.014865153,0.6849315,0.0,0.0,0.0,0.0,1.0,0.0,0.0,0.7878995,1.0,1.0,0.09828422,0.0,0.0035680532,0.0,0.0,0.087408185,0.0
0.0,0.0,0.029411765,0.2,0.0,0.0,0.0,0.0,0.0,0.0,0.0,0.0,0.0,0.0,0.0,0.0,0.0,0.0,0.0,0.0,0.0,0.00068458915,0.01698839,0.0332681,0.0,0.0,1.0,1.0,0.15,0.06,0.0,0.76708174,1.0,1.0,0.09076502,0.0,0.0031659752,0.0,0.0,0.07683858,0.0
0.0,0.0,0.20588236,0.2,0.0,0.0,0.0,0.0,0.0,0.0,0.0,0.0,0.0,0.0,0.0,0.0,0.0,0.0,0.0,0.0,0.0,0.00083583593,0.017021284,0.01369863,0.0,0.0,1.0,1.0,0.03,0.06,0.0,0.768612,1.0,1.0,0.091263644,0.0,0.0023032576,0.0,0.0,0.07857087,0.0
0.0,0.0,0.029411765,0.2,0.0,0.0,0.0,0.0,0.0,0.0,0.0,0.0,0.0,0.0,0.0,0.0,0.0,0.0,0.0,0.0,0.0,0.002244264,0.016847953,0.039138943,0.0,0.0,1.0,1.0,0.13,0.05,0.0,0.7699709,1.0,1.0,0.09168985,0.0,0.002964735,0.0,0.0,0.07769036,0.0
0.0,0.0,0.029411765,0.2,0.0,0.0,0.0,0.0,0.0,0.0,0.0,0.0,0.0,0.0,0.0,0.0,0.0,0.0,0.0,0.0,0.0,0.002007544,0.01689379,0.037181996,0.0,0.0,1.0,1.0,0.13,0.06,0.0,0.76957905,1.0,1.0,0.09153744,0.0,0.0029593855,0.0,0.0,0.07771936,0.0
0.0,0.0,0.029411765,0.2,0.0,0.0,0.0,0.0,0.0,0.0,0.0,0.0,0.0,0.0,0.0,0.0,0.0,0.0,0.0,0.0,0.0,0.0011318326,0.016964234,0.011741683,0.0,0.0,1.0,1.0,0.02,0.06,0.0,0.76953673,1.0,1.0,0.091611795,0.0,0.001990065,0.0,0.0,0.079238266,0.0
0.0,0.0,0.029411765,0.1,0.0,0.0,0.0,0.0,0.0,0.0,0.0,0.0,0.0,0.0,0.0,0.0,0.0,0.0,0.0,0.0,0.0,0.0,0.023582205,0.02739726,1.0,1.0,0.0,0.0,0.14,0.06,0.0,0.77273846,1.0,1.0,0.086800866,0.0,0.0,0.0,0.0,0.08757287,0.0
0.0,1.0,0.36764705,0.0,1.6426413e-05,0.0,0.0,0.0,0.0,0.0021083355,0.0,0.0,0.0,0.0,0.0,0.0,0.0,0.0,0.0,0.0,0.0,0.014438212,0.0145962015,0.444227,0.0,0.0,0.0,0.0,1.0,0.0,0.0,0.78280354,1.0,1.0,0.097130544,0.0,0.004210934,0.0,0.0,0.08530599,0.0
0.0,0.0,0.029411765,0.2,0.0,0.0,0.0,0.0,0.0,0.0,0.0,0.0,0.0,0.0,0.0,0.0,0.0,0.0,0.0,0.0,0.0,0.0035562217,0.016830444,0.025440313,0.0,0.0,1.0,1.0,0.06,0.07,0.0,0.7733586,1.0,1.0,0.09270651,0.0,0.0021663457,0.0,0.0,0.07975307,0.0
0.0,0.0,0.44117647,0.2,0.0,0.0,0.0,0.0,0.0,0.0,0.0,0.0,0.0,0.0,0.0,0.0,0.0,0.0,0.0,0.0,0.0,0.0009340644,0.016944982,0.037181996,0.0,0.0,1.0,1.0,0.16,0.05,0.0,0.76748025,1.0,1.0,0.09091183,0.0,0.003158927,0.0,0.0,0.07695314,0.0
0.0,1.0,0.36764705,0.0,1.6044403e-05,0.0,0.0,0.0,0.0,0.0021506846,0.0,0.0,0.0,0.0,0.0,0.0,0.0,0.0,0.0,0.0,0.0,0.014476001,0.014601007,0.4481409,0.0,0.0,0.0,0.0,1.0,0.0,0.0,0.78288174,1.0,1.0,0.09714695,0.0,0.004202485,0.0,0.0,0.08534399,0.0
0.0,0.0,0.029411765,0.2,0.0,0.0,0.0,0.0,0.0,0.0,0.0,0.0,0.0,0.0,0.0,0.0,0.0,0.0,0.0,0.0,0.0,0.0015293956,0.016945027,0.015655577,0.0,0.0,1.0,1.0,0.03,0.07,0.0,0.77002096,1.0,1.0,0.09173586,0.0,0.002120033,0.0,0.0,0.07912561,0.0
0.0,0.0,0.029411765,0.2,0.0,0.0,0.0,0.0,0.0,0.0,0.0,0.0,0.0,0.0,0.0,0.0,0.0,0.0,0.0,0.0,0.0,0.004397154,0.016716875,0.029354207,0.0,0.0,1.0,1.0,0.06,0.06,0.0,0.77496934,1.0,1.0,0.09326858,0.0,0.0020167232,0.0,0.0,0.08020064,0.0
0.13937451,0.0,0.13235295,0.0,0.0,1.1144735e-05,0.0,0.0,0.0,0.0,0.0,0.0,0.0,0.0,0.0,0.0,0.0,0.0,0.0,0.0,0.0,0.0,0.02096089,0.0019569471,0.0,0.0,0.0,0.0,1.0,0.0,0.0,0.7285944,1.0,1.0,0.07683586,0.0,0.0013695061,0.0,0.0,0.07637942,0.0
0.0,0.0,0.13235295,0.8,0.0,3.2691223e-05,0.0,0.0,0.0,0.027136356,0.0,0.0,0.0,0.0,0.0,0.0,0.0,0.0,0.0,0.0,0.0,0.035237342,0.019039318,0.0019569471,1.0,1.0,0.0,0.0,1.0,0.0,0.0,0.83397853,1.0,1.0,0.106520854,0.0,0.0,0.0,0.0,0.09854251,0.0
0.0,0.0,0.04411765,0.0,0.0008681168,0.0061771553,0.0,0.0,0.0,0.0,0.0,0.0,0.0,0.0,0.0,0.0,0.0,0.0,0.0,0.0,0.0,0.008075088,0.010720201,0.0058708414,0.33,0.33,0.0,0.0,1.0,0.0,0.0,0.7656156,1.0,1.0,0.09549119,0.0,0.009763584,0.0,0.0,0.06637564,0.0
0.0,0.0,0.029411765,0.2,0.0,0.0,0.0,0.0,0.0,0.0,0.0,0.0,0.0,0.0,0.0,0.0,0.0,0.0,0.0,0.0,0.0,0.00034311414,0.017077744,0.019569471,0.0,0.0,1.0,1.0,0.07,0.08,0.0,0.7671374,1.0,1.0,0.09074942,0.0,0.0027503818,0.0,0.0,0.07762775,0.0
0.1414537,0.0,0.13235295,0.0,0.0,1.1144735e-05,0.0,0.0,0.0,0.0,0.0,0.0,0.0,0.0,0.0,0.0,0.0,0.0,0.0,0.0,0.0,0.0,0.035202794,0.06262231,0.0,0.16,0.5,0.69,0.75,0.5,0.84,0.6346539,0.91686344,1.0,0.03592533,0.0,0.009445831,0.0,0.0,0.06082578,0.0
0.0,0.0,0.4852941,0.2,0.0,0.0,0.0,0.0,0.0,0.0,0.0,0.0,0.0,0.0,0.0,0.0,0.0,0.0,0.0,0.0,0.0,0.0046831965,0.016708389,0.0332681,0.0,0.0,1.0,1.0,0.07,0.06,0.0,0.77521646,1.0,1.0,0.09331442,0.0,0.0021819323,0.0,0.0,0.07999048,0.0
0.0,0.0,0.7205882,0.2,0.0,0.0,0.0,0.0,0.0,0.0,0.0,0.0,0.0,0.0,0.0,0.0,0.0,0.0,0.0,0.0,0.0,0.0050827563,0.016679212,0.039138943,0.0,0.0,1.0,1.0,0.09,0.06,0.0,0.77563894,1.0,1.0,0.09342589,0.0,0.002347216,0.0,0.0,0.07982767,0.0
0.01557654,0.0,0.04411765,0.3,0.00095604267,0.0,0.0,0.0,0.0,0.04431379,0.0,0.0,0.0,0.0,0.0,0.00055107474,0.0037717372,0.02421096,0.0,0.0,0.0,0.06616551,0.008980021,0.06066536,0.06,0.06,0.94,0.94,1.0,0.0,0.0,0.8657367,1.0,1.0,0.123509474,0.0,0.009301186,0.0,0.0,0.08430821,0.0
0.0,0.0,0.0,0.2,0.0,0.0,0.0,0.0,0.0,0.0038853288,0.0,0.0,0.0,0.0,0.0,0.0,0.0,0.0,0.0,0.0,0.0,0.014731437,0.016128898,0.01369863,0.0,0.0,1.0,1.0,0.15,0.08,0.0,0.7896453,1.0,1.0,0.09737048,0.0,0.0037647635,0.0,0.0,0.08076894,0.0
0.0,1.0,0.36764705,0.0,1.6426413e-05,0.0,0.0,0.0,0.0,0.0,0.0,0.0,0.0,0.0,0.0,0.0,0.0,0.0,0.0,0.0,0.0,0.002266556,0.017656952,0.18982388,0.0,0.0,0.0,0.0,1.0,0.0,0.0,0.77399623,1.0,1.0,0.09201773,0.0,0.00064744055,0.0,0.0,0.08482948,0.0
0.0,1.0,0.36764705,0.0,1.6426413e-05,0.0,0.0,0.0,0.0,0.0,0.0,0.0,0.0,0.0,0.0,0.0,0.0,0.0,0.0,0.0,0.0,0.0,0.019571848,1.0,0.0,0.0,0.0,0.0,1.0,0.0,0.0,0.7407751,1.0,1.0,0.08152156,0.0,0.0020514727,0.0,0.0,0.078540206,0.0
0.0,0.0,0.029411765,0.2,0.0,0.0,0.0,0.0,0.0,0.0,0.0,0.0,0.0,0.0,0.0,0.0,0.0,0.0,0.0,0.0,0.0,0.0005149543,0.017027847,0.031311154,0.0,0.0,1.0,1.0,0.14,0.07,0.0,0.76683223,1.0,1.0,0.09065955,0.0,0.0031394064,0.0,0.0,0.07692623,0.0
0.0,0.0,0.04411765,0.0,0.0008681168,0.0061771553,0.0,0.0,0.0,0.0,0.0,0.0,0.0,0.0,0.0,0.0,0.0,0.0,0.0,0.0,0.0,0.0033608675,0.010814019,0.017612524,0.0,0.0,0.0,0.0,1.0,0.0,0.33,0.75745964,1.0,1.0,0.093255006,0.0,0.009823993,0.0,0.0,0.064794004,0.0
0.0,0.0,0.45588234,0.2,0.0,0.0,0.0,0.0,0.0,0.0,0.0,0.0,0.0,0.0,0.0,0.0,0.0,0.0,0.0,0.0,0.0,0.002508968,0.016860172,0.021526419,0.0,0.0,1.0,1.0,0.05,0.07,0.0,0.7716768,1.0,1.0,0.092254035,0.0,0.002102062,0.0,0.0,0.07947013,0.0
0.0,0.0,0.7205882,0.2,0.0,0.0,0.0,0.0,0.0,0.0,0.0,0.0,0.0,0.0,0.0,0.0,0.0,0.0,0.0,0.0,0.0,0.0060197115,0.016589291,0.039138943,0.0,0.0,1.0,1.0,0.08,0.06,0.0,0.7776313,1.0,1.0,0.094082825,0.0,0.0020512342,0.0,0.0,0.08064714,0.0
0.0,0.0,0.029411765,0.2,0.0,0.0,0.0,0.0,0.0,0.0,0.0,0.0,0.0,0.0,0.0,0.0,0.0,0.0,0.0,0.0,0.0,0.003429234,0.016786106,0.039138943,0.0,0.0,1.0,1.0,0.11,0.06,0.0,0.7723068,1.0,1.0,0.0923936,0.0,0.0027299225,0.0,0.0,0.07855421,0.0
0.1306766,0.0,0.13235295,0.0,0.0,3.2691223e-05,0.0,0.0,0.0,0.0,0.0,0.0,0.0,0.0,0.0,0.0,0.0,0.0,0.0,0.0,0.0,0.0,0.018921293,0.0019569471,0.0,0.0,0.0,0.0,1.0,0.0,0.0,0.74448156,1.0,1.0,0.08260294,0.0,0.0030566305,0.0,0.0,0.07920474,0.0
0.0,0.0,0.029411765,0.2,0.0,0.0,0.0,0.0,0.0,0.0,0.0,0.0,0.0,0.0,0.0,0.0,0.0,0.0,0.0,0.0,0.0,0.0,0.017088994,0.021526419,0.0,0.0,1.0,1.0,0.08,0.06,0.0,0.765641,1.0,1.0,0.090330236,0.0,0.0028865337,0.0,0.0,0.07708457,0.0
0.0,0.0,0.30882353,0.2,0.0,0.0,0.0,0.0,0.0,0.0,0.0,0.0,0.0,0.0,0.0,0.0,0.0,0.0,0.0,0.0,0.0,0.0,0.017147489,0.017612524,0.0,0.0,1.0,1.0,0.07,0.06,0.0,0.76491034,1.0,1.0,0.09007389,0.0,0.0029428154,0.0,0.0,0.076833576,0.0
0.0,0.0,0.7352941,0.1,0.0,0.0,0.0,0.0,0.0,0.0,0.0,0.0,0.0,0.0,0.0,0.0,0.0,0.0,0.0,0.0,0.0,0.0,0.023067601,0.025440313,1.0,1.0,0.0,0.0,0.05,0.06,0.0,0.7803657,1.0,1.0,0.08949969,0.0,0.0,0.0,0.0,0.09023368,0.0
0.0,0.0,0.029411765,0.2,0.0,0.0,0.0,0.0,0.0,0.0,0.0,0.0,0.0,0.0,0.0,0.0,0.0,0.0,0.0,0.0,0.0,0.0038434267,0.016751103,0.025440313,0.0,0.0,1.0,1.0,0.05,0.06,0.0,0.7741531,1.0,1.0,0.09303499,0.0,0.0019360483,0.0,0.0,0.0801768,0.0
0.0,0.0,0.029411765,0.1,0.0,0.0,0.0,0.0,0.0,0.0,0.0,0.0,0.0,0.0,0.0,0.0,0.0,0.0,0.0,0.0,0.0,0.0,0.023445733,0.025440313,1.0,1.0,0.0,0.0,0.09,0.05,0.0,0.77463245,1.0,1.0,0.08749027,0.0,0.0,0.0,0.0,0.088262826,0.0
0.12991424,0.0,0.13235295,0.0,0.0,3.2691223e-05,0.0,0.0,0.0,0.0,0.0,0.0,0.0,0.0,0.0,0.0,0.0,0.0,0.0,0.0,0.0,0.0,0.018691666,0.0019569471,0.0,0.0,0.0,0.0,1.0,0.0,0.0,0.73886454,1.0,1.0,0.081298836,0.0,0.003465861,0.0,0.0,0.07742903,0.0
0.0,0.0,0.42647058,0.1,0.0,0.0,0.0,0.0,0.0,0.0,0.0,0.0,0.0,0.0,0.0,0.0,0.0,0.0,0.0,0.0,0.0,0.0,0.023742087,0.007827789,1.0,1.0,0.0,0.0,0.11,0.16,0.0,0.7738422,1.0,1.0,0.08689829,0.0,0.0,0.0,0.0,0.08778745,0.0
0.0,0.0,0.029411765,0.2,0.0,0.0,0.0,0.0,0.0,0.0,0.0,0.0,0.0,0.0,0.0,0.0,0.0,0.0,0.0,0.0,0.0,0.0014498532,0.016947307,0.037181996,0.0,0.0,1.0,1.0,0.16,0.06,0.0,0.7683933,1.0,1.0,0.09114637,0.0,0.003135547,0.0,0.0,0.077231616,0.0
0.0,0.0,0.13235295,0.8,0.0,3.2691223e-05,0.0,0.0,0.0,0.0,0.0,0.0,0.0,0.0,0.0,0.0,0.0,0.0,0.0,0.0,0.0,0.0,0.019747756,0.0019569471,1.0,1.0,0.0,0.0,1.0,0.0,0.0,0.7410903,1.0,1.0,0.08101421,0.0,0.0025267303,0.0,0.0,0.0787068,0.0
0.0,0.0,0.23529412,0.1,0.0,0.0,0.0,0.0,0.0,0.0,0.0,0.0,0.0,0.0,0.0,0.0,0.0,0.0,0.0,0.0,0.0,0.0,0.02322936,0.011741683,1.0,1.0,0.0,0.0,0.02,0.07,0.0,0.775898,1.0,1.0,0.08817642,0.0,0.0,0.0,0.0,0.08927673,0.0
1.7326518e-05,0.0,0.22058824,0.0,4.1368454e-05,0.00021769383,0.0,0.0,0.0,0.0,0.0,0.0,0.0,0.0,0.0,0.0,0.0,0.0,0.0,0.0,0.0,0.005592823,0.011403501,0.0058708414,0.0,0.0,0.0,0.0,1.0,0.0,0.0,0.76191103,1.0,1.0,0.09380261,0.0,0.009124026,0.0,0.0,0.06948188,0.0
0.0,0.0,0.14705883,0.1,0.0,0.0,0.0,0.0,0.0,0.0,0.0,0.0,0.0,0.0,0.0,0.0,0.0,0.0,0.0,0.0,0.0,0.0,0.023249343,0.029354207,1.0,1.0,0.0,0.0,0.07,0.06,0.0,0.77806854,1.0,1.0,0.08863776,0.0,0.0,0.0,0.0,0.08928597,0.0
0.0,0.0,0.029411765,0.1,0.0,0.0,0.0,0.0,0.0,0.0,0.0,0.0,0.0,0.0,0.0,0.0,0.0,0.0,0.0,0.0,0.0,0.0,0.02336482,0.03522505,1.0,1.0,0.0,0.0,0.13,0.06,0.0,0.776649,1.0,1.0,0.0880708,0.0,0.0,0.0,0.0,0.08866456,0.0
1.7326518e-05,0.0,0.22058824,0.0,4.1368454e-05,0.00021769383,0.0,0.0,0.0,0.0,0.0,0.0,0.0,0.0,0.0,0.0,0.0,0.0,0.0,0.0,0.0,0.0033004284,0.010998383,0.0058708414,0.0,0.0,0.0,0.0,1.0,0.0,0.0,0.757552,1.0,1.0,0.093083166,0.0,0.009639084,0.0,0.0,0.06585023,0.0
0.0,0.0,0.5147059,0.2,0.0,0.0,0.0,0.0,0.0,0.0,0.0,0.0,0.0,0.0,0.0,0.0,0.0,0.0,0.0,0.0,0.0,0.0,0.017244421,0.011741683,0.0,0.0,1.0,1.0,0.05,0.07,0.0,0.7623625,1.0,1.0,0.08931262,0.0,0.00294365,0.0,0.0,0.076384515,0.0
0.036004506,0.0,0.04411765,0.3,0.001155006,0.0,0.0,0.0,0.0,0.0,0.0,0.0,0.0,0.0,0.0,0.0,0.0,0.0,0.0,0.0,0.0,0.004615903,0.01109615,0.021526419,0.0,0.0,1.0,1.0,1.0,0.0,0.0,0.7598022,1.0,1.0,0.09358259,0.0,0.009686276,0.0,0.0,0.066085786,0.0
0.0,0.0,0.029411765,0.2,0.0,0.0,0.0,0.0,0.0,0.0,0.0,0.0,0.0,0.0,0.0,0.0,0.0,0.0,0.0,0.0,0.0,0.0,0.01709351,0.02739726,0.0,0.0,1.0,1.0,0.12,0.06,0.0,0.76468253,1.0,1.0,0.09003999,0.0,0.003093958,0.0,0.0,0.07661894,0.0
0.12594646,0.0,0.13235295,0.0,0.0,3.2691223e-05,0.0,0.0,0.0,0.0,0.0,0.0,0.0,0.0,0.0,0.0,0.0,0.0,0.0,0.0,0.0,0.0,0.017787345,0.0019569471,0.0,0.0,0.0,0.0,1.0,0.0,0.0,0.74404645,1.0,1.0,0.08348846,0.0,0.0041377544,0.0,0.0,0.075808555,0.0
0.0,0.0,0.04411765,0.0,0.0008681168,0.0061771553,0.0,0.0,0.0,0.0,0.0,0.0,0.0,0.0,0.0,0.0,0.0,0.0,0.0,0.0,0.0,0.0,0.011320859,0.011741683,0.0,0.0,0.0,0.0,1.0,0.0,0.0,0.74640393,1.0,1.0,0.089844756,0.0,0.009750009,0.0,0.0,0.063702404,0.0
0.0,0.5,0.029411765,0.0,4.4567784e-07,0.0,0.0,0.33333334,0.0,0.0,0.0,0.0,0.0072510466,0.0,0.0,0.0,0.0,0.0,0.013464956,0.0,0.0,0.0,0.058762304,0.0019569471,0.0,0.0,0.0,0.0,1.0,0.0,0.0,0.53255486,0.7849428,0.81313324,0.0,0.0,0.015267149,0.0,0.0,0.053590477,0.0
1.7326518e-05,0.0,0.22058824,0.0,4.1368454e-05,0.00021769383,0.0,0.0,0.0,0.0,0.0,0.0,0.0,0.0,0.0,0.0,0.0,0.0,0.0,0.0,0.0,0.0014729798,0.012638286,0.0058708414,0.0,0.0,0.0,0.0,1.0,0.0,0.0,0.75610447,1.0,1.0,0.09111757,0.0,0.008113161,0.0,0.0,0.0727967,0.0
0.0,0.0,0.5,0.5,0.0,0.0,0.0,0.0,0.0,0.0,0.0,0.0,0.0,0.0,0.0,0.0,0.0,0.0,0.0,0.0,0.0,0.0006788969,0.01697541,0.007827789,0.0,0.0,1.0,1.0,0.02,0.06,0.0,0.7688893,1.0,1.0,0.09144942,0.0,0.0019218028,0.0,0.0,0.07911837,0.0
0.12700337,0.0,0.13235295,0.0,0.0,3.2691223e-05,0.0,0.0,0.0,0.016862333,0.0,0.0,0.0,0.0,0.0,0.0,0.0,0.0,0.0,0.0,0.0,0.026824862,0.018057331,0.0019569471,0.0,0.0,0.0,0.0,1.0,0.0,0.0,0.8136065,1.0,1.0,0.10168984,0.0,0.0017374158,0.0,0.0,0.093889326,0.0
0.0,0.0,0.029411765,0.2,0.0,0.0,0.0,0.0,0.0,0.0,0.0,0.0,0.0,0.0,0.0,0.0,0.0,0.0,0.0,0.0,0.0,0.0,0.017354392,0.0039138943,0.0,0.0,1.0,1.0,0.02,0.07,0.0,0.76139665,1.0,1.0,0.088947766,0.0,0.0029452592,0.0,0.0,0.07625157,0.0
0.0,0.0,0.6911765,0.2,0.0,0.0,0.0,0.0,0.0,0.0,0.0,0.0,0.0,0.0,0.0,0.0,0.0,0.0,0.0,0.0,0.0,0.0019143224,0.016922303,0.0332681,0.0,0.0,1.0,1.0,0.12,0.06,0.0,0.76951265,1.0,1.0,0.091500126,0.0,0.0029170364,0.0,0.0,0.0777415,0.0
0.1403448,0.0,0.13235295,0.0,0.0,1.1144735e-05,0.0,0.0,0.0,0.0,0.0,0.0,0.0,0.0,0.0,0.0,0.0,0.0,0.0,0.0,0.0,0.0,0.03409528,0.0019569471,0.0,0.0,0.0,0.0,1.0,0.0,0.0,0.6392828,0.9228429,1.0,0.03830854,0.0,0.009295791,0.0,0.0,0.061117947,0.0
0.0,0.0,0.04411765,0.0,0.0008681168,0.0061771553,0.0,0.0,0.0,0.0,0.0,0.0,0.0,0.0,0.0,0.0,0.0,0.0,0.0,0.0,0.0,0.008075088,0.010720201,0.011741683,0.0,0.0,0.0,0.0,1.0,0.0,0.33,0.7656156,1.0,1.0,0.09549119,0.0,0.009763584,0.0,0.0,0.06637564,0.0
0.14195617,0.0,0.13235295,0.0,0.0,1.1144735e-05,0.0,0.0,0.0,0.0,0.0,0.0,0.0,0.0,0.0,0.0,0.0,0.0,0.0,0.0,0.0,0.0,0.019106917,0.0019569471,0.0,0.0,0.0,0.0,1.0,0.0,0.0,0.74354136,1.0,1.0,0.082404576,0.0,0.0016619563,0.0,0.0,0.077531695,0.0
0.0,0.0,0.29411766,0.2,0.0,0.0,0.0,0.0,0.0,0.0,0.0,0.0,0.0,0.0,0.0,0.0,0.0,0.0,0.0,0.0,0.0,0.0020501912,0.016899481,0.03522505,0.0,0.0,1.0,1.0,0.12,0.05,0.0,0.7697356,1.0,1.0,0.09158132,0.0,0.0029100627,0.0,0.0,0.07780847,0.0
0.0,0.0,0.029411765,0.2,0.0,0.0,0.0,0.0,0.0,0.0,0.0,0.0,0.0,0.0,0.0,0.0,0.0,0.0,0.0,0.0,0.0,0.0037514865,0.016708076,0.025440313,0.0,0.0,1.0,1.0,0.04,0.06,0.0,0.77414143,1.0,1.0,0.09309765,0.0,0.0018255562,0.0,0.0,0.08026895,0.0
0.0,0.0,0.029411765,0.2,0.0,0.0,0.0,0.0,0.0,0.0,0.0,0.0,0.0,0.0,0.0,0.0,0.0,0.0,0.0,0.0,0.0,0.0017998219,0.016970813,0.015655577,0.0,0.0,1.0,1.0,0.04,0.07,0.0,0.7704122,1.0,1.0,0.09179842,0.0,0.0021741837,0.0,0.0,0.07918957,0.0
0.0,0.0,0.04411765,0.1,0.0,0.0,0.0,0.0,0.0,0.017225266,0.0,0.0,0.0,0.0,0.0,0.0,0.0,0.0,0.0,0.0,0.0,0.03222254,0.0138983205,0.019569471,1.0,1.0,0.0,0.0,1.0,0.0,0.0,0.8149539,1.0,1.0,0.10576498,0.0,0.006100416,0.0,0.0,0.08194548,0.0
0.0,0.0,0.04411765,0.0,0.0008681168,0.0061771553,0.0,0.0,0.0,0.0,0.0,0.0,0.0,0.0,0.0,0.0,0.0,0.0,0.0,0.0,0.0,0.0076176226,0.010686427,0.0058708414,0.0,0.0,0.67,0.67,1.0,0.0,0.0,0.76479435,1.0,1.0,0.09530776,0.0,0.009791657,0.0,0.0,0.06610125,0.0
0.0,1.0,0.36764705,0.0,1.6426413e-05,0.0,0.0,0.0,0.0,0.005447209,0.0,0.0,0.0,0.0,0.0,0.0,0.0,0.0,0.0,0.0,0.0,0.01720941,0.014913365,0.7358121,0.0,0.0,0.0,0.0,1.0,0.0,0.0,0.78906965,1.0,1.0,0.09857441,0.0,0.0033917576,0.0,0.0,0.087775946,0.0
0.0,0.0,0.029411765,0.2,0.0,0.0,0.0,0.0,0.0,0.0,0.0,0.0,0.0,0.0,0.0,0.0,0.0,0.0,0.0,0.0,0.0,0.0026192367,0.016920969,0.017612524,0.0,0.0,1.0,1.0,0.04,0.07,0.0,0.7718593,1.0,1.0,0.09223225,0.0,0.0021350086,0.0,0.0,0.079497635,0.0
0.0,0.0,0.029411765,0.1,0.0,0.0,0.0,0.0,0.0,0.0,0.0,0.0,0.0,0.0,0.0,0.0,0.0,0.0,0.0,0.0,0.0,0.0,0.023496136,0.025440313,1.0,1.0,0.0,0.0,0.1,0.06,0.0,0.77394783,1.0,1.0,0.08724227,0.0,0.0,0.0,0.0,0.08801606,0.0
0.0,0.0,0.6764706,0.1,0.0,0.0,0.0,0.0,0.0,0.0,0.0,0.0,0.0,0.0,0.0,0.0,0.0,0.0,0.0,0.0,0.0,0.0,0.02339504,0.039138943,1.0,1.0,0.0,0.0,0.15,0.05,0.0,0.77699137,1.0,1.0,0.088117145,0.0,0.0,0.0,0.0,0.08855525,0.0
0.12776574,0.0,0.13235295,0.0,0.0,3.2691223e-05,0.0,0.0,0.0,0.018490553,0.0,0.0,0.0,0.0,0.0,0.0,0.0,0.0,0.0,0.0,0.0,0.028201282,0.018186122,0.0019569471,0.0,0.0,0.0,0.0,1.0,0.0,0.0,0.81680834,1.0,1.0,0.10246589,0.0,0.001376003,0.0,0.0,0.09463549,0.0
0.0,0.0,0.029411765,0.5,0.0,0.0,0.0,0.0,0.0,0.0,0.0,0.0,0.0,0.0,0.0,0.0,0.0,0.0,0.0,0.0,0.0,0.0,0.017076023,0.025440313,0.0,0.0,1.0,1.0,0.11,0.07,0.0,0.7650223,1.0,1.0,0.09015717,0.0,0.0030680597,0.0,0.0,0.076615304,0.0
0.0,0.0,0.029411765,0.2,0.0,0.0,0.0,0.0,0.0,0.0,0.0,0.0,0.0,0.0,0.0,0.0,0.0,0.0,0.0,0.0,0.0,0.0,0.017030962,0.0039138943,0.0,0.0,1.0,1.0,0.01,0.06,0.0,0.76759875,1.0,1.0,0.09105947,0.0,0.0019116253,0.0,0.0,0.07889941,0.0
0.0,1.0,0.36764705,0.0,8.08587e-06,0.0,0.0,0.0,0.0,0.008495748,0.0,0.0,0.0,0.0,0.0,0.0,0.0,0.0,0.0,0.0,0.0,0.019571215,0.0151523575,0.9882583,0.0,0.0,0.0,0.0,1.0,0.0,0.0,0.7948755,1.0,1.0,0.10001423,0.0,0.0025172085,0.0,0.0,0.08960083,0.0
0.0,0.0,0.029411765,0.2,0.0,0.0,0.0,0.0,0.0,0.0,0.0,0.0,0.0,0.0,0.0,0.0,0.0,0.0,0.0,0.0,0.0,0.0036602318,0.016726576,0.023483366,0.0,0.0,1.0,1.0,0.04,0.06,0.0,0.7740134,1.0,1.0,0.0930477,0.0,0.0018185228,0.0,0.0,0.080240935,0.0
0.0,0.0,0.11764706,0.2,0.0,0.0,0.0,0.0,0.0,0.0,0.0,0.0,0.0,0.0,0.0,0.0,0.0,0.0,0.0,0.0,0.0,0.00015297532,0.017110549,0.0039138943,0.0,0.0,1.0,1.0,0.01,0.08,0.0,0.76776457,1.0,1.0,0.09098112,0.0,0.0021114498,0.0,0.0,0.07877374,0.0
0.0,0.0,0.6911765,0.2,0.0,0.0,0.0,0.0,0.0,0.0,0.0,0.0,0.0,0.0,0.0,0.0,0.0,0.0,0.0,0.0,0.0,0.0,0.017193012,0.019569471,0.0,0.0,1.0,1.0,0.1,0.06,0.0,0.762655,1.0,1.0,0.08940443,0.0,0.0031917244,0.0,0.0,0.07597816,0.0
0.013878541,0.0,0.04411765,0.3,0.0012014838,0.0,0.0,0.0,0.0,0.0,0.0,0.0,0.0,0.0,0.0,0.0,0.0,0.0,0.0,0.0,0.0,0.009882569,0.010821506,0.039138943,0.0,0.0,1.0,1.0,1.0,0.0,0.0,0.76891017,1.0,1.0,0.096258484,0.0,0.009702638,0.0,0.0,0.06709385,0.0
0.0,0.0,0.30882353,0.2,0.0,0.0,0.0,0.0,0.0,0.0,0.0,0.0,0.0,0.0,0.0,0.0,0.0,0.0,0.0,0.0,0.0,0.0056221485,0.016608551,0.03522505,0.0,0.0,1.0,1.0,0.06,0.06,0.0,0.77714705,1.0,1.0,0.09395876,0.0,0.0019211918,0.0,0.0,0.08075979,0.0
0.0,1.0,0.36764705,0.0,1.6044403e-05,0.0,0.0,0.0,0.0,0.0027438104,0.0,0.0,0.0,0.0,0.0,0.0,0.0,0.0,0.0,0.0,0.0,0.015004933,0.014668338,0.5029354,0.0,0.0,0.0,0.0,1.0,0.0,0.0,0.78397644,1.0,1.0,0.097377025,0.0,0.0040845275,0.0,0.0,0.085876346,0.0
1.7326518e-05,0.0,0.22058824,0.0,4.1368454e-05,0.00021769383,0.0,0.0,0.0,0.0,0.0,0.0,0.0,0.0,0.0,0.0,0.0,0.0,0.0,0.0,0.0,0.0031773448,0.01212436,0.0039138943,0.0,0.0,0.0,0.0,1.0,0.0,0.0,0.7577524,1.0,1.0,0.09195145,0.0,0.008851066,0.0,0.0,0.071545124,0.0
0.0,0.0,0.6911765,0.2,0.0,0.0,0.0,0.0,0.0,0.0,0.0,0.0,0.0,0.0,0.0,0.0,0.0,0.0,0.0,0.0,0.0,0.0015816987,0.016944416,0.03522505,0.0,0.0,1.0,1.0,0.14,0.06,0.0,0.76873946,1.0,1.0,0.091252886,0.0,0.0030580163,0.0,0.0,0.07739878,0.0
0.0,1.0,0.36764705,0.0,8.08587e-06,0.0,0.0,0.0,0.0,0.0,0.0,0.0,0.0,0.0,0.0,0.0,0.0,0.0,0.0,0.0,0.0,0.010945678,0.014028519,0.045009784,0.0,0.0,0.0,0.0,1.0,0.0,0.0,0.7754483,1.0,1.0,0.0956903,0.0,0.0050741434,0.0,0.0,0.08145517,0.0
0.0,0.0,0.5882353,0.2,0.0,0.0,0.0,0.0,0.0,0.0,0.0,0.0,0.0,0.0,0.0,0.0,0.0,0.0,0.0,0.0,0.0,0.0045669675,0.01667691,0.039138943,0.0,0.0,1.0,1.0,0.09,0.06,0.0,0.7747259,1.0,1.0,0.09319133,0.0,0.002370596,0.0,0.0,0.079549134,0.0
0.0,0.0,0.5147059,0.1,0.0,0.0,0.0,0.0,0.0,0.0,0.0,0.0,0.0,0.0,0.0,0.0,0.0,0.0,0.0,0.0,0.0,0.0,0.023466453,0.025440313,1.0,1.0,0.0,0.0,0.09,0.06,0.0,0.7743505,1.0,1.0,0.08738815,0.0,0.0,0.0,0.0,0.08816129,0.0
0.13159491,0.0,0.13235295,0.0,0.0,3.2691223e-05,0.0,0.0,0.0,0.027675122,0.0,0.0,0.0,0.0,0.0,0.0,0.0,0.0,0.0,0.0,0.0,0.036108315,0.018909954,0.0019569471,0.0,0.0,0.0,0.0,1.0,0.0,0.0,0.8349345,1.0,1.0,0.10685777,0.0,0.0,0.0,0.0,0.09870961,0.0
0.0,0.0,0.5441176,0.5,0.0,0.0,0.0,0.0,0.0,0.0,0.0,0.0,0.0,0.0,0.0,0.0,0.0,0.0,0.0,0.0,0.0,0.005356461,0.016624227,0.037181996,0.0,0.0,1.0,1.0,0.07,0.06,0.0,0.7765161,1.0,1.0,0.09375846,0.0,0.0020410717,0.0,0.0,0.08047557,0.0
0.0,0.0,0.04411765,0.1,0.0,0.0,0.0,0.0,0.0,0.05639872,0.0,0.0,0.0,0.0,0.0,0.0,0.0024619848,0.025145173,0.0,0.0,0.0,0.07131684,0.015838712,0.17612524,1.0,1.0,0.0,0.0,1.0,0.0,0.0,0.8894706,1.0,1.0,0.123852514,0.0,0.0017565787,0.0,0.0,0.10531327,0.0
0.0,0.0,0.4852941,0.2,0.0,0.0,0.0,0.0,0.0,0.0,0.0,0.0,0.0,0.0,0.0,0.0,0.0,0.0,0.0,0.0,0.0,0.0039036572,0.016712427,0.029354207,0.0,0.0,1.0,1.0,0.06,0.06,0.0,0.7741039,1.0,1.0,0.09304964,0.0,0.00203304,0.0,0.0,0.07994163,0.0
0.00015593866,0.0,0.13235295,0.0,6.699493e-05,0.005848757,0.0,0.0,0.0,0.0,0.0,0.0,0.0,0.0,0.0,0.0,0.0,0.0,0.0031366367,0.0,0.0,0.0,0.047719814,0.0019569471,0.0,0.0,0.0,0.0,1.0,0.0,0.0,0.5749744,0.8396035,0.9175898,0.0058133006,0.0,0.016381755,0.0,0.0,0.05566758,0.0
1.7326518e-05,0.0,0.22058824,0.0,4.1368454e-05,0.00021769383,0.0,0.0,0.0,0.0,0.0,0.0,0.0,0.0,0.0,0.0,0.0,0.0,0.0,0.0,0.0,0.0,0.0140802115,0.0039138943,0.0,0.0,0.0,0.0,1.0,0.0,0.0,0.747661,1.0,1.0,0.08783292,0.0,0.0065900683,0.0,0.0,0.07151517,0.0
1.7326518e-05,0.0,0.22058824,0.0,4.1368454e-05,0.00021769383,0.0,0.0,0.0,0.0,0.0,0.0,0.0,0.0,0.0,0.0,0.0,0.0,0.0,0.0,0.0,0.0,0.013087727,0.0039138943,0.0,0.0,0.33,0.0,0.67,0.67,0.0,0.75448346,1.0,1.0,0.09036302,0.0,0.0075194538,0.0,0.0,0.073219955,0.0
0.0,0.0,0.029411765,0.5,0.0,0.0,0.0,0.0,0.0,0.0,0.0,0.0,0.0,0.0,0.0,0.0,0.0,0.0,0.0,0.0,0.0,0.0,0.017224222,0.009784736,0.0,0.0,1.0,1.0,0.03,0.06,0.0,0.76212776,1.0,1.0,0.08929401,0.0,0.0028401762,0.0,0.0,0.07640967,0.0
0.0,0.0,0.13235295,0.8,0.0,3.2691223e-05,0.0,0.0,0.0,0.0,0.0,0.0,0.0,0.0,0.0,0.0,0.0,0.0,0.0,0.0,0.0,0.0,0.021078028,0.0019569471,1.0,1.0,0.0,0.0,1.0,0.0,0.0,0.71063685,1.0,1.0,0.071648665,0.0,0.0031563789,0.0,0.0,0.07193628,0.0
0.0,0.0,0.029411765,0.1,0.0,0.0,0.0,0.0,0.0,0.0,0.0,0.0,0.0,0.0,0.0,0.0,0.0,0.0,0.0,0.0,0.0,0.0,0.020883165,0.007827789,0.82,0.5,0.18,0.5,0.03,0.07,0.0,0.76831686,1.0,1.0,0.08782498,0.0,0.0,0.0,0.0,0.083482414,0.0
0.0,0.0,0.30882353,0.2,0.0,0.0,0.0,0.0,0.0,0.0,0.0,0.0,0.0,0.0,0.0,0.0,0.0,0.0,0.0,0.0,0.0,0.0,0.017128155,0.0019569471,0.0,0.0,1.0,1.0,0.0,0.07,0.0,0.76606846,1.0,1.0,0.09053167,0.0,0.002075389,0.0,0.0,0.07846016,0.0
0.0,0.0,0.4852941,0.2,0.0,0.0,0.0,0.0,0.0,0.0,0.0,0.0,0.0,0.0,0.0,0.0,0.0,0.0,0.0,0.0,0.0,0.00252527,0.016887322,0.023483366,0.0,0.0,1.0,1.0,0.06,0.06,0.0,0.7714162,1.0,1.0,0.0921248,0.0,0.0023165941,0.0,0.0,0.07907581,0.0
0.0,0.0,0.029411765,0.2,0.0,0.0,0.0,0.0,0.0,0.0,0.0,0.0,0.0,0.0,0.0,0.0,0.0,0.0,0.0,0.0,0.0,0.00018423796,0.017041177,0.019569471,0.0,0.0,1.0,1.0,0.06,0.06,0.0,0.7669833,1.0,1.0,0.09076511,0.0,0.0026609749,0.0,0.0,0.077661306,0.0
0.0,0.0,0.42647058,0.2,0.0,0.0,0.0,0.0,0.0,0.0,0.0,0.0,0.0,0.0,0.0,0.0,0.0,0.0,0.0,0.0,0.0,0.002266556,0.016845807,0.039138943,0.0,0.0,1.0,1.0,0.13,0.06,0.0,0.7700182,1.0,1.0,0.09170545,0.0,0.0029576868,0.0,0.0,0.07770991,0.0
0.0,0.0,0.04411765,0.1,0.0,0.0,0.0,0.0,0.0,0.033278555,0.0,0.0,0.0,0.0,0.0,0.0,0.00135535,0.012502849,0.0,0.0,0.0,0.050478727,0.012937993,0.0039138943,1.0,1.0,0.0,0.0,1.0,0.0,0.0,0.84592545,1.0,1.0,0.1148395,0.0,0.006297216,0.0,0.0,0.08602655,0.0
0.0,0.0,0.029411765,0.2,0.0,0.0,0.0,0.0,0.0,0.0,0.0,0.0,0.0,0.0,0.0,0.0,0.0,0.0,0.0,0.0,0.0,0.0031957924,0.016751617,0.02739726,0.0,0.0,1.0,1.0,0.05,0.06,0.0,0.7728939,1.0,1.0,0.09269398,0.0,0.0020369738,0.0,0.0,0.07973117,0.0
0.0,0.0,0.3382353,0.2,0.0,0.0,0.0,0.0,0.0,0.0,0.0,0.0,0.0,0.0,0.0,0.0,0.0,0.0,0.0,0.0,0.0,0.0033965707,0.016732328,0.02739726,0.0,0.0,1.0,1.0,0.05,0.06,0.0,0.7733208,1.0,1.0,0.09283476,0.0,0.0019735694,0.0,0.0,0.07990661,0.0
0.0,0.0,0.029411765,0.1,0.0,0.0,0.0,0.0,0.0,0.0,0.0,0.0,0.0,0.0,0.0,0.0,0.0,0.0,0.0,0.0,0.0,0.0,0.023548357,0.019569471,1.0,1.0,0.0,0.0,0.07,0.06,0.0,0.7719077,1.0,1.0,0.086671315,0.0,0.0,0.0,0.0,0.08759898,0.0
0.0,0.0,0.029411765,0.1,0.0,0.0,0.0,0.0,0.0,0.0,0.0,0.0,0.0,0.0,0.0,0.0,0.0,0.0,0.0,0.0,0.0,0.0,0.023562327,0.009784736,1.0,1.0,0.0,0.0,0.04,0.09,0.0,0.7726259,1.0,1.0,0.08685934,0.0,0.0,0.0,0.0,0.08791411,0.0
0.0,0.0,0.04411765,0.0,0.0008681168,0.0061771553,0.0,0.0,0.0,0.0,0.0,0.0,0.0,0.0,0.0,0.0,0.0,0.0,0.0,0.0,0.0,0.0,0.011404574,0.009784736,0.0,0.0,0.2,0.2,1.0,0.0,0.0,0.7431798,1.0,1.0,0.08891385,0.0,0.0097581,0.0,0.0,0.063203454,0.0
0.13979036,0.0,0.13235295,0.0,0.0,1.1144735e-05,0.0,0.0,0.0,0.0,0.0,0.0,0.0,0.0,0.0,0.0,0.0,0.0,0.0,0.0,0.0,0.0,0.021008566,0.0019569471,0.0,0.0,0.0,0.0,1.0,0.0,0.0,0.7301525,1.0,1.0,0.07724399,0.0,0.001135841,0.0,0.0,0.076808155,0.0
0.0,0.0,0.029411765,0.1,0.0,0.0,0.0,0.0,0.0,0.0,0.0,0.0,0.0,0.0,0.0,0.0,0.0,0.0,0.0,0.0,0.0,0.0,0.02318415,0.037181996,1.0,1.0,0.0,0.0,0.1,0.09,0.0,0.78084683,1.0,1.0,0.08940535,0.0,0.0,0.0,0.0,0.08986631,0.0
0.0,0.0,0.6617647,0.5,0.0,0.0,0.0,0.0,0.0,0.0,0.0,0.0,0.0,0.0,0.0,0.0,0.0,0.0,0.0,0.0,0.0,0.0,0.017538257,0.017612524,0.0,0.0,1.0,1.0,0.08,0.07,0.0,0.7480022,1.0,1.0,0.08519658,0.0,0.0033361018,0.0,0.0,0.07332575,0.0
0.015628519,0.0,0.04411765,0.3,0.0008993779,0.0,0.0,0.0,0.0,0.013172865,0.0,0.0,0.0,0.0,0.0,0.0,0.00028707832,0.0,0.0,0.0,0.0,0.031245649,0.009912498,0.1369863,0.01,0.01,0.97,0.97,1.0,0.0,0.0,0.8055694,1.0,1.0,0.10679152,0.0,0.0094319135,0.0,0.0,0.07409814,0.0
0.0,0.0,0.029411765,0.2,0.0,0.0,0.0,0.0,0.0,0.0,0.0,0.0,0.0,0.0,0.0,0.0,0.0,0.0,0.0,0.0,0.0,0.0042147636,0.016753376,0.0332681,0.0,0.0,1.0,1.0,0.08,0.06,0.0,0.77422047,1.0,1.0,0.09298595,0.0,0.0023299158,0.0,0.0,0.079580754,0.0
0.0,0.0,0.04411765,0.0,0.0008681168,0.0061771553,0.0,0.0,0.0,0.0,0.0,0.0,0.0,0.0,0.0,0.0,0.0,0.0,0.0,0.0,0.0,0.008075088,0.010720201,0.0058708414,0.0,0.0,0.33,0.33,1.0,0.0,0.0,0.7656156,1.0,1.0,0.09549119,0.0,0.009763584,0.0,0.0,0.06637564,0.0
0.0,0.0,0.029411765,0.2,0.0,0.0,0.0,0.0,0.0,0.0,0.0,0.0,0.0,0.0,0.0,0.0,0.0,0.0,0.0,0.0,0.0,0.0017814934,0.016918078,0.019569471,0.01,0.0,0.99,1.0,0.04,0.06,0.0,0.77040935,1.0,1.0,0.09186413,0.0,0.0021495372,0.0,0.0,0.07907891,0.0
0.0,0.0,0.029411765,0.1,0.0,0.0,0.0,0.0,0.0,0.0,0.0,0.0,0.0,0.0,0.0,0.0,0.0,0.0,0.0,0.0,0.0,0.0,0.022016622,0.019569471,0.78,0.8,0.22,0.2,0.05,0.06,0.0,0.7759012,1.0,1.0,0.08909228,0.0,0.0,0.0,0.0,0.08747828,0.0
0.0,0.0,0.029411765,0.2,0.0,0.0,0.0,0.0,0.0,0.0,0.0,0.0,0.0,0.0,0.0,0.0,0.0,0.0,0.0,0.0,0.0,0.0050827563,0.016679212,0.039138943,0.0,0.0,1.0,1.0,0.09,0.06,0.0,0.77563894,1.0,1.0,0.09342589,0.0,0.002347216,0.0,0.0,0.07982767,0.0
1.7326518e-05,0.0,0.22058824,0.0,4.1368454e-05,0.00021769383,0.0,0.0,0.0,0.0,0.0,0.0,0.0,0.0,0.0,0.0,0.0,0.0,0.0,0.0,0.0,0.0,0.0141661465,0.0039138943,0.0,0.0,0.0,0.0,1.0,0.0,0.0,0.7468221,1.0,1.0,0.08755424,0.0,0.006505549,0.0,0.0,0.071235865,0.0
0.0,1.0,0.36764705,0.0,1.6426413e-05,0.0,0.0,0.0,0.0,0.0,0.0,0.0,0.0,0.0,0.0,0.0,0.0,0.0,0.0,0.0,0.0,0.011049926,0.01407069,0.064579256,0.0,0.0,0.0,0.0,1.0,0.0,0.0,0.7756938,1.0,1.0,0.09571717,0.0,0.0050311238,0.0,0.0,0.08163872,0.0
0.0,0.0,0.029411765,0.1,0.0,0.0,0.0,0.0,0.0,0.0,0.0,0.0,0.0,0.0,0.0,0.0,0.0,0.0,0.0,0.0,0.0,0.0,0.02318886,0.03522505,1.0,1.0,0.0,0.0,0.1,0.09,0.0,0.7814264,1.0,1.0,0.089551084,0.0,0.0,0.0,0.0,0.08998719,0.0
0.0,0.0,0.1764706,0.2,0.0,0.0,0.0,0.0,0.0,0.0,0.0,0.0,0.0,0.0,0.0,0.0,0.0,0.0,0.0,0.0,0.0,0.004374832,0.016719088,0.029354207,0.0,0.0,1.0,1.0,0.06,0.06,0.0,0.774922,1.0,1.0,0.09325292,0.0,0.0020237714,0.0,0.0,0.08018118,0.0
0.0,0.0,0.029411765,0.1,0.0,0.0,0.0,0.0,0.0,0.0,0.0,0.0,0.0,0.0,0.0,0.0,0.0,0.0,0.0,0.0,0.0,0.0,0.023650631,0.011741683,1.0,1.0,0.0,0.0,0.14,0.18,0.0,0.77620494,1.0,1.0,0.08761256,0.0,0.0,0.0,0.0,0.088433236,0.0
0.0,0.0,0.029411765,0.2,0.0,0.0,0.0,0.0,0.0,0.0,0.0,0.0,0.0,0.0,0.0,0.0,0.0,0.0,0.0,0.0,0.0,0.0037068725,0.01671239,0.025440313,0.0,0.0,1.0,1.0,0.04,0.05,0.0,0.77404654,1.0,1.0,0.09306633,0.0,0.0018396676,0.0,0.0,0.08022988,0.0
0.12634496,0.0,0.13235295,0.0,0.0,3.2691223e-05,0.0,0.0,0.0,0.0,0.0,0.0,0.0,0.0,0.0,0.0,0.0,0.0,0.0,0.0,0.0,0.0011603236,0.017751455,0.0019569471,0.0,0.0,0.0,0.0,1.0,0.0,0.0,0.7662523,1.0,1.0,0.089357875,0.0,0.0037342757,0.0,0.0,0.081276536,0.0
0.0,0.0,0.5882353,0.2,0.0,0.0,0.0,0.0,0.0,0.0,0.0,0.0,0.0,0.0,0.0,0.0,0.0,0.0,0.0,0.0,0.0,0.0050907433,0.016640544,0.031311154,0.0,0.0,1.0,1.0,0.06,0.06,0.0,0.77637815,1.0,1.0,0.09374086,0.0,0.0018335581,0.0,0.0,0.08075535,0.0
0.0,0.0,0.04411765,0.0,0.0008681168,0.0061771553,0.0,0.0,0.0,0.0,0.0,0.0,0.0,0.0,0.0,0.0,0.0,0.0,0.0,0.0,0.0,0.002699852,0.01084502,0.0058708414,0.0,0.0,0.0,0.0,1.0,0.0,0.0,0.7563076,1.0,1.0,0.09291998,0.0,0.00981997,0.0,0.0,0.064689726,0.0
0.0,1.0,0.36764705,0.0,8.276875e-06,0.0,0.0,0.0,0.0,0.0020871162,0.0,0.0,0.0,0.0,0.0,0.0,0.0,0.0,0.0,0.0,0.0,0.014419287,0.01459381,0.44227007,0.0,0.0,0.0,0.0,1.0,0.0,0.0,0.78276443,1.0,1.0,0.097122334,0.0,0.0042151213,0.0,0.0,0.085286915,0.0
0.0,0.0,0.029411765,0.2,0.0,0.0,0.0,0.0,0.0,0.0,0.0,0.0,0.0,0.0,0.0,0.0,0.0,0.0,0.0,0.0,0.0,0.0051246285,0.016623408,0.039138943,0.0,0.0,1.0,1.0,0.08,0.06,0.0,0.7759118,1.0,1.0,0.093582354,0.0,0.0021943748,0.0,0.0,0.08003688,0.0
0.0,0.0,0.029411765,0.2,0.0,0.0,0.0,0.0,0.0,0.0,0.0,0.0,0.0,0.0,0.0,0.0,0.0,0.0,0.0,0.0,0.0,0.0,0.017116122,0.019569471,0.0,0.0,1.0,1.0,0.07,0.07,0.0,0.76532316,1.0,1.0,0.0902177,0.0,0.0029076338,0.0,0.0,0.076978594,0.0
0.0,0.0,0.13235295,0.8,0.0,3.2691223e-05,0.0,0.0,0.0,0.0,0.0,0.0,0.0,0.0,0.0,0.0,0.0,0.0,0.0,0.0,0.0,0.0,0.018980287,0.0019569471,1.0,1.0,0.0,0.0,1.0,0.0,0.0,0.74653995,1.0,1.0,0.08309793,0.0,0.0029551387,0.0,0.0,0.07975307,0.0
0.0,1.0,0.36764705,0.0,8.276875e-06,0.0,0.0,0.0,0.0,0.00523445,0.0,0.0,0.0,0.0,0.0,0.0,0.0,0.0,0.0,0.0,0.0,0.017044634,0.014896676,0.7181996,0.0,0.0,0.0,0.0,1.0,0.0,0.0,0.7886646,1.0,1.0,0.09847397,0.0,0.0034527779,0.0,0.0,0.0876486,0.0
0.0,0.0,0.029411765,0.1,0.0,0.0,0.0,0.0,0.0,0.0,0.0,0.0,0.0,0.0,0.0,0.0,0.0,0.0,0.0,0.0,0.0,0.0005482435,0.021706246,0.02739726,0.82,0.71,0.18,0.29,0.05,0.06,0.0,0.7802322,1.0,1.0,0.090520106,0.0,0.0,0.0,0.0,0.08862242,0.0
0.0,0.0,0.7058824,0.2,0.0,0.0,0.0,0.0,0.0,0.0,0.0,0.0,0.0,0.0,0.0,0.0,0.0,0.0,0.0,0.0,0.0,0.0008377731,0.017012015,0.007827789,0.0,0.0,1.0,1.0,0.02,0.06,0.0,0.76904345,1.0,1.0,0.0914337,0.0,0.0020111352,0.0,0.0,0.07908481,0.0
0.0,0.0,0.029411765,0.2,0.0,0.0,0.0,0.0,0.0,0.0,0.0,0.0,0.0,0.0,0.0,0.0,0.0,0.0,0.0,0.0,0.0,0.0052922964,0.0166822,0.037181996,0.0,0.0,1.0,1.0,0.08,0.08,0.0,0.7761959,1.0,1.0,0.09358635,0.0,0.0022008866,0.0,0.0,0.080246985,0.0
0.0,0.0,0.14705883,0.1,0.0,0.0,0.0,0.0,0.0,0.0,0.0,0.0,0.0,0.0,0.0,0.0,0.0,0.0,0.0,0.0,0.0,0.0,0.02320674,0.03522505,1.0,1.0,0.0,0.0,0.1,0.08,0.0,0.7811848,1.0,1.0,0.089463525,0.0,0.0,0.0,0.0,0.089900166,0.0
0.0,0.0,0.13235295,0.8,0.0,3.2691223e-05,0.0,0.0,0.0,0.0,0.0,0.0,0.0,0.0,0.0,0.0,0.0,0.0,0.0,0.0,0.0,0.0,0.01983948,0.0019569471,1.0,1.0,0.0,0.0,1.0,0.0,0.0,0.7477957,1.0,1.0,0.082797475,0.0,0.0019239932,0.0,0.0,0.080452085,0.0
0.12523608,0.0,0.13235295,0.0,0.0,3.2691223e-05,0.0,0.0,0.0,0.0,0.0,0.0,0.0,0.0,0.0,0.0,0.0,0.0,0.0,0.0,0.0,0.0,0.017803945,0.0019569471,0.0,0.0,0.0,0.0,1.0,0.0,0.0,0.7637228,1.0,1.0,0.08866685,0.0,0.0036979914,0.0,0.0,0.080443025,0.0
0.0140691325,0.0,0.04411765,0.3,0.0011394073,0.0,0.0,0.0,0.0,0.04902494,0.0,0.0,0.0,0.0,0.0,0.001807645,0.0042702854,0.02801767,0.0,0.0,0.0,0.071340054,0.008859068,0.0704501,0.03,0.03,0.97,0.97,1.0,0.0,0.0,0.87471366,1.0,1.0,0.12598696,0.0,0.009195849,0.0,0.0,0.086211234,0.0
0.0,0.0,0.04411765,0.1,0.0,0.0,0.0,0.0,0.0,0.025078505,0.0,0.0,0.0,0.0,0.0,0.0,0.0,0.0029223263,0.0,0.0,0.0,0.040313393,0.01422973,0.025440313,1.0,1.0,0.0,0.0,1.0,0.0,0.0,0.829725,1.0,1.0,0.109335564,0.0,0.0054424554,0.0,0.0,0.08699867,0.0
0.0,0.0,0.13235295,0.8,0.0,3.2691223e-05,0.0,0.0,0.0,0.024228662,0.0,0.0,0.0,0.0,0.0,0.0,0.0,0.0,0.0,0.0,0.0,0.031880796,0.01900462,0.0019569471,1.0,1.0,0.0,0.0,1.0,0.0,0.0,0.8282976,1.0,1.0,0.105072044,0.0,0.0,0.0,0.0,0.09737295,0.0
0.12852812,0.0,0.13235295,0.0,0.0,3.2691223e-05,0.0,0.0,0.0,0.019736946,0.0,0.0,0.0,0.0,0.0,0.0,0.0,0.0,0.0,0.0,0.0,0.0291681,0.018309526,0.0019569471,0.0,0.0,0.0,0.0,1.0,0.0,0.0,0.819283,1.0,1.0,0.10306064,0.0,0.0010251254,0.0,0.0,0.0951854,0.0
0.0,0.0,0.029411765,0.1,0.0,0.0,0.0,0.0,0.0,0.0,0.0,0.0,0.0,0.0,0.0,0.0,0.0,0.0,0.0,0.0,0.0,0.0,0.023564562,0.0039138943,1.0,1.0,0.0,0.0,0.01,0.1,0.0,0.7724676,1.0,1.0,0.08683511,0.0,0.0,0.0,0.0,0.08798432,0.0
0.0,0.0,0.029411765,0.1,0.0,0.0,0.0,0.0,0.0,0.0,0.0,0.0,0.0,0.0,0.0,0.0,0.0,0.0,0.0,0.0,0.0,0.0,0.02176898,0.02739726,0.81,0.71,0.19,0.29,0.1,0.06,0.0,0.77242196,1.0,1.0,0.088230334,0.0,0.0,0.0,0.0,0.08564195,0.0
0.0,0.0,0.073529415,0.2,0.0,0.0,0.0,0.0,0.0,0.0,0.0,0.0,0.0,0.0,0.0,0.0,0.0,0.0,0.0,0.0,0.0,0.0016922951,0.016962245,0.011741683,0.0,0.0,1.0,1.0,0.02,0.07,0.0,0.77054465,1.0,1.0,0.09187763,0.0,0.0019525737,0.0,0.0,0.07955593,0.0
0.0,0.0,0.04411765,0.1,0.0,0.0,0.0,0.0,0.0,0.028994024,0.0,0.0,0.0,0.0,0.0,0.0,0.0,0.0055184662,0.0,0.0,0.0,0.04423061,0.014449358,0.029354207,1.0,1.0,0.0,0.0,1.0,0.0,0.0,0.8371377,1.0,1.0,0.11109684,0.0,0.005017087,0.0,0.0,0.08950776,0.0
0.0,0.0,0.04411765,0.0,0.0008681168,0.0061771553,0.0,0.0,0.0,0.0,0.0,0.0,0.0,0.0,0.0,0.0,0.0,0.0,0.0,0.0,0.0,0.009156764,0.010687225,0.009784736,0.0,0.0,0.0,0.0,1.0,0.0,0.4,0.7674811,1.0,1.0,0.096014045,0.0,0.009752065,0.0,0.0,0.06672078,0.0
0.0,0.0,0.11764706,0.2,0.0,0.0,0.0,0.0,0.0,0.0,0.0,0.0,0.0,0.0,0.0,0.0,0.0,0.0,0.0,0.0,0.0,0.005150914,0.016601898,0.03522505,0.0,0.0,1.0,1.0,0.06,0.06,0.0,0.7763288,1.0,1.0,0.093755506,0.0,0.0019305497,0.0,0.0,0.08052021,0.0
0.0,0.0,0.029411765,0.2,0.0,0.0,0.0,0.0,0.0,0.0,0.0,0.0,0.0,0.0,0.0,0.0,0.0,0.0,0.0,0.0,0.0,0.0014799535,0.016907707,0.01369863,0.0,0.0,1.0,1.0,0.03,0.06,0.0,0.7701657,1.0,1.0,0.091842376,0.0,0.0019601583,0.0,0.0,0.07930678,0.0
0.0,0.0,0.029411765,0.2,0.0,0.0,0.0,0.0,0.0,0.0,0.0,0.0,0.0,0.0,0.0,0.0,0.0,0.0,0.0,0.0,0.0,0.0024643838,0.016864426,0.021526419,0.0,0.0,1.0,1.0,0.05,0.07,0.0,0.7715819,1.0,1.0,0.09222274,0.0,0.0021161735,0.0,0.0,0.07943109,0.0
0.0,0.0,0.0,0.2,0.0,0.0,0.0,0.0,0.0,0.0,0.0,0.0,0.0,0.0,0.0,0.0,0.0,0.0,0.0,0.0,0.0,0.0,0.017147504,0.0058708414,0.0,0.0,1.0,1.0,0.02,0.08,0.0,0.7656989,1.0,1.0,0.090374164,0.0,0.0023322105,0.0,0.0,0.0779964,0.0
1.7326518e-05,0.0,0.22058824,0.0,4.1368454e-05,0.00021769383,0.0,0.0,0.0,0.0,0.0,0.0,0.0,0.0,0.0,0.0,0.0,0.0,0.0,0.0,0.0,0.0003348589,0.012907185,0.0058708414,0.0,0.0,0.0,0.0,1.0,0.0,0.0,0.7549461,1.0,1.0,0.09062826,0.0,0.007709712,0.0,0.0,0.07305229,0.0
0.0,0.0,0.029411765,0.1,0.0,0.0,0.0,0.0,0.0,0.0,0.0,0.0,0.0,0.0,0.0,0.0,0.0,0.0,0.0,0.0,0.0,0.0,0.023775712,0.0019569471,1.0,1.0,0.0,0.0,0.02,0.17,0.0,0.7718016,1.0,1.0,0.086350314,0.0,0.0,0.0,0.0,0.087475,0.0
0.0,0.0,0.029411765,0.2,0.0,0.0,0.0,0.0,0.0,0.0,0.0,0.0,0.0,0.0,0.0,0.0,0.0,0.0,0.0,0.0,0.0,0.0,0.017071053,0.011741683,0.0,0.0,1.0,1.0,0.03,0.06,0.0,0.7662046,1.0,1.0,0.09057956,0.0,0.0023728162,0.0,0.0,0.07796478,0.0
0.0,0.0,0.04411765,0.0,0.0008681168,0.0061771553,0.0,0.0,0.0,0.0,0.0,0.0,0.0,0.0,0.0,0.0,0.0,0.0,0.0,0.0,0.0,0.002699852,0.01084502,0.029354207,0.0,0.0,0.0,0.0,1.0,0.0,0.27,0.7563076,1.0,1.0,0.09291998,0.0,0.00981997,0.0,0.0,0.064689726,0.0
0.0,0.0,0.029411765,0.2,0.0,0.0,0.0,0.0,0.0,0.0,0.0,0.0,0.0,0.0,0.0,0.0,0.0,0.0,0.0,0.0,0.0,0.0,0.018928863,0.015655577,0.0,0.0,1.0,1.0,0.06,0.06,0.0,0.741634,1.0,1.0,0.08222257,0.0,0.0029595494,0.0,0.0,0.0729554,0.0
0.0,0.0,0.05882353,0.2,0.0,0.0,0.0,0.0,0.0,0.0,0.0,0.0,0.0,0.0,0.0,0.0,0.0,0.0,0.0,0.0,0.0,0.0021966696,0.016890131,0.021526419,0.0,0.0,1.0,1.0,0.05,0.07,0.0,0.77101266,1.0,1.0,0.09203503,0.0,0.0022007823,0.0,0.0,0.07919693,0.0
0.0,0.0,0.04411765,0.1,0.0,0.0,0.0,0.0,0.0,0.05678919,0.0,0.0,0.0,0.0,0.0,0.0,0.0016377419,0.023555964,0.0,0.0,0.0,0.06921545,0.018428065,0.11545988,1.0,1.0,0.0,0.0,1.0,0.0,0.0,0.8910986,1.0,1.0,0.122036465,0.0,0.0,0.0,0.0,0.10977313,0.0
0.0,0.0,0.029411765,0.2,0.0,0.0,0.0,0.0,0.0,0.0,0.0,0.0,0.0,0.0,0.0,0.0,0.0,0.0,0.0,0.0,0.0,0.0,0.017173924,0.019569471,0.0,0.0,1.0,1.0,0.09,0.08,0.0,0.7640424,1.0,1.0,0.08979534,0.0,0.0030978918,0.0,0.0,0.07645181,0.0
0.0,1.0,0.36764705,0.0,1.6426413e-05,0.0,0.0,0.0,0.0,0.0,0.0,0.0,0.0,0.0,0.0,0.0,0.0,0.0,0.0,0.0,0.0,0.0,0.032087766,1.0,0.0,0.0,0.0,0.0,1.0,0.0,0.0,0.65368277,0.9410249,1.0,0.045502774,0.0,0.0036944896,0.0,0.0,0.0651456,0.0
0.0,0.0,0.04411765,0.2,0.0,0.0,0.0,0.0,0.0,0.0,0.0,0.0,0.0,0.0,0.0,0.0,0.0,0.0,0.0,0.0,0.0,0.0013744533,0.016889088,0.011741683,0.0,0.0,1.0,1.0,0.02,0.06,0.0,0.7702364,1.0,1.0,0.09190907,0.0,0.0017738491,0.0,0.0,0.079623014,0.0
0.0,0.0,0.029411765,0.1,0.0,0.0,0.0,0.0,0.0,0.0,0.0,0.0,0.0,0.0,0.0,0.0,0.0,0.0,0.0,0.0,0.0,0.0,0.02353219,0.01369863,1.0,1.0,0.0,0.0,0.05,0.09,0.0,0.7738068,1.0,1.0,0.087189846,0.0,0.0,0.0,0.0,0.088124454,0.0
0.0,0.0,0.029411765,0.1,0.0,0.0,0.0,0.0,0.0,0.0,0.0,0.0,0.0,0.0,0.0,0.0,0.0,0.0,0.0,0.0,0.0,0.0,0.022977613,0.0332681,1.0,1.0,0.0,0.0,0.06,0.06,0.0,0.78313017,1.0,1.0,0.09030657,0.0,0.0,0.0,0.0,0.09079945,0.0
0.0,0.0,0.25,0.5,0.0,0.0,0.0,0.0,0.0,0.0,0.0,0.0,0.0,0.0,0.0,0.0,0.0,0.0,0.0,0.0,0.0,0.0023361742,0.01689098,0.039138943,0.0,0.0,1.0,1.0,0.16,0.07,0.0,0.76998246,1.0,1.0,0.09162717,0.0,0.0030752122,0.0,0.0,0.0775983,0.0
0.0,0.0,0.04411765,0.1,0.0,0.0,0.0,0.0,0.0,0.05380571,0.0,0.0,0.0,0.0,0.0,0.0,0.0027681887,0.025354654,0.0,0.0,0.0,0.07045686,0.014237903,0.11741683,1.0,1.0,0.0,0.0,1.0,0.0,0.0,0.88448584,1.0,1.0,0.12390911,0.0,0.003595084,0.0,0.0,0.100226074,0.0
0.0,0.0,0.75,0.1,0.0,0.0,0.0,0.0,0.0,0.0,0.0,0.0,0.0,0.0,0.0,0.0,0.0,0.0,0.0,0.0,0.0,0.0,0.023313679,0.039138943,1.0,1.0,0.0,0.0,0.13,0.05,0.0,0.7786974,1.0,1.0,0.08866764,0.0,0.0,0.0,0.0,0.08907464,0.0
0.0,0.0,0.029411765,0.1,0.0,0.0,0.0,0.0,0.0,0.0,0.0,0.0,0.0,0.0,0.0,0.0,0.0,0.0,0.0,0.0,0.0,0.0013017356,0.017751686,0.015655577,0.01,0.12,0.99,0.88,0.03,0.06,0.0,0.7712257,1.0,1.0,0.091345094,0.0,0.001297459,0.0,0.0,0.08134511,0.0
0.0,0.0,0.029411765,0.2,0.0,0.0,0.0,0.0,0.0,0.0,0.0,0.0,0.0,0.0,0.0,0.0,0.0,0.0,0.0,0.0,0.0,0.0017804503,0.01693511,0.0332681,0.0,0.0,1.0,1.0,0.12,0.06,0.0,0.769228,1.0,1.0,0.09140625,0.0,0.002959326,0.0,0.0,0.07762441,0.0
0.0,0.0,0.029411765,0.2,0.0,0.0,0.0,0.0,0.0,0.0,0.0,0.0,0.0,0.0,0.0,0.0,0.0,0.0,0.0,0.0,0.0,0.00085541606,0.016967073,0.021526419,0.0,0.0,1.0,1.0,0.06,0.07,0.0,0.7683445,1.0,1.0,0.09122171,0.0,0.0024847984,0.0,0.0,0.078196645,0.0
0.0,0.0,0.029411765,0.1,0.0,0.0,0.0,0.0,0.0,0.0,0.0,0.0,0.0,0.0,0.0,0.0,0.0,0.0,0.0,0.0,0.0,0.0,0.02248571,0.0058708414,0.81,1.0,0.19,0.0,0.02,0.07,0.0,0.7602918,1.0,1.0,0.084500425,0.0,0.0,0.0,0.0,0.08296922,0.0
0.013895867,0.0,0.04411765,0.3,0.0008872809,0.0,0.0,0.0,0.0,0.012845784,0.0,0.0,0.0,0.0,0.0,0.0,0.00019064546,0.0,0.0,0.0,0.0,0.030924499,0.009977125,0.10176125,0.02,0.02,0.98,0.98,1.0,0.0,0.0,0.80504155,1.0,1.0,0.106585436,0.0,0.009466618,0.0,0.0,0.07388541,0.0
0.0,0.0,0.04411765,0.1,0.0,0.0,0.0,0.0,0.0,0.039518476,0.0,0.0,0.0,0.0,0.0,0.0,0.0014289096,0.015584797,0.0,0.0,0.0,0.05642444,0.013498306,0.058708414,0.8,0.8,0.17,0.17,1.0,0.0,0.0,0.8574103,1.0,1.0,0.11734655,0.0,0.0053559393,0.0,0.0,0.091413975,0.0
0.0,0.0,0.029411765,0.2,0.0,0.0,0.0,0.0,0.0,0.0,0.0,0.0,0.0,0.0,0.0,0.0,0.0,0.0,0.0,0.0,0.0,0.0,0.017141007,0.0058708414,0.0,0.0,1.0,1.0,0.01,0.07,0.0,0.76584125,1.0,1.0,0.0904211,0.0,0.0023110658,0.0,0.0,0.078054905,0.0
0.129689,0.0,0.13235295,0.0,0.0,3.2691223e-05,0.0,0.0,0.0,0.0,0.0,0.0,0.0,0.0,0.0,0.0,0.0,0.0,0.0,0.0,0.0,0.0,0.018093511,0.0019569471,0.0,0.0,0.0,0.0,1.0,0.0,0.0,0.7635877,1.0,1.0,0.08835433,0.0,0.0033901185,0.0,0.0,0.08216649,0.0
0.0,0.0,0.04411765,0.2,0.0,0.0,0.0,0.0,0.0,0.0024152398,0.0,0.0,0.0,0.0,0.0,0.0,0.0,0.0,0.0,0.0,0.0,0.013502628,0.016272135,0.0039138943,0.0,0.0,1.0,1.0,0.67,0.67,0.0,0.78721666,1.0,1.0,0.09653392,0.0,0.0041210204,0.0,0.0,0.07961267,0.0
0.0,0.0,0.04411765,0.0,0.0008681168,0.0061771553,0.0,0.0,0.0,0.0,0.0,0.0,0.0,0.0,0.0,0.0,0.0,0.0,0.0,0.0,0.0,0.0,0.011415616,0.0058708414,0.0,0.0,0.33,0.33,1.0,0.0,0.0,0.74250674,1.0,1.0,0.0887241,0.0,0.009765476,0.0,0.0,0.06310463,0.0
0.015559213,0.0,0.04411765,0.3,0.0010935661,0.0,0.0,0.0,0.0,0.047014266,0.0,0.0,0.0,0.0,0.0,0.0012219548,0.0040076077,0.026374757,0.0,0.0,0.0,0.06911978,0.008967288,0.05479452,0.18,0.18,0.82,0.82,1.0,0.0,0.0,0.8709204,1.0,1.0,0.124884956,0.0,0.009224281,0.0,0.0,0.08545676,0.0
0.0,0.0,0.029411765,0.2,0.0,0.0,0.0,0.0,0.0,0.0,0.0,0.0,0.0,0.0,0.0,0.0,0.0,0.0,0.0,0.0,0.0,0.0057715476,0.016561352,0.039138943,0.0,0.0,1.0,1.0,0.07,0.06,0.0,0.77728736,1.0,1.0,0.094035946,0.0,0.0019900203,0.0,0.0,0.080602646,0.0
0.0,1.0,0.36764705,0.0,1.6044403e-05,0.0,0.0,0.0,0.0,0.0063925087,0.0,0.0,0.0,0.0,0.0,0.0,0.0,0.0,0.0,0.0,0.0,0.017941833,0.0149874315,0.81409,0.0,0.0,0.0,0.0,1.0,0.0,0.0,0.79086995,1.0,1.0,0.09902089,0.0,0.0031206012,0.0,0.0,0.0883418,0.0
0.0,0.0,0.04411765,0.0,0.0008681168,0.0061771553,0.0,0.0,0.0,0.0,0.0,0.0,0.0,0.0,0.0,0.0,0.0,0.0,0.0,0.0,0.0,0.0050974786,0.010734588,0.043052837,0.0,0.0,0.0,0.0,1.0,0.0,0.14,0.76038945,1.0,1.0,0.0941027,0.0,0.0098450035,0.0,0.0,0.06520268,0.0
0.13999827,0.0,0.13235295,0.0,0.0,1.1144735e-05,0.0,0.0,0.0,0.0,0.0,0.0,0.0,0.0,0.0,0.0,0.0,0.0,0.0,0.0,0.0,0.0,0.020971395,0.0019569471,0.0,0.0,0.0,0.0,1.0,0.0,0.0,0.7306838,1.0,1.0,0.07742133,0.0,0.0011302233,0.0,0.0,0.07691735,0.0
0.0,0.0,0.6617647,0.1,0.0,0.0,0.0,0.0,0.0,0.0,0.0,0.0,0.0,0.0,0.0,0.0,0.0,0.0,0.0,0.0,0.0,0.0,0.023370922,0.025440313,1.0,1.0,0.0,0.0,0.08,0.09,0.0,0.777455,1.0,1.0,0.088310264,0.0,0.0,0.0,0.0,0.08899382,0.0
0.0,0.0,0.9117647,0.2,0.0,0.0,0.0,0.0,0.0,0.0,0.0,0.0,0.0,0.0,0.0,0.0,0.0,0.0,0.0,0.0,0.0,0.0053740144,0.016580455,0.03522505,0.0,0.0,1.0,1.0,0.06,0.06,0.0,0.77680314,1.0,1.0,0.09391191,0.0,0.0018600821,0.0,0.0,0.0807153,0.0
0.0,1.0,0.36764705,0.0,1.6044403e-05,0.0,0.0,0.0,0.0,0.0069124103,0.0,0.0,0.0,0.0,0.0,0.0,0.0,0.0,0.0,0.0,0.0,0.018344551,0.015028216,0.85714287,0.0,0.0,0.0,0.0,1.0,0.0,0.0,0.7918601,1.0,1.0,0.09926643,0.0,0.0029714406,0.0,0.0,0.08865306,0.0
0.0,0.0,0.029411765,0.2,0.0,0.0,0.0,0.0,0.0,0.0,0.0,0.0,0.0,0.0,0.0,0.0,0.0,0.0,0.0,0.0,0.0,0.002216965,0.016897976,0.019569471,0.0,0.0,1.0,1.0,0.04,0.06,0.0,0.77112186,1.0,1.0,0.09206327,0.0,0.002158463,0.0,0.0,0.07926655,0.0
0.0,0.0,0.04411765,0.1,0.0,0.0,0.0,0.0,0.0,0.056889355,0.0,0.0,0.0,0.0,0.0,0.0,0.00170286,0.023585916,0.0,0.0,0.0,0.0691039,0.01856114,0.12720157,1.0,1.0,0.0,0.0,1.0,0.0,0.0,0.8913373,1.0,1.0,0.12200057,0.0,0.0,0.0,0.0,0.110003054,0.0
0.0,0.0,0.029411765,0.2,0.0,0.0,0.0,0.0,0.0,0.0,0.0,0.0,0.0,0.0,0.0,0.0,0.0,0.0,0.0,0.0,0.0,0.0011528134,0.017033592,0.007827789,0.0,0.0,1.0,1.0,0.02,0.08,0.0,0.76952946,1.0,1.0,0.091527455,0.0,0.0020511895,0.0,0.0,0.07918781,0.0
0.013826561,0.0,0.04411765,0.3,0.0012247227,0.0,0.0,0.0,0.0,0.026217699,0.0,0.0,0.0,0.0,0.0,0.0,0.0016701147,0.00801596,0.0,0.0,0.0,0.045677543,0.009592965,0.1369863,0.03,0.03,0.97,0.97,1.0,0.0,0.0,0.8305831,1.0,1.0,0.113678314,0.0,0.00921683,0.0,0.0,0.07902503,0.0
0.0,1.0,0.36764705,0.0,1.6044403e-05,0.0,0.0,0.0,0.0,0.0081885755,0.0,0.0,0.0,0.0,0.0,0.0,0.0,0.0,0.0,0.0,0.0,0.019333273,0.015128262,0.962818,0.0,0.0,0.0,0.0,1.0,0.0,0.0,0.79429054,1.0,1.0,0.099869154,0.0,0.0026054084,0.0,0.0,0.08941692,0.0
0.0,0.0,0.3382353,0.2,0.0,0.0,0.0,0.0,0.0,0.0,0.0,0.0,0.0,0.0,0.0,0.0,0.0,0.0,0.0,0.0,0.0,0.0021675527,0.016860649,0.017612524,0.0,0.0,1.0,1.0,0.03,0.06,0.0,0.77126646,1.0,1.0,0.092169814,0.0,0.0019985437,0.0,0.0,0.07944775,0.0
0.0,1.0,0.36764705,0.0,1.6044403e-05,0.0,0.0,0.0,0.0,0.006888777,0.0,0.0,0.0,0.0,0.0,0.0,0.0,0.0,0.0,0.0,0.0,0.018326253,0.015026331,0.8551859,0.0,0.0,0.0,0.0,1.0,0.0,0.0,0.79181504,1.0,1.0,0.09925526,0.0,0.0029782206,0.0,0.0,0.08863887,0.0
0.0,0.0,0.04411765,0.0,0.0008681168,0.0061771553,0.0,0.0,0.0,0.0,0.0,0.0,0.0,0.0,0.0,0.0,0.0,0.0,0.0,0.0,0.0,0.002699852,0.01084502,0.007827789,0.0,0.0,0.0,0.0,1.0,0.0,0.5,0.7563076,1.0,1.0,0.09291998,0.0,0.00981997,0.0,0.0,0.064689726,0.0
0.0,1.0,0.36764705,0.0,1.6426413e-05,0.0,0.0,0.0,0.0,0.0,0.0,0.0,0.0,0.0,0.0,0.0,0.0,0.0,0.0,0.0,0.0,0.010810196,0.01397378,0.019569471,0.0,0.0,0.0,0.0,1.0,0.0,0.0,0.7751292,1.0,1.0,0.095655404,0.0,0.0051300526,0.0,0.0,0.081216544,0.0
0.0,0.0,0.04411765,0.0,0.0008681168,0.0061771553,0.0,0.0,0.0,0.0,0.0,0.0,0.0,0.0,0.0,0.0,0.0,0.0,0.0,0.0,0.0,0.008075088,0.010720201,0.02739726,0.0,0.0,0.0,0.0,1.0,0.0,0.21,0.7656156,1.0,1.0,0.09549119,0.0,0.009763584,0.0,0.0,0.06637564,0.0
0.0,1.0,0.36764705,0.0,1.6426413e-05,0.0,0.0,0.0,0.0,0.0,0.0,0.0,0.0,0.0,0.0,0.0,0.0,0.0,0.0,0.0,0.0,0.0,0.02952727,1.0,0.0,0.0,0.0,0.0,1.0,0.0,0.0,0.6646292,0.95511925,1.0,0.05116158,0.0,0.0031097978,0.0,0.0,0.066014364,0.0
0.0,0.0,0.0882353,0.2,0.0,0.0,0.0,0.0,0.0,0.0,0.0,0.0,0.0,0.0,0.0,0.0,0.0,0.0,0.0,0.0,0.0,0.0022313893,0.01693388,0.03522505,0.0,0.0,1.0,1.0,0.14,0.07,0.0,0.76993704,1.0,1.0,0.09158126,0.0,0.0029923469,0.0,0.0,0.07779437,0.0
0.0,0.0,0.23529412,0.2,0.0,0.0,0.0,0.0,0.0,0.0,0.0,0.0,0.0,0.0,0.0,0.0,0.0,0.0,0.0,0.0,0.0,0.0031336248,0.016800255,0.021526419,0.0,0.0,1.0,1.0,0.04,0.06,0.0,0.7730049,1.0,1.0,0.09269195,0.0,0.0019047558,0.0,0.0,0.080016345,0.0
0.0,0.0,0.42647058,0.1,0.0,0.0,0.0,0.0,0.0,0.0,0.0,0.0,0.0,0.0,0.0,0.0,0.0,0.0,0.0,0.0,0.0,0.0,0.023562439,0.015655577,1.0,1.0,0.0,0.0,0.06,0.06,0.0,0.77154696,1.0,1.0,0.086570404,0.0,0.0,0.0,0.0,0.08758885,0.0
0.0,0.0,0.13235295,0.1,0.0,0.0,0.0,0.0,0.0,0.061467826,0.0,0.0,0.0,0.0,0.0,0.0,0.0029253215,0.026827276,0.0,0.0,0.0,0.072093904,0.019466236,0.27592954,1.0,1.0,0.0,0.0,1.0,0.0,0.0,0.90031815,1.0,1.0,0.123772375,0.0,0.0,0.0,0.0,0.113435954,0.0
0.0,0.0,0.029411765,0.2,0.0,0.0,0.0,0.0,0.0,0.0,0.0,0.0,0.0,0.0,0.0,0.0,0.0,0.0,0.0,0.0,0.0,0.0,0.017491236,0.03522505,0.03,0.0,0.97,1.0,0.47,0.05,0.0,0.74740803,1.0,1.0,0.08498352,0.0,0.0039961785,0.0,0.0,0.0721688,0.0
0.0,0.0,0.42647058,0.2,0.0,0.0,0.0,0.0,0.0,0.0,0.0,0.0,0.0,0.0,0.0,0.0,0.0,0.0,0.0,0.0,0.0,0.0009164512,0.016989276,0.031311154,0.0,0.0,1.0,1.0,0.12,0.06,0.0,0.767686,1.0,1.0,0.09094112,0.0,0.0030125827,0.0,0.0,0.07727739,0.0
0.0,1.0,0.36764705,0.0,1.6426413e-05,0.0,0.0,0.0,0.0,0.0013580322,0.0,0.0,0.0,0.0,0.0,0.0,0.0,0.0,0.0,0.0,0.0,0.0138129,0.014438584,0.33855185,0.0,0.0,0.0,0.0,1.0,0.0,0.0,0.7814096,1.0,1.0,0.09690442,0.0,0.0044077635,0.0,0.0,0.08446202,0.0
0.0,0.5,0.029411765,0.0,4.4567784e-07,0.0,0.0,1.0,0.0,0.0,0.0,0.0,0.00041516684,0.0,0.0,0.0,0.0,0.0,0.0054515395,0.0,0.0,0.0,0.0502195,0.019569471,0.0,0.0,0.0,0.0,1.0,0.0,0.0,0.5697495,0.8330416,0.9041121,0.0027342364,0.0,0.013290927,0.0,0.0,0.055835515,0.0
0.0,0.0,0.029411765,0.2,0.0,0.0,0.0,0.0,0.0,0.0,0.0,0.0,0.0,0.0,0.0,0.0,0.0,0.0,0.0,0.0,0.0,0.002659142,0.016874537,0.023483366,0.0,0.0,1.0,1.0,0.05,0.07,0.0,0.77170086,1.0,1.0,0.09221863,0.0,0.00227426,0.0,0.0,0.07919291,0.0
8.663259e-05,0.0,0.7794118,0.5,0.0,0.0,0.0,0.0,0.0,0.0,0.0,0.0,0.0,0.0,0.0,0.0,0.0,0.0,0.0,0.0,0.0,0.0004068613,0.0172963,0.0058708414,0.09,0.0,0.91,1.0,0.01,0.07,0.0,0.7686907,1.0,1.0,0.09108352,0.0,0.0018657595,0.0,0.0,0.07930249,0.0
1.7326518e-05,0.0,0.22058824,0.0,4.1368454e-05,0.00021769383,0.0,0.0,0.0,0.0,0.0,0.0,0.0,0.0,0.0,0.0,0.0,0.0,0.0,0.0,0.0,0.0018106699,0.012689985,0.0039138943,0.0,0.0,0.0,0.0,1.0,0.0,0.0,0.7569003,1.0,1.0,0.09129558,0.0,0.007999837,0.0,0.0,0.07307941,0.0
0.017690375,0.0,0.04411765,0.3,0.00010925474,0.0,0.0,0.0,0.0,0.0152490735,0.0,0.0,0.0,0.0,0.0,0.0,0.0005339235,0.0,0.0,0.0,0.0,0.033526123,0.009838514,0.15068494,0.01,0.01,0.97,0.97,1.0,0.0,0.0,0.809513,1.0,1.0,0.10790204,0.0,0.009386465,0.0,0.0,0.07491055,0.0
0.0,0.0,0.14705883,0.1,0.0,0.0,0.0,0.0,0.0,0.0,0.0,0.0,0.0,0.0,0.0,0.0,0.0,0.0,0.0,0.0,0.0,0.0,0.02076839,0.015655577,0.05,1.0,0.95,0.0,0.04,0.06,0.0,0.759215,1.0,1.0,0.08581173,0.0,0.0,0.0,0.0,0.08095932,0.0
0.0,1.0,0.36764705,0.0,2.3557259e-05,0.0,0.0,0.33333334,0.0,0.0,0.0,0.0,0.0,0.0,0.0,0.0,0.0,0.0,0.0,0.0,0.0,0.0,0.03040532,0.0058708414,0.0,0.0,0.0,0.0,1.0,0.0,0.67,0.6556916,0.94269496,1.0,0.04719714,0.0,0.005180657,0.0,0.0,0.067720145,0.0
0.015593867,0.0,0.04411765,0.3,0.0009923336,0.0,0.0,0.0,0.0,0.025619805,0.0,0.0,0.0,0.0,0.0,0.0,0.0017296746,0.007793784,0.0,0.0,0.0,0.045120925,0.009495363,0.14677104,0.0,0.0,1.0,1.0,1.0,0.0,0.0,0.82948124,1.0,1.0,0.11348554,0.0,0.009318814,0.0,0.0,0.07838935,0.0
0.0,0.0,0.029411765,0.1,0.0,0.0,0.0,0.0,0.0,0.0,0.0,0.0,0.0,0.0,0.0,0.0,0.0,0.0,0.0,0.0,0.0,0.0,0.023158908,0.019569471,1.0,1.0,0.0,0.0,0.04,0.06,0.0,0.7789992,1.0,1.0,0.08903777,0.0,0.0,0.0,0.0,0.089868516,0.0
0.0,0.0,0.029411765,0.2,0.0,0.0,0.0,0.0,0.0,0.0,0.0,0.0,0.0,0.0,0.0,0.0,0.0,0.0,0.0,0.0,0.0,0.0,0.017196417,0.0019569471,0.0,0.0,1.0,1.0,0.0,0.07,0.0,0.7635902,1.0,1.0,0.08978098,0.0,0.0023313314,0.0,0.0,0.077537805,0.0
0.0,1.0,0.36764705,0.0,1.6426413e-05,0.0,0.0,0.0,0.0,0.0016846359,0.0,0.0,0.0,0.0,0.0,0.0,0.0,0.0,0.0,0.0,0.0,0.014060408,0.0145480335,0.40508807,0.0,0.0,0.0,0.0,1.0,0.0,0.0,0.7820215,1.0,1.0,0.096966244,0.0,0.004295215,0.0,0.0,0.08492568,0.0
0.0,0.0,0.029411765,0.2,0.0,0.0,0.0,0.0,0.0,0.0,0.0,0.0,0.0,0.0,0.0,0.0,0.0,0.0,0.0,0.0,0.0,0.001025945,0.016988583,0.029354207,0.0,0.0,1.0,1.0,0.11,0.07,0.0,0.76798487,1.0,1.0,0.09103193,0.0,0.0029421002,0.0,0.0,0.07742494,0.0
0.0,0.0,0.029411765,0.2,0.0,0.0,0.0,0.0,0.0,0.0,0.0,0.0,0.0,0.0,0.0,0.0,0.0,0.0,0.0,0.0,0.0,0.0037893653,0.016875774,0.02739726,0.05,0.0,0.95,1.0,0.05,0.06,0.0,0.7743349,1.0,1.0,0.0929844,0.0,0.0018082708,0.0,0.0,0.08037427,0.0
0.12894395,0.0,0.13235295,0.0,0.0,3.2691223e-05,0.0,0.0,0.0,0.020145088,0.0,0.0,0.0,0.0,0.0,0.0,0.0,0.0,0.0,0.0,0.0,0.029435992,0.0183639,0.0019569471,0.0,0.0,0.0,0.0,1.0,0.0,0.0,0.8200829,1.0,1.0,0.10324233,0.0,0.0008754283,0.0,0.0,0.09541756,0.0
0.0,0.0,0.5294118,0.2,0.0,0.0,0.0,0.0,0.0,0.0,0.0,0.0,0.0,0.0,0.0,0.0,0.0,0.0,0.0,0.0,0.0,0.0026184916,0.016859502,0.019569471,0.0,0.0,1.0,1.0,0.04,0.07,0.0,0.77197564,1.0,1.0,0.09234481,0.0,0.0020315796,0.0,0.0,0.07961771,0.0
0.1278004,0.0,0.13235295,0.0,0.0,3.2691223e-05,0.0,0.0,0.0,0.0,0.0,0.0,0.0,0.0,0.0,0.0,0.0,0.0,0.0,0.0,0.0,0.0020258129,0.01772964,0.0019569471,0.0,0.0,0.0,0.0,1.0,0.0,0.0,0.7676419,1.0,1.0,0.08974274,0.0,0.0036839843,0.0,0.0,0.08195165,0.0
0.0,0.0,0.029411765,0.2,0.0,0.0,0.0,0.0,0.0,0.0,0.0,0.0,0.0,0.0,0.0,0.0,0.0,0.0,0.0,0.0,0.0,2.5123358e-05,0.017094068,0.0019569471,0.0,0.0,1.0,1.0,0.0,0.07,0.0,0.76778793,1.0,1.0,0.09103211,0.0,0.0019322336,0.0,0.0,0.07907045,0.0
0.12582518,0.0,0.13235295,0.0,0.0,3.2691223e-05,0.0,0.0,0.0,0.015425801,0.0,0.0,0.0,0.0,0.0,0.0,0.0,0.0,0.0,0.0,0.0,0.02539432,0.018098406,0.0019569471,0.0,0.0,0.0,0.0,1.0,0.0,0.0,0.81089175,1.0,1.0,0.100915544,0.0,0.0018755049,0.0,0.0,0.093310654,0.0
0.0,0.0,0.14705883,0.1,0.0,0.0,0.0,0.0,0.0,0.0,0.0,0.0,0.0,0.0,0.0,0.0,0.0,0.0,0.0,0.0,0.0,0.0,0.023326822,0.021526419,1.0,1.0,0.0,0.0,0.06,0.09,0.0,0.7772809,1.0,1.0,0.08834451,0.0,0.0,0.0,0.0,0.089146376,0.0
0.015645847,0.0,0.04411765,0.3,0.0012014838,0.0,0.0,0.0,0.0,0.0030506253,0.0,0.0,0.0,0.0,0.0,0.0,0.0,0.0,0.0,0.0,0.0,0.020077229,0.010266662,0.08806262,0.02,0.02,0.96,0.96,1.0,0.0,0.0,0.78627634,1.0,1.0,0.10136836,0.0,0.009614095,0.0,0.0,0.070280105,0.0
0.0,0.0,0.029411765,0.2,0.0,0.0,0.0,0.0,0.0,0.0,0.0,0.0,0.0,0.0,0.0,0.0,0.0,0.0,0.0,0.0,0.0,0.0019270182,0.016925782,0.019569471,0.0,0.0,1.0,1.0,0.05,0.07,0.0,0.7705052,1.0,1.0,0.091859974,0.0,0.0022500604,0.0,0.0,0.07901293,0.0
0.0,0.0,0.6911765,0.2,0.0,0.0,0.0,0.0,0.0,0.0,0.0,0.0,0.0,0.0,0.0,0.0,0.0,0.0,0.0,0.0,0.0,0.0,0.01726091,0.01369863,0.0,0.0,1.0,1.0,0.07,0.07,0.0,0.7623391,1.0,1.0,0.08926163,0.0,0.0031229407,0.0,0.0,0.07608774,0.0
0.0,0.0,0.14705883,0.5,0.0,0.0,0.0,0.0,0.0,0.0055286884,0.0,0.0,0.0,0.0,0.0,0.0,0.0,0.0,0.0,0.0,0.0,0.016560644,0.016027972,0.037181996,0.0,0.0,1.0,1.0,0.33,0.07,0.0,0.7928312,1.0,1.0,0.09829634,0.0,0.0037874132,0.0,0.0,0.08112499,0.0
0.0,0.0,0.029411765,0.1,0.0,0.0,0.0,0.0,0.0,0.0,0.0,0.0,0.0,0.0,0.0,0.0,0.0,0.0,0.0,0.0,0.0,0.0,0.023570172,0.015655577,1.0,1.0,0.0,0.0,0.06,0.09,0.0,0.7720448,1.0,1.0,0.086683236,0.0,0.0,0.0,0.0,0.08767286,0.0
0.0,0.0,0.029411765,0.2,0.0,0.0,0.0,0.0,0.0,0.0,0.0,0.0,0.0,0.0,0.0,0.0,0.0,0.0,0.0,0.0,0.0,0.0007289648,0.017074227,0.007827789,0.0,0.0,1.0,1.0,0.02,0.07,0.0,0.76862824,1.0,1.0,0.091230296,0.0,0.0021850914,0.0,0.0,0.07881707,0.0
0.0,0.0,0.029411765,0.2,0.0,0.0,0.0,0.0,0.0,0.0,0.0,0.0,0.0,0.0,0.0,0.0,0.0,0.0,0.0,0.0,0.0,0.0032634437,0.016806781,0.025440313,0.0,0.0,1.0,1.0,0.05,0.07,0.0,0.7729199,1.0,1.0,0.09262832,0.0,0.0021193027,0.0,0.0,0.079669595,0.0
0.0,0.0,0.5588235,0.5,0.0,0.0,0.0,0.0,0.0,0.0,0.0,0.0,0.0,0.0,0.0,0.0,0.0,0.0,0.0,0.0,0.0,0.0,0.017111667,0.019569471,0.0,0.0,1.0,1.0,0.07,0.06,0.0,0.76445746,1.0,1.0,0.089998774,0.0,0.0029239804,0.0,0.0,0.07671949,0.0
0.015611193,0.0,0.04411765,0.3,0.00096909463,0.0,0.0,0.0,0.0,0.031035572,0.0,0.0,0.0,0.0,0.0,0.0,0.0023080707,0.013058603,0.0,0.0,0.0,0.05142936,0.009348631,0.05479452,0.0,0.0,1.0,1.0,1.0,0.0,0.0,0.84024477,1.0,1.0,0.11644683,0.0,0.009481773,0.0,0.0,0.07948539,0.0
0.0,0.0,0.14705883,0.1,0.0,0.0,0.0,0.0,0.0,0.0,0.0,0.0,0.0,0.0,0.0,0.0,0.0,0.0,0.0,0.0,0.0,0.0,0.02016005,0.0332681,0.1,0.76,0.9,0.24,0.13,0.05,0.0,0.76286316,1.0,1.0,0.08708199,0.0,0.0,0.0,0.0,0.08057615,0.0
0.0,0.0,0.61764705,0.2,0.0,0.0,0.0,0.0,0.0,0.0,0.0,0.0,0.0,0.0,0.0,0.0,0.0,0.0,0.0,0.0,0.0,0.0,0.019455723,0.01369863,0.1,0.57,0.9,0.43,0.03,0.07,0.0,0.76774883,1.0,1.0,0.08911025,0.0,0.0,0.0,0.0,0.08230573,0.0
0.0,0.0,0.60294116,0.1,0.0,0.0,0.0,0.0,0.0,0.0,0.0,0.0,0.0,0.0,0.0,0.0,0.0,0.0,0.0,0.0,0.0,0.0,0.023317464,0.025440313,1.0,1.0,0.0,0.0,0.08,0.09,0.0,0.7781799,1.0,1.0,0.08857285,0.0,0.0,0.0,0.0,0.089255095,0.0
0.0,0.0,0.20588236,0.2,0.0,0.0,0.0,0.0,0.0,0.0,0.0,0.0,0.0,0.0,0.0,0.0,0.0,0.0,0.0,0.0,0.0,0.005219847,0.016585581,0.037181996,0.0,0.0,1.0,1.0,0.07,0.06,0.0,0.7764095,1.0,1.0,0.09378975,0.0,0.0019446164,0.0,0.0,0.08052871,0.0
0.0,0.0,0.3970588,0.1,0.0,0.0,0.0,0.0,0.0,0.0,0.0,0.0,0.0,0.0,0.0,0.0,0.0,0.0,0.0,0.0,0.0,0.0,0.023178391,0.015655577,1.0,1.0,0.0,0.0,0.03,0.06,0.0,0.7773608,1.0,1.0,0.08860902,0.0,0.0,0.0,0.0,0.08958867,0.0
0.0,0.0,0.029411765,0.2,0.0,0.0,0.0,0.0,0.0,0.0,0.0,0.0,0.0,0.0,0.0,0.0,0.0,0.0,0.0,0.0,0.0,0.0,0.01707872,0.0019569471,0.0,0.0,1.0,1.0,0.0,0.06,0.0,0.7661991,1.0,1.0,0.09064122,0.0,0.0019437522,0.0,0.0,0.07861084,0.0
0.0,0.0,0.13235295,0.1,0.0,0.0,0.0,0.0,0.0,0.060352594,0.0,0.0,0.0,0.0,0.0,0.0,0.0024598464,0.026136488,0.0,0.0,0.0,0.07112408,0.019680746,0.19373778,1.0,1.0,0.0,0.0,1.0,0.0,0.0,0.8984902,1.0,1.0,0.123047836,0.0,0.0,0.0,0.0,0.11281347,0.0
0.0,0.0,0.0882353,0.1,0.0,0.0,0.0,0.0,0.0,0.0,0.0,0.0,0.0,0.0,0.0,0.0,0.0,0.0,0.0,0.0,0.0,0.0,0.023559093,0.0019569471,1.0,1.0,0.0,0.0,0.01,0.1,0.0,0.77172863,1.0,1.0,0.08666139,0.0,0.0,0.0,0.0,0.08792582,0.0
0.0,0.0,0.04411765,0.0,0.0008681168,0.0061771553,0.0,0.0,0.0,0.0,0.0,0.0,0.0,0.0,0.0,0.0,0.0,0.0,0.0,0.0,0.0,0.010215133,0.010655716,0.009784736,0.0,0.0,0.5,0.4,1.0,0.0,0.4,0.76930416,1.0,1.0,0.09652399,0.0,0.009745106,0.0,0.0,0.06704149,0.0
0.0,1.0,0.36764705,0.0,1.6426413e-05,0.0,0.0,0.0,0.0,0.0,0.0,0.0,0.0,0.0,0.0,0.0,0.0,0.0,0.0,0.0,0.0,0.0023362339,0.017568007,0.22504893,0.0,0.0,0.0,0.0,1.0,0.0,0.0,0.77370286,1.0,1.0,0.09202268,0.0,0.00078597665,0.0,0.0,0.08464816,0.0
0.0,0.0,0.029411765,0.2,0.0,0.0,0.0,0.0,0.0,0.0,0.0,0.0,0.0,0.0,0.0,0.0,0.0,0.0,0.0,0.0,0.0,0.0022851229,0.016820684,0.015655577,0.0,0.0,1.0,1.0,0.03,0.06,0.0,0.7718116,1.0,1.0,0.092392884,0.0,0.0017417371,0.0,0.0,0.079959065,0.0
0.0,0.0,0.0,0.1,0.0,0.0,0.0,0.0,0.0,0.0030779243,0.0,0.0,0.0,0.0,0.0,0.0,0.0,0.0,0.0,0.0,0.0,0.0062363446,0.02296333,0.021526419,1.0,1.0,0.0,0.0,0.2,0.07,0.0,0.7906847,1.0,1.0,0.09192794,0.0,0.0,0.0,0.0,0.09068978,0.0
0.0,0.0,0.8235294,0.2,0.0,0.0,0.0,0.0,0.0,0.0,0.0,0.0,0.0,0.0,0.0,0.0,0.0,0.0,0.0,0.0,0.0,0.0053516924,0.01658269,0.03522505,0.0,0.0,1.0,1.0,0.06,0.05,0.0,0.7767557,1.0,1.0,0.09389623,0.0,0.0018670708,0.0,0.0,0.08069584,0.0
0.12566924,0.0,0.13235295,0.0,0.0,3.2691223e-05,0.0,0.0,0.0,0.0,0.0,0.0,0.0,0.0,0.0,0.0,0.0,0.0,0.0,0.0,0.0,0.0,0.017699167,0.0019569471,0.0,0.0,0.0,0.0,1.0,0.0,0.0,0.74483657,1.0,1.0,0.08378894,0.0,0.004151836,0.0,0.0,0.07571408,0.0
0.0,0.0,0.029411765,0.2,0.0,0.0,0.0,0.0,0.0,0.0,0.0,0.0,0.0,0.0,0.0,0.0,0.0,0.0,0.0,0.0,0.0,0.0011124909,0.01692786,0.037181996,0.0,0.0,1.0,1.0,0.15,0.06,0.0,0.7678597,1.0,1.0,0.09103697,0.0,0.0031025708,0.0,0.0,0.07710919,0.0
0.0,0.0,0.04411765,0.0,0.0008681168,0.0061771553,0.0,0.0,0.0,0.0,0.0,0.0,0.0,0.0,0.0,0.0,0.0,0.0,0.0,0.0,0.0,0.010191739,0.010657251,0.03522505,0.0,0.0,0.0,0.0,1.0,0.0,0.11,0.7692616,1.0,1.0,0.09651109,0.0,0.009749576,0.0,0.0,0.06701705,0.0
0.0,0.0,0.029411765,0.1,0.0,0.0,0.0,0.0,0.0,0.0,0.0,0.0,0.0,0.0,0.0,0.0,0.0,0.0,0.0,0.0,0.0,0.0,0.023247324,0.021526419,1.0,1.0,0.0,0.0,0.05,0.06,0.0,0.77655256,1.0,1.0,0.0882832,0.0,0.0,0.0,0.0,0.08917013,0.0
0.0,0.0,0.13235295,0.8,0.0,3.2691223e-05,0.0,0.0,0.0,0.0,0.0,0.0,0.0,0.0,0.0,0.0,0.0,0.0,0.0,0.0,0.0,0.0,0.021058194,0.0019569471,1.0,1.0,0.0,0.0,1.0,0.0,0.0,0.711357,1.0,1.0,0.07186163,0.0,0.003119573,0.0,0.0,0.07213557,0.0
0.0,0.0,0.25,0.1,0.0,0.0,0.0,0.0,0.0,0.0,0.0,0.0,0.0,0.0,0.0,0.0,0.0,0.0,0.0,0.0,0.0,0.0,0.023618862,0.01369863,1.0,1.0,0.0,0.0,0.05,0.07,0.0,0.77082324,1.0,1.0,0.08631151,0.0,0.0,0.0,0.0,0.08733541,0.0
0.0,0.0,0.7205882,0.2,0.0,0.0,0.0,0.0,0.0,0.0,0.0,0.0,0.0,0.0,0.0,0.0,0.0,0.0,0.0,0.0,0.0,0.0,0.017136104,0.007827789,0.0,0.0,1.0,1.0,0.02,0.07,0.0,0.76629233,1.0,1.0,0.090526514,0.0,0.002419874,0.0,0.0,0.07795328,0.0
0.0,0.0,0.029411765,0.2,0.0,0.0,0.0,0.0,0.0,0.0,0.0,0.0,0.0,0.0,0.0,0.0,0.0,0.0,0.0,0.0,0.0,0.0,0.017076977,0.02739726,0.0,0.0,1.0,1.0,0.12,0.06,0.0,0.765684,1.0,1.0,0.09031653,0.0,0.0031081438,0.0,0.0,0.076765686,0.0
0.0,0.0,0.04411765,0.0,0.0008681168,0.0061771553,0.0,0.0,0.0,0.0,0.0,0.0,0.0,0.0,0.0,0.0,0.0,0.0,0.0,0.0,0.0,0.0072242618,0.01073657,0.007827789,0.0,0.0,0.0,0.0,1.0,0.0,0.0,0.76410663,1.0,1.0,0.09507466,0.0,0.009777233,0.0,0.0,0.06616381,0.0
0.0,0.0,0.029411765,0.2,0.0,0.0,0.0,0.0,0.0,0.0,0.0,0.0,0.0,0.0,0.0,0.0,0.0,0.0,0.0,0.0,0.0,0.0014721751,0.016945139,0.037181996,0.0,0.0,1.0,1.0,0.16,0.07,0.0,0.7684406,1.0,1.0,0.09116203,0.0,0.0031284988,0.0,0.0,0.07725114,0.0
0.14166161,0.0,0.13235295,0.0,0.0,1.1144735e-05,0.0,0.0,0.0,0.0,0.0,0.0,0.0,0.0,0.0,0.0,0.0,0.0,0.0,0.0,0.0,0.0,0.021863766,0.0019569471,0.0,0.0,0.0,0.0,1.0,0.0,0.0,0.745718,1.0,1.0,0.08073602,0.0,0.0,0.0,0.0,0.080493,0.0
0.035605993,0.0,0.04411765,0.3,0.001155006,0.0,0.0,0.0,0.0,0.02090329,0.0,0.0,0.0,0.0,0.0,0.0,0.00078918785,0.0039730966,0.0,0.0,0.0,0.039984316,0.01001665,0.019569471,0.0,0.0,1.0,1.0,1.0,0.0,0.0,0.82083654,1.0,1.0,0.11068996,0.0,0.009413347,0.0,0.0,0.07673994,0.0
0.0,1.0,0.36764705,0.0,1.6426413e-05,0.0,0.0,0.0,0.0,0.0,0.0,0.0,0.0,0.0,0.0,0.0,0.0,0.0,0.0,0.0,0.0,0.0,0.028755128,0.9960861,0.0,0.0,0.0,0.0,1.0,0.0,0.0,0.6683452,0.9604242,1.0,0.0530094,0.0,0.0040266365,0.0,0.0,0.06390749,0.0
0.13965173,0.0,0.13235295,0.0,0.0,1.1144735e-05,0.0,0.0,0.0,0.0,0.0,0.0,0.0,0.0,0.0,0.0,0.0,0.0,0.0,0.0,0.0,0.0,0.033129506,0.0019569471,0.0,0.0,0.0,0.0,1.0,0.0,0.0,0.6434176,0.9281866,1.0,0.040430926,0.0,0.009099588,0.0,0.0,0.06139055,0.0
1.7326518e-05,0.0,0.22058824,0.0,4.1368454e-05,0.00021769383,0.0,0.0,0.0,0.0,0.0,0.0,0.0,0.0,0.0,0.0,0.0,0.0,0.0,0.0,0.0,0.0036394596,0.011969939,0.0058708414,0.0,0.0,0.0,0.0,1.0,0.0,0.0,0.7585777,1.0,1.0,0.092333905,0.0,0.008910209,0.0,0.0,0.071009964,0.0
0.0,0.0,0.04411765,0.0,0.0008681168,0.0061771553,0.0,0.0,0.0,0.0,0.0,0.0,0.0,0.0,0.0,0.0,0.0,0.0,0.0,0.0,0.0,0.0,0.0114029795,0.011741683,0.0,0.0,0.17,0.17,1.0,0.0,0.0,0.74322224,1.0,1.0,0.088926785,0.0,0.00975363,0.0,0.0,0.06322786,0.0
0.0,0.0,0.029411765,0.2,0.0,0.0,0.0,0.0,0.0,0.0,0.0,0.0,0.0,0.0,0.0,0.0,0.0,0.0,0.0,0.0,0.0,0.0032770634,0.016781725,0.03522505,0.0,0.0,1.0,1.0,0.09,0.06,0.0,0.77234435,1.0,1.0,0.09244158,0.0,0.0025224984,0.0,0.0,0.07888147,0.0
0.0,0.0,0.029411765,0.2,0.0,0.0,0.0,0.0,0.0,0.0,0.0,0.0,0.0,0.0,0.0,0.0,0.0,0.0,0.0,0.0,0.0,0.004199147,0.01678773,0.029354207,0.0,0.0,1.0,1.0,0.07,0.07,0.0,0.7743646,1.0,1.0,0.093002595,0.0,0.0022188127,0.0,0.0,0.079854906,0.0
0.0,0.0,0.45588234,0.2,0.0,0.0,0.0,0.0,0.0,0.0,0.0,0.0,0.0,0.0,0.0,0.0,0.0,0.0,0.0,0.0,0.0,0.0021716058,0.016840734,0.021526419,0.0,0.0,1.0,1.0,0.04,0.06,0.0,0.7711432,1.0,1.0,0.0921446,0.0,0.002069071,0.0,0.0,0.07934758,0.0
0.0,1.0,0.36764705,0.0,1.6426413e-05,0.0,0.0,0.0,0.0,0.0,0.0,0.0,0.0,0.0,0.0,0.0,0.0,0.0,0.0,0.0,0.0,0.0,0.018425383,1.0,0.0,0.0,0.0,0.0,1.0,0.0,0.0,0.74894476,1.0,1.0,0.08488422,0.0,0.0023223907,0.0,0.0,0.078813076,0.0
0.0,0.0,0.029411765,0.1,0.0,0.0,0.0,0.0,0.0,0.0,0.0,0.0,0.0,0.0,0.0,0.0,0.0,0.0,0.0,0.0,0.0,0.0,0.023690544,0.009784736,1.0,1.0,0.0,0.0,0.04,0.07,0.0,0.7690785,1.0,1.0,0.08577683,0.0,0.0,0.0,0.0,0.08692187,0.0
0.0,0.0,0.7058824,0.2,0.0,0.0,0.0,0.0,0.0,0.0,0.0,0.0,0.0,0.0,0.0,0.0,0.0,0.0,0.0,0.0,0.0,0.0023919344,0.016767807,0.021526419,0.0,0.0,1.0,1.0,0.04,0.05,0.0,0.7717955,1.0,1.0,0.09242617,0.0,0.0018598884,0.0,0.0,0.0797129,0.0
0.0,0.0,0.029411765,0.2,0.0,0.0,0.0,0.0,0.0,0.0,0.0,0.0,0.0,0.0,0.0,0.0,0.0,0.0,0.0,0.0,0.0,0.0,0.01712197,0.0058708414,0.0,0.0,1.0,1.0,0.01,0.08,0.0,0.7672287,1.0,1.0,0.09081211,0.0,0.0022172034,0.0,0.0,0.07852852,0.0
0.0,0.0,0.029411765,0.2,0.0,0.0,0.0,0.0,0.0,0.0,0.0,0.0,0.0,0.0,0.0,0.0,0.0,0.0,0.0,0.0,0.0,0.0032750666,0.016791701,0.0332681,0.0,0.0,1.0,1.0,0.08,0.06,0.0,0.7724061,1.0,1.0,0.0924542,0.0,0.0024871975,0.0,0.0,0.07893157,0.0
0.0,0.0,0.11764706,0.2,0.0,0.0,0.0,0.0,0.0,0.0,0.0,0.0,0.0,0.0,0.0,0.0,0.0,0.0,0.0,0.0,0.0,0.0020979345,0.016815513,0.017612524,0.0,0.0,1.0,1.0,0.03,0.06,0.0,0.7713021,1.0,1.0,0.09224809,0.0,0.0018809885,0.0,0.0,0.079559416,0.0
0.0,0.0,0.04411765,0.1,0.0,0.0,0.0,0.0,0.0,0.023551166,0.0,0.0,0.0,0.0,0.0,0.0,0.0,0.0018934011,0.0,0.0,0.0,0.038729757,0.014195636,0.023483366,1.0,1.0,0.0,0.0,1.0,0.0,0.0,0.82685876,1.0,1.0,0.10861186,0.0,0.0055594295,0.0,0.0,0.08608326,0.0
0.0,0.0,0.5735294,0.1,0.0,0.0,0.0,0.0,0.0,0.0,0.0,0.0,0.0,0.0,0.0,0.0,0.0,0.0,0.0,0.0,0.0,0.0,0.02339504,0.039138943,1.0,1.0,0.0,0.0,0.15,0.05,0.0,0.77699137,1.0,1.0,0.088117145,0.0,0.0,0.0,0.0,0.08855525,0.0
0.0,0.0,0.04411765,0.0,0.0008681168,0.0061771553,0.0,0.0,0.0,0.0,0.0,0.0,0.0,0.0,0.0,0.0,0.0,0.0,0.0,0.0,0.0,0.009307414,0.010610156,0.043052837,0.0,0.0,0.0,0.0,1.0,0.0,0.09,0.76763904,1.0,1.0,0.096129574,0.0,0.009821698,0.0,0.0,0.06646091,0.0
0.0,0.0,0.47058824,0.2,0.0,0.0,0.0,0.0,0.0,0.0,0.0,0.0,0.0,0.0,0.0,0.0,0.0,0.0,0.0,0.0,0.0,0.0043052733,0.01667326,0.037181996,0.0,0.0,1.0,1.0,0.08,0.06,0.0,0.7744647,1.0,1.0,0.09314846,0.0,0.0022335798,0.0,0.0,0.07972884,0.0
0.0,0.0,0.029411765,0.2,0.0,0.0,0.0,0.0,0.0,0.0,0.0,0.0,0.0,0.0,0.0,0.0,0.0,0.0,0.0,0.0,0.0,0.0016146898,0.016955756,0.019569471,0.0,0.0,1.0,1.0,0.05,0.07,0.0,0.7698411,1.0,1.0,0.09164097,0.0,0.0023486912,0.0,0.0,0.07873985,0.0
0.0,0.0,0.029411765,0.2,0.0,0.0,0.0,0.0,0.0,0.0,0.0,0.0,0.0,0.0,0.0,0.0,0.0,0.0,0.0,0.0,0.0,0.0,0.017304957,0.0039138943,0.0,0.0,1.0,1.0,0.01,0.06,0.0,0.7615273,1.0,1.0,0.08905735,0.0,0.0028135926,0.0,0.0,0.07640228,0.0
0.0,0.0,0.029411765,0.1,0.0,0.0,0.0,0.0,0.0,0.0,0.0,0.0,0.0,0.0,0.0,0.0,0.0,0.0,0.0,0.0,0.0,0.0,0.023446463,0.0039138943,1.0,1.0,0.0,0.0,0.01,0.07,0.0,0.7722628,1.0,1.0,0.08696344,0.0,0.0,0.0,0.0,0.088196784,0.0
0.0,0.0,0.04411765,0.0,0.0008681168,0.0061771553,0.0,0.0,0.0,0.0,0.0,0.0,0.0,0.0,0.0,0.0,0.0,0.0,0.0,0.0,0.0,0.0061089993,0.010706216,0.031311154,0.0,0.0,0.0,0.0,1.0,0.0,0.19,0.7621275,1.0,1.0,0.09458681,0.0,0.00984703,0.0,0.0,0.06547439,0.0
0.0,0.0,0.029411765,0.1,0.0,0.0,0.0,0.0,0.0,0.0,0.0,0.0,0.0,0.0,0.0,0.0,0.0,0.0,0.0,0.0,0.0,0.0,0.023270838,0.037181996,1.0,1.0,0.0,0.0,0.11,0.06,0.0,0.77786326,1.0,1.0,0.08852702,0.0,0.0,0.0,0.0,0.089077264,0.0
0.0,0.0,0.04411765,0.1,0.0,0.0,0.0,0.0,0.0,0.02793938,0.0,0.0,0.0,0.0,0.0,0.0,0.00078880787,0.007616043,0.0,0.0,0.0,0.044404,0.01306662,0.064579256,0.21,0.21,0.79,0.79,1.0,0.0,0.0,0.83546114,1.0,1.0,0.11197003,0.0,0.0062478036,0.0,0.0,0.084554076,0.0
0.0,0.0,0.029411765,0.2,0.0,0.0,0.0,0.0,0.0,0.0,0.0,0.0,0.0,0.0,0.0,0.0,0.0,0.0,0.0,0.0,0.0,0.00421679,0.01674337,0.03522505,0.0,0.0,1.0,1.0,0.08,0.06,0.0,0.7741587,1.0,1.0,0.092973374,0.0,0.0023652017,0.0,0.0,0.079530716,0.0
0.0,0.0,0.029411765,0.2,0.0,0.0,0.0,0.0,0.0,0.0,0.0,0.0,0.0,0.0,0.0,0.0,0.0,0.0,0.0,0.0,0.0,0.004466146,0.016700454,0.031311154,0.0,0.0,1.0,1.0,0.06,0.06,0.0,0.77505004,1.0,1.0,0.09330293,0.0,0.0020308644,0.0,0.0,0.080209106,0.0
0.0,0.0,0.029411765,0.2,0.0,0.0,0.0,0.0,0.0,0.0012384951,0.0,0.0,0.0,0.0,0.0,0.0,0.0,0.0,0.0,0.0,0.0,0.007965326,0.01868876,0.03522505,0.58,0.06,0.42,0.94,0.08,0.06,0.0,0.7847464,1.0,1.0,0.09411233,0.0,0.00037395954,0.0,0.0,0.08522415,0.0
0.0,0.0,0.0882353,0.2,0.0,0.0,0.0,0.0,0.0,0.0,0.0,0.0,0.0,0.0,0.0,0.0,0.0,0.0,0.0,0.0,0.0,0.0035291612,0.016791023,0.023483366,0.0,0.0,1.0,1.0,0.05,0.07,0.0,0.77355075,1.0,1.0,0.092828654,0.0,0.0019994676,0.0,0.0,0.07995376,0.0
0.0,0.0,0.029411765,0.1,0.0,0.0,0.0,0.0,0.0,0.0,0.0,0.0,0.0,0.0,0.0,0.0,0.0,0.0,0.0,0.0,0.0,0.0,0.023261257,0.037181996,1.0,1.0,0.0,0.0,0.12,0.09,0.0,0.7797998,1.0,1.0,0.089026,0.0,0.0,0.0,0.0,0.08948898,0.0
0.0,0.0,0.05882353,0.2,0.0,0.0,0.0,0.0,0.0,0.0,0.0,0.0,0.0,0.0,0.0,0.0,0.0,0.0,0.0,0.0,0.0,0.005501151,0.016535401,0.039138943,0.0,0.0,1.0,1.0,0.07,0.05,0.0,0.7768961,1.0,1.0,0.093973495,0.0,0.0019359589,0.0,0.0,0.08053872,0.0
0.0,0.0,0.029411765,0.2,0.0,0.0,0.0,0.0,0.0,0.0,0.0,0.0,0.0,0.0,0.0,0.0,0.0,0.0,0.0,0.0,0.0,0.0057113767,0.016599983,0.03522505,0.0,0.0,1.0,1.0,0.06,0.06,0.0,0.77733684,1.0,1.0,0.09402134,0.0,0.0018930584,0.0,0.0,0.080837816,0.0
0.0,1.0,0.36764705,0.0,8.08587e-06,0.0,0.0,0.0,0.0,0.0024472177,0.0,0.0,0.0,0.0,0.0,0.0,0.0,0.0,0.0,0.0,0.0,0.014740467,0.0146346465,0.47553816,0.0,0.0,0.0,0.0,1.0,0.0,0.0,0.783429,1.0,1.0,0.09726202,0.0,0.004143536,0.0,0.0,0.08561012,0.0
0.0,1.0,0.36764705,0.0,8.276875e-06,0.0,0.0,0.0,0.0,0.0,0.0,0.0,0.0,0.0,0.0,0.0,0.0,0.0,0.0,0.0,0.0,0.009347528,0.01623077,0.9960861,0.0,0.0,0.0,0.0,1.0,0.0,0.0,0.77847385,1.0,1.0,0.094723426,0.0,0.0024787933,0.0,0.0,0.08546907,0.0
0.013705276,0.0,0.04411765,0.3,0.001208169,0.0,0.0,0.0,0.0,0.044080377,0.0,0.0,0.0,0.0,0.0,0.00042963028,0.0036912411,0.023884863,0.0,0.0,0.0,0.065861195,0.009029053,0.05479452,0.0,0.0,1.0,1.0,1.0,0.0,0.0,0.86525846,1.0,1.0,0.123333685,0.0,0.009266719,0.0,0.0,0.08441222,0.0
0.0,0.0,0.029411765,0.2,0.0,0.0,0.0,0.0,0.0,0.0,0.0,0.0,0.0,0.0,0.0,0.0,0.0,0.0,0.0,0.0,0.0,0.0,0.017092377,0.019569471,0.0,0.0,1.0,1.0,0.07,0.05,0.0,0.7648845,1.0,1.0,0.09013956,0.0,0.002860561,0.0,0.0,0.07689506,0.0
0.0,0.0,0.029411765,0.2,0.0,0.0,0.0,0.0,0.0,0.0,0.0,0.0,0.0,0.0,0.0,0.0,0.0,0.0,0.0,0.0,0.0,0.003992915,0.016703248,0.037181996,0.0,0.0,1.0,1.0,0.08,0.06,0.0,0.7738006,1.0,1.0,0.092929505,0.0,0.0023322403,0.0,0.0,0.0794557,0.0
0.0,0.0,0.0,0.1,0.0,0.0,0.0,0.0,0.0,0.0,0.0,0.0,0.0,0.0,0.0,0.0,0.0,0.0,0.0,0.0,0.0,0.0,0.023372129,0.025440313,1.0,1.0,0.0,0.0,0.08,0.08,0.0,0.7768364,1.0,1.0,0.08815362,0.0,0.0,0.0,0.0,0.08886632,0.0
0.0,0.0,0.029411765,0.2,0.0,0.0,0.0,0.0,0.0,0.0,0.0,0.0,0.0,0.0,0.0,0.0,0.0,0.0,0.0,0.0,0.0,0.0,0.017267182,0.0058708414,0.0,0.0,1.0,1.0,0.02,0.06,0.0,0.7620822,1.0,1.0,0.08924808,0.0,0.0027572662,0.0,0.0,0.07660577,0.0
0.0,0.0,0.029411765,0.1,0.0,0.0,0.0,0.0,0.0,0.0,0.0,0.0,0.0,0.0,0.0,0.0,0.0,0.0,0.0,0.0,0.0,0.0,0.02319026,0.015655577,1.0,1.0,0.0,0.0,0.03,0.07,0.0,0.7771996,1.0,1.0,0.08855068,0.0,0.0,0.0,0.0,0.08953062,0.0
0.0,0.0,0.13235295,0.8,0.0,3.2691223e-05,0.0,0.0,0.0,0.0,0.0,0.0,0.0,0.0,0.0,0.0,0.0,0.0,0.0,0.0,0.0,0.0035077631,0.01791685,0.0019569471,1.0,1.0,0.0,0.0,1.0,0.0,0.0,0.77732134,1.0,1.0,0.092659436,0.0,0.0001450479,0.0,0.0,0.08628702,0.0
0.1414537,0.0,0.13235295,0.9,0.0,1.1144735e-05,0.0,0.0,0.0,0.0,0.0,0.0,0.0,0.0,0.0,0.0,0.0,0.0,0.0,0.0,0.0,0.0,0.021750666,0.0019569471,1.0,1.0,0.0,0.0,1.0,0.0,0.0,0.74448156,1.0,1.0,0.08049599,0.0,0.0,0.0,0.0,0.08018643,0.0
0.0,0.0,0.04411765,0.0,0.0008681168,0.0061771553,0.0,0.0,0.0,0.0,0.0,0.0,0.0,0.0,0.0,0.0,0.0,0.0,0.0,0.0,0.0,0.009307414,0.010610156,0.04696673,0.0,0.0,0.0,0.0,1.0,0.0,0.12,0.76763904,1.0,1.0,0.096129574,0.0,0.009821698,0.0,0.0,0.06646091,0.0
0.0,0.0,0.5,0.5,0.0,0.0,0.0,0.0,0.0,0.0,0.0,0.0,0.0,0.0,0.0,0.0,0.0,0.0,0.0,0.0,0.0,0.0,0.017177112,0.0019569471,0.0,0.0,1.0,1.0,0.0,0.07,0.0,0.7640171,1.0,1.0,0.089921765,0.0,0.002267912,0.0,0.0,0.07771346,0.0
0.0,0.0,0.029411765,0.2,0.0,0.0,0.0,0.0,0.0,0.0,0.0,0.0,0.0,0.0,0.0,0.0,0.0,0.0,0.0,0.0,0.0,0.0,0.017081015,0.009784736,0.0,0.0,1.0,1.0,0.02,0.06,0.0,0.7662662,1.0,1.0,0.09059217,0.0,0.0023375899,0.0,0.0,0.07801482,0.0
0.0,0.0,0.04411765,0.2,0.0,0.0,0.0,0.0,0.0,0.0,0.0,0.0,0.0,0.0,0.0,0.0,0.0,0.0,0.0,0.0,0.0,0.004883975,0.016689114,0.0332681,0.0,0.0,1.0,1.0,0.07,0.06,0.0,0.77564335,1.0,1.0,0.09345522,0.0,0.002118528,0.0,0.0,0.08016604,0.0
0.0,0.0,0.13235295,0.8,0.0,3.2691223e-05,0.0,0.0,0.0,0.009949267,0.0,0.0,0.0,0.0,0.0,0.0,0.0,0.0,0.0,0.0,0.0,0.015820324,0.01876475,0.0019569471,1.0,1.0,0.0,0.0,1.0,0.0,0.0,0.80041254,1.0,1.0,0.09799289,0.0,0.0,0.0,0.0,0.09153554,0.0
0.0,0.0,0.029411765,0.2,0.0,0.0,0.0,0.0,0.0,0.0,0.0,0.0,0.0,0.0,0.0,0.0,0.0,0.0,0.0,0.0,0.0,0.0,0.017156005,0.0058708414,0.0,0.0,1.0,1.0,0.02,0.07,0.0,0.76550925,1.0,1.0,0.09031164,0.0,0.0023604035,0.0,0.0,0.07791832,0.0
0.0,0.0,0.029411765,0.2,0.0,0.0,0.0,0.0,0.0,0.0,0.0,0.0,0.0,0.0,0.0,0.0,0.0,0.0,0.0,0.0,0.0,0.0013266206,0.016974218,0.01369863,0.0,0.0,1.0,1.0,0.03,0.06,0.0,0.7696557,1.0,1.0,0.09160774,0.0,0.002148211,0.0,0.0,0.079000056,0.0
0.0,0.0,0.029411765,0.2,0.0,0.0,0.0,0.0,0.0,0.0,0.0,0.0,0.0,0.0,0.0,0.0,0.0,0.0,0.0,0.0,0.0,0.00092834234,0.016931914,0.011741683,0.0,0.0,1.0,1.0,0.02,0.06,0.0,0.7692878,1.0,1.0,0.09159624,0.0,0.0019148141,0.0,0.0,0.07923281,0.0
0.0,0.0,0.029411765,0.2,0.0,0.0,0.0,0.0,0.0,0.0,0.0,0.0,0.0,0.0,0.0,0.0,0.0,0.0,0.0,0.0,0.0,0.0,0.01734417,0.0019569471,0.0,0.0,1.0,1.0,0.01,0.06,0.0,0.7603173,1.0,1.0,0.0887017,0.0,0.0028174967,0.0,0.0,0.07619172,0.0
0.0,0.0,0.029411765,0.2,0.0,0.0,0.0,0.0,0.0,0.0,0.0,0.0,0.0,0.0,0.0,0.0,0.0,0.0,0.0,0.0,0.0,0.0,0.0170798,0.023483366,0.0,0.0,1.0,1.0,0.09,0.05,0.0,0.7661867,1.0,1.0,0.09046688,0.0,0.0029812157,0.0,0.0,0.07702196,0.0
0.0,0.0,0.029411765,0.1,0.0,0.0,0.0,0.0,0.0,0.0,0.0,0.0,0.0,0.0,0.0,0.0,0.0,0.0,0.0,0.0,0.0,0.0,0.023316123,0.01369863,1.0,1.0,0.0,0.0,0.03,0.06,0.0,0.7749311,1.0,1.0,0.08779966,0.0,0.0,0.0,0.0,0.08881587,0.0
0.0,0.0,0.029411765,0.5,0.0,0.0,0.0,0.0,0.0,0.0,0.0,0.0,0.0,0.0,0.0,0.0,0.0,0.0,0.0,0.0,0.0,0.004906237,0.016687028,0.0332681,0.0,0.0,1.0,1.0,0.07,0.06,0.0,0.7756908,1.0,1.0,0.093470834,0.0,0.002111435,0.0,0.0,0.08018556,0.0
0.12901326,0.0,0.13235295,0.0,0.0,3.2691223e-05,0.0,0.0,0.0,0.020956993,0.0,0.0,0.0,0.0,0.0,0.0,0.0,0.0,0.0,0.0,0.0,0.030276626,0.018384062,0.0019569471,0.0,0.0,0.0,0.0,1.0,0.0,0.0,0.82168496,1.0,1.0,0.103655,0.0,0.0008134097,0.0,0.0,0.09569931,0.0
0.0,0.0,0.029411765,0.2,0.0,0.0,0.0,0.0,0.0,0.0,0.0,0.0,0.0,0.0,0.0,0.0,0.0,0.0,0.0,0.0,0.0,0.0,0.017114691,0.007827789,0.0,0.0,1.0,1.0,0.02,0.07,0.0,0.76676655,1.0,1.0,0.090682946,0.0,0.0023494065,0.0,0.0,0.078148395,0.0
0.13204539,0.0,0.13235295,0.0,0.0,3.2691223e-05,0.0,0.0,0.0,0.0,0.0,0.0,0.0,0.0,0.0,0.0,0.0,0.0,0.0,0.0,0.0,0.0,0.019257732,0.0019569471,0.0,0.0,0.0,0.0,1.0,0.0,0.0,0.75092065,1.0,1.0,0.084019564,0.0,0.0027037263,0.0,0.0,0.080632,0.0
0.0,0.0,0.32352942,0.1,0.0,0.0,0.0,0.0,0.0,0.0,0.0,0.0,0.0,0.0,0.0,0.0,0.0,0.0,0.0,0.0,0.0,0.0,0.023563877,0.0019569471,1.0,1.0,0.0,0.0,0.01,0.11,0.0,0.77226675,1.0,1.0,0.08678881,0.0,0.0,0.0,0.0,0.08802432,0.0
0.036021832,0.0,0.04411765,0.3,0.001155006,0.0,0.0,0.0,0.0,0.0,0.0,0.0,0.0,0.0,0.0,0.0,0.0,0.0,0.0,0.0,0.0,0.011406213,0.010881409,0.021526419,0.0,0.0,1.0,1.0,1.0,0.0,0.0,0.7714925,1.0,1.0,0.09686612,0.0,0.0096499175,0.0,0.0,0.068084925,0.0
0.0,0.0,0.029411765,0.2,0.0,0.0,0.0,0.0,0.0,0.0,0.0,0.0,0.0,0.0,0.0,0.0,0.0,0.0,0.0,0.0,0.0,0.0,0.017205335,0.009784736,0.03,0.0,0.97,1.0,0.03,0.07,0.0,0.7672703,1.0,1.0,0.090733595,0.0,0.0022908896,0.0,0.0,0.07836458,0.0
0.015541887,0.0,0.04411765,0.3,0.0009102015,0.0,0.0,0.0,0.0,0.038563758,0.0,0.0,0.0,0.0,0.0,0.0,0.0031755865,0.0195387,0.0,0.0,0.0,0.059849173,0.009099819,0.050880626,0.0,0.0,1.0,1.0,1.0,0.0,0.0,0.85474396,1.0,1.0,0.12050054,0.0,0.009435058,0.0,0.0,0.082002014,0.0
0.0,0.0,0.04411765,0.0,0.0008681168,0.0061771553,0.0,0.0,0.0,0.0,0.0,0.0,0.0,0.0,0.0,0.0,0.0,0.0,0.0,0.0,0.0,0.0071181655,0.010754555,0.037181996,0.0,0.0,0.0,0.0,1.0,0.0,0.11,0.7639425,1.0,1.0,0.095014684,0.0,0.009773478,0.0,0.0,0.066138685,0.0
0.0,1.0,0.36764705,0.0,1.6426413e-05,0.0,0.0,0.0,0.0,0.0,0.0,0.0,0.0,0.0,0.0,0.0,0.0,0.0,0.0,0.0,0.0,0.011680275,0.014245018,0.15851273,0.0,0.0,0.0,0.0,1.0,0.0,0.0,0.7770953,1.0,1.0,0.095930986,0.0,0.004826054,0.0,0.0,0.08252996,0.0
0.0,0.0,0.04411765,0.1,0.0,0.0,0.0,0.0,0.0,0.031510383,0.0,0.0,0.0,0.0,0.0,0.0,0.0009813458,0.010117918,0.0,0.0,0.0,0.048162222,0.013173103,0.06262231,0.38,0.38,0.62,0.62,1.0,0.0,0.0,0.842237,1.0,1.0,0.113650404,0.0,0.006015748,0.0,0.0,0.08659193,0.0
0.0,0.0,0.029411765,0.2,0.0,0.0,0.0,0.0,0.0,0.0,0.0,0.0,0.0,0.0,0.0,0.0,0.0,0.0,0.0,0.0,0.0,0.0,0.01709336,0.025440313,0.0,0.0,1.0,1.0,0.12,0.06,0.0,0.7656033,1.0,1.0,0.090282194,0.0,0.0030939728,0.0,0.0,0.07675725,0.0
0.0,0.0,0.04411765,0.0,0.0008681168,0.0061771553,0.0,0.0,0.0,0.0,0.0,0.0,0.0,0.0,0.0,0.0,0.0,0.0,0.0,0.0,0.0,0.008098513,0.010718621,0.02739726,0.0,0.0,0.0,0.0,1.0,0.0,0.14,0.76565814,1.0,1.0,0.09550414,0.0,0.009759054,0.0,0.0,0.06640014,0.0
0.0,0.0,0.029411765,0.5,0.0,0.0,0.0,0.0,0.0,0.0,0.0,0.0,0.0,0.0,0.0,0.0,0.0,0.0,0.0,0.0,0.0,0.0,0.017377704,0.0039138943,0.0,0.0,1.0,1.0,0.02,0.07,0.0,0.7599145,1.0,1.0,0.088525556,0.0,0.003053233,0.0,0.0,0.07573897,0.0
0.00015593866,0.0,0.04411765,0.3,0.00051125616,0.0032542627,0.0,0.0,0.0,0.0,0.0,0.0,0.0,0.0,0.0,0.0,0.0,0.0,0.0,0.0,0.0,0.0077089965,0.010734044,0.009784736,0.0,0.0,0.2,0.2,1.0,0.0,0.0,0.76498663,1.0,1.0,0.095309995,0.0,0.009781182,0.0,0.0,0.06620416,0.0
0.0,0.0,0.029411765,0.2,0.0,0.0,0.0,0.0,0.0,0.0,0.0,0.0,0.0,0.0,0.0,0.0,0.0,0.0,0.0,0.0,0.0,0.0,0.01709842,0.02739726,0.0,0.0,1.0,1.0,0.14,0.07,0.0,0.7652097,1.0,1.0,0.090160124,0.0,0.003178537,0.0,0.0,0.07657069,0.0
0.0,0.0,0.13235295,0.5,0.0,0.0,0.0,0.0,0.0,0.020764798,0.0,0.0,0.0,0.0,0.0,0.0,0.0,0.0,0.0,0.0,0.0,0.030327141,0.016516246,0.039138943,0.0,0.0,1.0,1.0,0.62,0.06,0.0,0.82019377,1.0,1.0,0.10508641,0.0,0.0013037771,0.0,0.0,0.09330335,0.0
0.0,0.0,0.029411765,0.2,0.0,0.0,0.0,0.0,0.0,0.0,0.0,0.0,0.0,0.0,0.0,0.0,0.0,0.0,0.0,0.0,0.0,0.003136307,0.016851872,0.021526419,0.0,0.0,1.0,1.0,0.04,0.06,0.0,0.7728269,1.0,1.0,0.092566766,0.0,0.0020433813,0.0,0.0,0.0798462,0.0
0.0,1.0,0.36764705,0.0,1.6426413e-05,0.0,0.0,0.0,0.0,0.0,0.0,0.0,0.0,0.0,0.0,0.0,0.0,0.0,0.0,0.0,0.0,0.0,0.02324421,1.0,0.0,0.0,0.0,0.0,1.0,0.0,0.0,0.6948484,0.99308383,1.0,0.06589071,0.0,0.0017528683,0.0,0.0,0.069063425,0.0
0.0,0.0,0.029411765,0.1,0.0,0.0,0.0,0.0,0.0,0.0,0.0,0.0,0.0,0.0,0.0,0.0,0.0,0.0,0.0,0.0,0.0,0.0,0.023471393,0.0058708414,1.0,1.0,0.0,0.0,0.01,0.07,0.0,0.7712805,1.0,1.0,0.08667181,0.0,0.0,0.0,0.0,0.08793077,0.0
0.0,0.0,0.029411765,0.2,0.0,0.0,0.0,0.0,0.0,0.0,0.0,0.0,0.0,0.0,0.0,0.0,0.0,0.0,0.0,0.0,0.0,0.0021054149,0.01690866,0.019569471,0.0,0.0,1.0,1.0,0.04,0.06,0.0,0.77088463,1.0,1.0,0.0919851,0.0,0.0021936446,0.0,0.0,0.079169005,0.0
0.0,0.0,0.5,0.5,0.0,0.0,0.0,0.0,0.0,0.0,0.0,0.0,0.0,0.0,0.0,0.0,0.0,0.0,0.0,0.0,0.0,0.00092434883,0.016951248,0.015655577,0.0,0.0,1.0,1.0,0.03,0.06,0.0,0.76891816,1.0,1.0,0.09143876,0.0,0.0021716207,0.0,0.0,0.07876897,0.0
0.0156805,0.0,0.04411765,0.3,0.0009923336,0.0,0.0,0.0,0.0,0.006074369,0.0,0.0,0.0,0.0,0.0,0.0,0.0,0.0,0.0,0.0,0.0,0.023416072,0.010161169,0.10176125,0.02,0.02,0.96,0.96,1.0,0.0,0.0,0.792043,1.0,1.0,0.10298886,0.0,0.009561673,0.0,0.0,0.07141331,0.0
0.0,0.0,0.25,0.5,0.0,0.0,0.0,0.0,0.0,0.0,0.0,0.0,0.0,0.0,0.0,0.0,0.0,0.0,0.0,0.0,0.0,0.0,0.017297894,0.011741683,0.0,0.0,1.0,1.0,0.06,0.07,0.0,0.7611767,1.0,1.0,0.0889216,0.0,0.0031197965,0.0,0.0,0.07589683,0.0
0.0,0.0,0.029411765,0.2,0.0,0.0,0.0,0.0,0.0,0.0,0.0,0.0,0.0,0.0,0.0,0.0,0.0,0.0,0.0,0.0,0.0,0.0037992299,0.016887918,0.02739726,0.03,0.0,0.97,1.0,0.06,0.07,0.0,0.77389884,1.0,1.0,0.092799984,0.0,0.0021048486,0.0,0.0,0.079975784,0.0
0.0,1.0,0.36764705,0.0,1.6426413e-05,0.0,0.0,0.0,0.0,0.0,0.0,0.0,0.0,0.0,0.0,0.0,0.0,0.0,0.0,0.0,0.0,0.011097789,0.014819533,0.18395303,0.0,0.0,0.0,0.0,1.0,0.0,0.0,0.7774427,1.0,1.0,0.09542506,0.0,0.0043623894,0.0,0.0,0.08387157,0.0
0.0,0.0,0.13235295,0.8,0.0,3.2691223e-05,0.0,0.0,0.0,0.0,0.0,0.0,0.0,0.0,0.0,0.0,0.0,0.0,0.0,0.0,0.0,0.0,0.021581776,0.0019569471,1.0,1.0,0.0,0.0,1.0,0.0,0.0,0.7014301,1.0,1.0,0.068714194,0.0,0.0033769459,0.0,0.0,0.06977463,0.0
0.0,0.0,0.029411765,0.2,0.0,0.0,0.0,0.0,0.0,0.0,0.0,0.0,0.0,0.0,0.0,0.0,0.0,0.0,0.0,0.0,0.0,0.0021953583,0.016961664,0.017612524,0.0,0.0,1.0,1.0,0.04,0.07,0.0,0.77095807,1.0,1.0,0.09193506,0.0,0.0022688955,0.0,0.0,0.079126924,0.0
0.14077796,0.0,0.13235295,0.8,1.5917067e-08,1.1144735e-05,0.0,0.0,0.0,0.0,0.0,0.0,0.0,0.0,0.0,0.0,0.0,0.0,0.0,0.0,0.0,0.0,0.018671684,0.0019569471,1.0,1.0,0.0,0.0,1.0,0.0,0.0,0.7573371,1.0,1.0,0.08654743,0.0,0.0009988099,0.0,0.0,0.08122945,0.0
0.0,0.0,0.20588236,0.2,0.0,0.0,0.0,0.0,0.0,0.0,0.0,0.0,0.0,0.0,0.0,0.0,0.0,0.0,0.0,0.0,0.0,0.0042187274,0.016733974,0.029354207,0.0,0.0,1.0,1.0,0.06,0.07,0.0,0.77459,1.0,1.0,0.093143456,0.0,0.0020730793,0.0,0.0,0.0800446,0.0
0.0,0.0,0.029411765,0.2,0.0,0.0,0.0,0.0,0.0,0.0,0.0,0.0,0.0,0.0,0.0,0.0,0.0,0.0,0.0,0.0,0.0,0.001758188,0.01693727,0.0332681,0.0,0.0,1.0,1.0,0.12,0.07,0.0,0.76918066,1.0,1.0,0.09139063,0.0,0.002966389,0.0,0.0,0.07760489,0.0
0.0,0.0,0.029411765,0.2,0.0,0.0,0.0,0.0,0.0,0.0,0.0,0.0,0.0,0.0,0.0,0.0,0.0,0.0,0.0,0.0,0.0,0.0,0.017180152,0.019569471,0.0,0.0,1.0,1.0,0.09,0.07,0.0,0.7629396,1.0,1.0,0.089498274,0.0,0.0031494498,0.0,0.0,0.07609522,0.0
0.0,1.0,0.36764705,0.0,2.3557259e-05,0.0,0.0,0.33333334,0.0,0.0,0.0,0.0,0.0,0.0,0.0,0.0,0.0,0.0,0.0,0.0,0.0,0.0,0.025329873,0.0058708414,0.0,0.0,0.0,0.0,1.0,0.0,0.67,0.6769279,0.9713108,1.0,0.05807417,0.0,0.0077667087,0.0,0.0,0.06321935,0.0
0.0,0.0,0.2647059,0.2,0.0,0.0,0.0,0.0,0.0,0.0,0.0,0.0,0.0,0.0,0.0,0.0,0.0,0.0,0.0,0.0,0.0,0.0035941303,0.016793944,0.029354207,0.0,0.0,1.0,1.0,0.07,0.07,0.0,0.7732618,1.0,1.0,0.092705496,0.0,0.0022704303,0.0,0.0,0.07949841,0.0
0.12617171,0.0,0.13235295,0.0,0.0,3.2691223e-05,0.0,0.0,0.0,0.014349878,0.0,0.0,0.0,0.0,0.0,0.0,0.0,0.0,0.0,0.0,0.0,0.024206549,0.0182039,0.0019569471,0.0,0.0,0.0,0.0,1.0,0.0,0.0,0.8089024,1.0,1.0,0.100292556,0.0,0.0018798858,0.0,0.0,0.092936575,0.0
0.0,0.0,0.029411765,0.2,0.0,0.0,0.0,0.0,0.0,0.0,0.0,0.0,0.0,0.0,0.0,0.0,0.0,0.0,0.0,0.0,0.0,0.0046649277,0.016690604,0.037181996,0.0,0.0,1.0,1.0,0.08,0.06,0.0,0.77504575,1.0,1.0,0.09327357,0.0,0.0022595078,0.0,0.0,0.07987082,0.0
0.0,1.0,0.36764705,0.0,1.6044403e-05,0.0,0.0,0.0,0.0,0.0,0.0,0.0,0.0,0.0,0.0,0.0,0.0,0.0,0.0,0.0,0.0,0.01166141,0.014242642,0.15655577,0.0,0.0,0.0,0.0,1.0,0.0,0.0,0.77705634,1.0,1.0,0.09592282,0.0,0.004830286,0.0,0.0,0.08251092,0.0
1.7326518e-05,0.0,0.22058824,0.0,4.1368454e-05,0.00021769383,0.0,0.0,0.0,0.0,0.0,0.0,0.0,0.0,0.0,0.0,0.0,0.0,0.0,0.0,0.0,0.004018098,0.011696808,0.0058708414,0.0,0.0,0.0,0.0,1.0,0.0,0.0,0.75919366,1.0,1.0,0.09278127,0.0,0.009025469,0.0,0.0,0.07007125,0.0
0.0,0.0,0.04411765,0.1,0.0,0.0,0.0,0.0,0.0,0.05096847,0.0,0.0,0.0,0.0,0.0,0.0,0.0025070384,0.023456782,0.0,0.0,0.0,0.06780195,0.013963714,0.09589041,1.0,1.0,0.0,0.0,1.0,0.0,0.0,0.87904274,1.0,1.0,0.12269143,0.0,0.0040683895,0.0,0.0,0.09832963,0.0
0.0,0.0,0.2647059,0.1,0.0,0.0,0.0,0.0,0.0,0.0,0.0,0.0,0.0,0.0,0.0,0.0,0.0,0.0,0.0,0.0,0.0,0.0,0.02337531,0.0039138943,1.0,1.0,0.0,0.0,0.01,0.07,0.0,0.77322936,1.0,1.0,0.087313555,0.0,0.0,0.0,0.0,0.088545114,0.0
0.013947847,0.0,0.04411765,0.3,0.0008872809,7.4298237e-07,0.0,0.0,0.0,0.05104944,0.0,0.0,0.0,0.0,0.0,0.0023701042,0.0045091286,0.029686987,0.0,0.0,0.0,0.0735738,0.008788258,0.08023483,0.02,0.02,0.98,0.98,1.0,0.0,0.0,0.8785722,1.0,1.0,0.12707159,0.0,0.009159431,0.0,0.0,0.08697483,0.0
0.0,0.0,0.029411765,0.1,0.0,0.0,0.0,0.0,0.0,0.0,0.0,0.0,0.0,0.0,0.0,0.0,0.0,0.0,0.0,0.0,0.0,0.0,0.023516946,0.023483366,1.0,1.0,0.0,0.0,0.09,0.07,0.0,0.7737073,1.0,1.0,0.08715845,0.0,0.0,0.0,0.0,0.08793691,0.0
0.0,0.0,0.029411765,0.2,0.0,0.0,0.0,0.0,0.0,0.0,0.0,0.0,0.0,0.0,0.0,0.0,0.0,0.0,0.0,0.0,0.0,0.003105253,0.016831703,0.023483366,0.0,0.0,1.0,1.0,0.05,0.06,0.0,0.7726495,1.0,1.0,0.09253145,0.0,0.0021333247,0.0,0.0,0.07958311,0.0
0.0,0.0,0.029411765,0.2,0.0,0.0,0.0,0.0,0.0,0.0,0.0,0.0,0.0,0.0,0.0,0.0,0.0,0.0,0.0,0.0,0.0,0.00047659874,0.016990893,0.031311154,0.0,0.0,1.0,1.0,0.11,0.06,0.0,0.76701665,1.0,1.0,0.09077405,0.0,0.0029490888,0.0,0.0,0.07726717,0.0
0.0,0.0,0.30882353,0.2,0.0,0.0,0.0,0.0,0.0,0.0,0.0,0.0,0.0,0.0,0.0,0.0,0.0,0.0,0.0,0.0,0.0,0.00196293,0.016898036,0.037181996,0.0,0.0,1.0,1.0,0.14,0.06,0.0,0.76948416,1.0,1.0,0.091506176,0.0,0.002973482,0.0,0.0,0.07768029,0.0
0.0,0.0,0.42647058,0.2,0.0,0.0,0.0,0.0,0.0,0.0,0.0,0.0,0.0,0.0,0.0,0.0,0.0,0.0,0.0,0.0,0.0,0.0,0.017338991,0.0039138943,0.0,0.0,1.0,1.0,0.02,0.07,0.0,0.7598078,1.0,1.0,0.08855691,0.0,0.0029567927,0.0,0.0,0.075792044,0.0
0.0,0.0,0.4852941,0.2,0.0,0.0,0.0,0.0,0.0,0.0,0.0,0.0,0.0,0.0,0.0,0.0,0.0,0.0,0.0,0.0,0.0,0.004709512,0.016686358,0.037181996,0.0,0.0,1.0,1.0,0.08,0.06,0.0,0.7751405,1.0,1.0,0.093304835,0.0,0.0022453815,0.0,0.0,0.07990983,0.0
0.0,0.0,0.029411765,0.2,0.0,0.0,0.0,0.0,0.0,0.0,0.0,0.0,0.0,0.0,0.0,0.0,0.0,0.0,0.0,0.0,0.0,0.0022440255,0.016937435,0.021526419,0.0,0.0,1.0,1.0,0.05,0.08,0.0,0.7709297,1.0,1.0,0.09194114,0.0,0.0023252964,0.0,0.0,0.07906592,0.0
0.0,0.0,0.7058824,0.1,0.0,0.0,0.0,0.0,0.0,0.0,0.0,0.0,0.0,0.0,0.0,0.0,0.0,0.0,0.0,0.0,0.0,0.0,0.023123026,0.037181996,1.0,1.0,0.0,0.0,0.09,0.07,0.0,0.7810739,1.0,1.0,0.08955505,0.0,0.0,0.0,0.0,0.090043515,0.0
6.930607e-05,0.0,0.04411765,0.3,0.0005344951,0.0032542627,0.0,0.0,0.0,0.0,0.0,0.0,0.0,0.0,0.0,0.0,0.0,0.0,0.0,0.0,0.0,0.009778827,0.010674201,0.0058708414,0.0,0.0,0.67,0.67,1.0,0.0,0.0,0.76854765,1.0,1.0,0.09630399,0.0,0.009776264,0.0,0.0,0.06679666,0.0
0.0,0.0,0.029411765,0.1,0.0,0.0,0.0,0.0,0.0,0.0,0.0,0.0,0.0,0.0,0.0,0.0,0.0,0.0,0.0,0.0,0.0,0.0,0.023677371,0.009784736,1.0,1.0,0.0,0.0,0.12,0.17,0.0,0.7758839,1.0,1.0,0.08749961,0.0,0.0,0.0,0.0,0.088324934,0.0
0.0,0.0,0.029411765,0.2,0.0,0.0,0.0,0.0,0.0,0.0,0.0,0.0,0.0,0.0,0.0,0.0,0.0,0.0,0.0,0.0,0.0,0.0,0.017125584,0.021526419,0.0,0.0,1.0,1.0,0.09,0.08,0.0,0.765795,1.0,1.0,0.090314515,0.0,0.0029758662,0.0,0.0,0.077050984,0.0
0.0,0.0,0.029411765,0.2,0.0,0.0,0.0,0.0,0.0,0.0,0.0,0.0,0.0,0.0,0.0,0.0,0.0,0.0,0.0,0.0,0.0,0.0,0.017040364,0.02739726,0.0,0.0,1.0,1.0,0.11,0.06,0.0,0.7655299,1.0,1.0,0.09033226,0.0,0.0030187815,0.0,0.0,0.07679933,0.0
0.0,0.0,0.029411765,0.1,0.0,0.0,0.0,0.0,0.0,0.0,0.0,0.0,0.0,0.0,0.0,0.0,0.0,0.0,0.0,0.0,0.0,0.0,0.023179382,0.0039138943,1.0,1.0,0.0,0.0,0.01,0.06,0.0,0.77588737,1.0,1.0,0.08827644,0.0,0.0,0.0,0.0,0.08950302,0.0
0.0,0.0,0.029411765,0.2,0.0,0.0,0.0,0.0,0.0,0.0,0.0,0.0,0.0,0.0,0.0,0.0,0.0,0.0,0.0,0.0,0.0,0.00407815,0.016714655,0.0332681,0.0,0.0,1.0,1.0,0.07,0.06,0.0,0.77411366,1.0,1.0,0.09301732,0.0,0.0022335202,0.0,0.0,0.07963389,0.0
0.0,0.0,0.04411765,0.1,0.0,0.0,0.0,0.0,0.0,0.028874338,0.0,0.0,0.0,0.0,0.0,0.0,0.00082574785,0.008200139,0.0,0.0,0.0,0.0453586,0.013108969,0.06849315,0.26,0.26,0.74,0.74,1.0,0.0,0.0,0.83721125,1.0,1.0,0.11239036,0.0,0.006162286,0.0,0.0,0.0851835,0.0
0.0,1.0,0.36764705,0.0,2.3557259e-05,0.0,0.0,0.33333334,0.0,0.0,0.0,0.0,0.0,0.0,0.0,0.0,0.0,0.0,0.0,0.0,0.0,0.0,0.021113448,0.0058708414,0.0,0.0,0.0,0.0,1.0,0.0,0.67,0.69571185,0.99582464,1.0,0.067510016,0.0,0.006741792,0.0,0.0,0.06390616,0.0
0.0,0.0,0.5588235,0.1,0.0,0.0,0.0,0.0,0.0,0.0,0.0,0.0,0.0,0.0,0.0,0.0,0.0,0.0,0.0,0.0,0.0,0.0,0.023425147,0.0332681,1.0,1.0,0.0,0.0,0.12,0.06,0.0,0.77585196,1.0,1.0,0.087804966,0.0,0.0,0.0,0.0,0.08836731,0.0
0.0,0.0,0.14705883,0.1,0.0,0.0,0.0,0.0,0.0,0.001639396,0.0,0.0,0.0,0.0,0.0,0.0,0.0,0.0,0.0,0.0,0.0,0.0050219297,0.02303388,0.011741683,1.0,1.0,0.0,0.0,0.32,0.16,0.0,0.78808653,1.0,1.0,0.0911169,0.0,0.0,0.0,0.0,0.08994731,0.0
0.0,0.0,0.029411765,0.2,0.0,0.0,0.0,0.0,0.0,0.0,0.0,0.0,0.0,0.0,0.0,0.0,0.0,0.0,0.0,0.0,0.0,0.0053814948,0.016673654,0.037181996,0.0,0.0,1.0,1.0,0.08,0.07,0.0,0.77638555,1.0,1.0,0.09364892,0.0,0.0021726787,0.0,0.0,0.08032498,0.0
0.0,0.0,0.13235295,0.5,0.0,0.0,0.0,0.0,0.0,0.0,0.0,0.0,0.0,0.0,0.0,0.0,0.0,0.0,0.0,0.0,0.0,0.0024197698,0.016868733,0.021526419,0.0,0.0,1.0,1.0,0.05,0.07,0.0,0.7714871,1.0,1.0,0.09219148,0.0,0.0021302402,0.0,0.0,0.079392076,0.0
0.0,0.0,0.13235295,0.1,0.0,0.0,0.0,0.0,0.0,0.0,0.0,0.0,0.0,0.0,0.0,0.0,0.0,0.0,0.0,0.0,0.0,0.0,0.022529095,0.21917808,1.0,1.0,0.0,0.0,1.0,0.0,0.0,0.7762414,1.0,1.0,0.0881665,0.0,0.0,0.0,0.0,0.08682221,0.0
0.0,1.0,0.36764705,0.0,1.6426413e-05,0.0,0.0,0.0,0.0,0.0,0.0,0.0,0.0,0.0,0.0,0.0,0.0,0.0,0.0,0.0,0.0,0.0,0.01851432,1.0,0.0,0.0,0.0,0.0,1.0,0.0,0.0,0.7440357,1.0,1.0,0.083582334,0.0,0.0024065524,0.0,0.0,0.076887935,0.0
0.0,0.0,0.029411765,0.2,0.0,0.0,0.0,0.0,0.0,0.0,0.0,0.0,0.0,0.0,0.0,0.0,0.0,0.0,0.0,0.0,0.0,0.0,0.017149642,0.017612524,0.0,0.0,1.0,1.0,0.07,0.07,0.0,0.764863,1.0,1.0,0.09005823,0.0,0.0029498488,0.0,0.0,0.076814055,0.0
0.0,0.0,0.04411765,0.1,0.0,0.0,0.0,0.0,0.0,0.056815952,0.0,0.0,0.0,0.0,0.0,0.0,0.0023428053,0.024623692,0.0,0.0,0.0,0.07104948,0.01637908,0.20939335,1.0,1.0,0.0,0.0,1.0,0.0,0.0,0.8902252,1.0,1.0,0.123594396,0.0,0.001104638,0.0,0.0,0.106941044,0.0
0.0,0.0,0.029411765,0.2,0.0,0.0,0.0,0.0,0.0,0.0,0.0,0.0,0.0,0.0,0.0,0.0,0.0,0.0,0.0,0.0,0.0,0.0039307177,0.016752481,0.023483366,0.0,0.0,1.0,1.0,0.04,0.06,0.0,0.77440464,1.0,1.0,0.093110226,0.0,0.0018726438,0.0,0.0,0.08030495,0.0
0.0,0.0,0.029411765,0.1,0.0,0.0,0.0,0.0,0.0,0.0,0.0,0.0,0.0,0.0,0.0,0.0,0.0,0.0,0.0,0.0,0.0,0.0,0.02321992,0.015655577,1.0,1.0,0.0,0.0,0.03,0.06,0.0,0.77679694,1.0,1.0,0.08840478,0.0,0.0,0.0,0.0,0.08938545,0.0
0.0,0.0,0.04411765,0.0,0.0008681168,0.0061771553,0.0,0.0,0.0,0.0,0.0,0.0,0.0,0.0,0.0,0.0,0.0,0.0,0.0,0.0,0.0,0.0026405156,0.010859802,0.009784736,0.0,0.0,0.0,0.0,1.0,0.0,0.0,0.75622857,1.0,1.0,0.09288589,0.0,0.009807169,0.0,0.0,0.06471354,0.0
0.0,0.0,0.04411765,0.0,0.0008681168,0.0061771553,0.0,0.0,0.0,0.0,0.0,0.0,0.0,0.0,0.0,0.0,0.0,0.0,0.0,0.0,0.0,0.007190734,0.01067321,0.05479452,0.0,0.0,0.0,0.0,1.0,0.0,0.07,0.763993,1.0,1.0,0.09510969,0.0,0.009835571,0.0,0.0,0.06581959,0.0
0.015645847,0.0,0.04411765,0.3,0.0008993779,0.0,0.0,0.0,0.0,0.02873671,0.0,0.0,0.0,0.0,0.0,0.0,0.0020636395,0.010809928,0.0,0.0,0.0,0.04874584,0.009410098,0.09589041,0.0,0.0,1.0,1.0,1.0,0.0,0.0,0.8356683,1.0,1.0,0.11518886,0.0,0.009408087,0.0,0.0,0.07903659,0.0
0.0,0.0,0.029411765,0.2,0.0,0.0,0.0,0.0,0.0,0.0,0.0,0.0,0.0,0.0,0.0,0.0,0.0,0.0,0.0,0.0,0.0,0.0020181835,0.016907834,0.01369863,0.0,0.0,1.0,1.0,0.03,0.07,0.0,0.77112615,1.0,1.0,0.092092626,0.0,0.0019297749,0.0,0.0,0.079604834,0.0
0.12502815,0.0,0.13235295,0.0,0.0,3.2691223e-05,0.0,0.0,0.0,0.0,0.0,0.0,0.0,0.0,0.0,0.0,0.0,0.0,0.0,0.0,0.0,0.0,0.017803945,0.0019569471,0.0,0.0,0.0,0.0,1.0,0.0,0.0,0.7637228,1.0,1.0,0.08866685,0.0,0.0036979914,0.0,0.0,0.080443025,0.0
0.0,1.0,0.36764705,0.0,1.6426413e-05,0.0,0.0,0.0,0.0,0.0,0.0,0.0,0.0,0.0,0.0,0.0,0.0,0.0,0.0,0.0,0.0,0.0,0.043456443,1.0,0.0,0.0,0.0,0.0,1.0,0.0,0.0,0.6048635,0.8785251,0.9914055,0.020293295,0.0,0.007510647,0.0,0.0,0.05935201,0.0
0.12502815,0.0,0.13235295,0.0,0.0,3.2691223e-05,0.0,0.0,0.0,0.013859749,0.0,0.0,0.0,0.0,0.0,0.0,0.0,0.0,0.0,0.0,0.0,0.023730874,0.018075883,0.0019569471,0.0,0.0,0.0,0.0,1.0,0.0,0.0,0.80784094,1.0,1.0,0.10012504,0.0,0.0019605309,0.0,0.0,0.09269437,0.0
0.015559213,0.0,0.04411765,0.3,0.0009102015,0.0,0.0,0.0,0.0,0.05001214,0.0,0.0,0.0,0.0,0.0,0.0020562708,0.0043598562,0.028865188,0.0,0.0,0.0,0.0724352,0.0088633895,0.0665362,0.15,0.15,0.85,0.85,1.0,0.0,0.0,0.8766445,1.0,1.0,0.12649247,0.0,0.009176359,0.0,0.0,0.086565524,0.0
0.0,1.0,0.36764705,0.0,1.6044403e-05,0.0,0.0,0.0,0.0,0.0044546723,0.0,0.0,0.0,0.0,0.0,0.0,0.0,0.0,0.0,0.0,0.0,0.01644054,0.014835507,0.65362036,0.0,0.0,0.0,0.0,1.0,0.0,0.0,0.78717947,1.0,1.0,0.09810566,0.0,0.003676489,0.0,0.0,0.08718184,0.0
0.0,0.0,0.5588235,0.5,0.0,0.0,0.0,0.0,0.0,0.0,0.0,0.0,0.0,0.0,0.0,0.0,0.0,0.0,0.0,0.0,0.0,0.0017534792,0.016895011,0.039138943,0.0,0.0,1.0,1.0,0.16,0.06,0.0,0.7689272,1.0,1.0,0.09134575,0.0,0.0031197965,0.0,0.0,0.07726115,0.0
0.0,0.0,0.13235295,0.8,0.0,3.2691223e-05,0.0,0.0,0.0,0.0,0.0,0.0,0.0,0.0,0.0,0.0,0.0,0.0,0.0,0.0,0.0,0.0,0.021360137,0.0019569471,1.0,1.0,0.0,0.0,1.0,0.0,0.0,0.70650804,1.0,1.0,0.070287086,0.0,0.0031952113,0.0,0.0,0.07104477,0.0
0.0,0.0,0.029411765,0.1,0.0,0.0,0.0,0.0,0.0,0.0,0.0,0.0,0.0,0.0,0.0,0.0,0.0,0.0,0.0,0.0,0.0,0.0,0.023622282,0.009784736,1.0,1.0,0.0,0.0,0.04,0.06,0.0,0.77000475,1.0,1.0,0.08611236,0.0,0.0,0.0,0.0,0.08725572,0.0
0.12734991,0.0,0.13235295,0.0,0.0,3.2691223e-05,0.0,0.0,0.0,0.017270535,0.0,0.0,0.0,0.0,0.0,0.0,0.0,0.0,0.0,0.0,0.0,0.027092785,0.018111646,0.0019569471,0.0,0.0,0.0,0.0,1.0,0.0,0.0,0.8144064,1.0,1.0,0.10187151,0.0,0.0015877485,0.0,0.0,0.094121486,0.0
0.0,0.0,0.029411765,0.2,0.0,0.0,0.0,0.0,0.0,0.0,0.0,0.0,0.0,0.0,0.0,0.0,0.0,0.0,0.0,0.0,0.0,0.00041472912,0.017602459,0.017612524,0.0,0.0,1.0,1.0,0.07,0.07,0.0,0.7681062,1.0,1.0,0.09054249,0.0,0.0024216324,0.0,0.0,0.07830766,0.0
0.0,0.0,0.63235295,0.5,0.0,0.0,0.0,0.0,0.0,0.0,0.0,0.0,0.0,0.0,0.0,0.0,0.0,0.0,0.0,0.0,0.0,0.005134225,0.0185645,0.037181996,0.5,0.0,0.5,1.0,0.14,0.06,0.0,0.77840984,1.0,1.0,0.09245231,0.0,0.0013715476,0.0,0.0,0.08201155,0.0
0.0,0.0,0.45588234,0.2,0.0,0.0,0.0,0.0,0.0,0.0,0.0,0.0,0.0,0.0,0.0,0.0,0.0,0.0,0.0,0.0,0.0,0.0051110685,0.016647778,0.037181996,0.0,0.0,1.0,1.0,0.07,0.07,0.0,0.7759944,1.0,1.0,0.09358641,0.0,0.0021185726,0.0,0.0,0.08026096,0.0
0.0,0.0,0.6911765,0.2,0.0,0.0,0.0,0.0,0.0,0.0,0.0,0.0,0.0,0.0,0.0,0.0,0.0,0.0,0.0,0.0,0.0,0.0019988418,0.016871437,0.039138943,0.0,0.0,1.0,1.0,0.14,0.06,0.0,0.769449,1.0,1.0,0.0915178,0.0,0.0030422956,0.0,0.0,0.07747576,0.0
0.0,0.0,0.3970588,0.2,0.0,0.0,0.0,0.0,0.0,0.0,0.0,0.0,0.0,0.0,0.0,0.0,0.0,0.0,0.0,0.0,0.0,0.0,0.017375767,0.0039138943,0.0,0.0,1.0,1.0,0.02,0.07,0.0,0.76092243,1.0,1.0,0.08879142,0.0,0.003015697,0.0,0.0,0.07605651,0.0
0.0,0.0,0.029411765,0.1,0.0,0.0,0.0,0.0,0.0,0.0,0.0,0.0,0.0,0.0,0.0,0.0,0.0,0.0,0.0,0.0,0.0,0.0,0.022987418,0.02739726,1.0,1.0,0.0,0.0,0.05,0.06,0.0,0.78141165,1.0,1.0,0.0898753,0.0,0.0,0.0,0.0,0.09060323,0.0
0.0,0.0,0.029411765,0.1,0.0,0.0,0.0,0.0,0.0,0.0,0.0,0.0,0.0,0.0,0.0,0.0,0.0,0.0,0.0,0.0,0.0,0.0,0.023339674,0.0058708414,1.0,1.0,0.0,0.0,0.01,0.07,0.0,0.77367115,1.0,1.0,0.0874703,0.0,0.0,0.0,0.0,0.08869687,0.0
0.0,1.0,0.36764705,0.0,8.08587e-06,0.0,0.0,0.0,0.0,0.0,0.0,0.0,0.0,0.0,0.0,0.0,0.0,0.0,0.0,0.0,0.0,0.012322575,0.014326759,0.22504893,0.0,0.0,0.0,0.0,1.0,0.0,0.0,0.77842474,1.0,1.0,0.09621037,0.0,0.004682839,0.0,0.0,0.083176434,0.0
0.0,0.0,0.7058824,0.2,0.0,0.0,0.0,0.0,0.0,0.0,0.0,0.0,0.0,0.0,0.0,0.0,0.0,0.0,0.0,0.0,0.0,0.0,0.017205037,0.0019569471,0.0,0.0,1.0,1.0,0.01,0.07,0.0,0.76340044,1.0,1.0,0.089718364,0.0,0.0023595244,0.0,0.0,0.07745981,0.0
1.7326518e-05,0.0,0.22058824,0.0,4.1368454e-05,0.00021769383,0.0,0.0,0.0,0.0,0.0,0.0,0.0,0.0,0.0,0.0,0.0,0.0,0.0,0.0,0.0,0.0012191236,0.012696736,0.0039138943,0.0,0.0,0.33,0.0,0.67,0.67,0.0,0.755842,1.0,1.0,0.09100755,0.0,0.008020803,0.0,0.0,0.07288295,0.0
0.0,0.0,0.029411765,0.2,0.0,0.0,0.0,0.0,0.0,0.0,0.0,0.0,0.0,0.0,0.0,0.0,0.0,0.0,0.0,0.0,0.0,0.0,0.018408231,0.0058708414,0.0,0.0,1.0,1.0,0.03,0.07,0.0,0.7675431,1.0,1.0,0.0896936,0.0,0.0018384904,0.0,0.0,0.079221696,0.0
0.0,0.0,0.029411765,0.1,0.0,0.0,0.0,0.0,0.0,0.0,0.0,0.0,0.0,0.0,0.0,0.0,0.0,0.0,0.0,0.0,0.0,0.0,0.02327118,0.02739726,1.0,1.0,0.0,0.0,0.07,0.09,0.0,0.77816415,1.0,1.0,0.088631354,0.0,0.0,0.0,0.0,0.08933741,0.0
0.013947847,0.0,0.04411765,0.3,0.0008993779,7.4298237e-07,0.0,0.0,0.0,0.010733753,0.0,0.0,0.0,0.0,0.0,0.0,0.0,0.0,0.0,0.0,0.0,0.02854374,0.01004339,0.10763209,0.0,0.0,1.0,1.0,1.0,0.0,0.0,0.8009349,1.0,1.0,0.105440445,0.0,0.009465337,0.0,0.0,0.07326746,0.0
0.0,0.0,0.5882353,0.2,0.0,0.0,0.0,0.0,0.0,0.0,0.0,0.0,0.0,0.0,0.0,0.0,0.0,0.0,0.0,0.0,0.0,0.002480626,0.01689165,0.023483366,0.0,0.0,1.0,1.0,0.06,0.06,0.0,0.7713213,1.0,1.0,0.092093505,0.0,0.002330631,0.0,0.0,0.07903683,0.0
0.015663173,0.0,0.04411765,0.3,0.0012944395,0.0,0.0,0.0,0.0,0.0,0.0,0.0,0.0,0.0,0.0,0.0,0.0,0.0,0.0,0.0,0.0,0.0048449636,0.010777168,0.015655577,0.0,0.0,1.0,1.0,1.0,0.0,0.0,0.760025,1.0,1.0,0.09396114,0.0,0.009829819,0.0,0.0,0.0651921,0.0
0.0,0.0,0.7058824,0.2,0.0,0.0,0.0,0.0,0.0,0.0,0.0,0.0,0.0,0.0,0.0,0.0,0.0,0.0,0.0,0.0,0.0,0.0011270642,0.016922623,0.009784736,0.0,0.0,1.0,1.0,0.02,0.06,0.0,0.76977634,1.0,1.0,0.09174966,0.0,0.0018161088,0.0,0.0,0.079458505,0.0
0.0,0.0,0.029411765,0.2,0.0,0.0,0.0,0.0,0.0,0.0,0.0,0.0,0.0,0.0,0.0,0.0,0.0,0.0,0.0,0.0,0.0,0.0,0.017155506,0.0039138943,0.0,0.0,1.0,1.0,0.01,0.08,0.0,0.7667686,1.0,1.0,0.09065264,0.0,0.0022594482,0.0,0.0,0.078363955,0.0
0.0,0.0,0.32352942,0.5,0.0,0.0,0.0,0.0,0.0,0.0,0.0,0.0,0.0,0.0,0.0,0.0,0.0,0.0,0.0,0.0,0.0,0.0,0.01708965,0.0058708414,0.0,0.0,1.0,1.0,0.01,0.07,0.0,0.7669797,1.0,1.0,0.09079649,0.0,0.0021419525,0.0,0.0,0.07852316,0.0
0.0,0.0,0.029411765,0.2,0.0,0.0,0.0,0.0,0.0,0.0,0.0,0.0,0.0,0.0,0.0,0.0,0.0,0.0,0.0,0.0,0.0,0.005109757,0.016719311,0.0332681,0.0,0.0,1.0,1.0,0.07,0.07,0.0,0.7759397,1.0,1.0,0.09348639,0.0,0.0021867156,0.0,0.0,0.080191046,0.0
0.0,0.0,0.13235295,0.8,0.0,3.2691223e-05,0.0,0.0,0.0,0.0053832233,0.0,0.0,0.0,0.0,0.0,0.0,0.0,0.0,0.0,0.0,0.0,0.010883242,0.01847937,0.0019569471,1.0,1.0,0.0,0.0,1.0,0.0,0.0,0.7913619,1.0,1.0,0.09587058,0.0,0.0,0.0,0.0,0.08949101,0.0
0.0,0.0,0.073529415,0.2,0.0,0.0,0.0,0.0,0.0,0.0,0.0,0.0,0.0,0.0,0.0,0.0,0.0,0.0,0.0,0.0,0.0,0.0057133734,0.016590029,0.037181996,0.0,0.0,1.0,1.0,0.07,0.06,0.0,0.7772751,1.0,1.0,0.09400871,0.0,0.001928255,0.0,0.0,0.08078778,0.0
0.0,0.0,0.029411765,0.1,0.0,0.0,0.0,0.0,0.0,0.0,0.0,0.0,0.0,0.0,0.0,0.0,0.0,0.0,0.0,0.0,0.0,0.0,0.023191534,0.021526419,1.0,1.0,0.0,0.0,0.05,0.07,0.0,0.77851486,1.0,1.0,0.08885897,0.0,0.0,0.0,0.0,0.08968648,0.0
0.0,0.0,0.029411765,0.2,0.0,0.0,0.0,0.0,0.0,0.0,0.0,0.0,0.0,0.0,0.0,0.0,0.0,0.0,0.0,0.0,0.0,0.0,0.017245874,0.01369863,0.0,0.0,1.0,1.0,0.07,0.07,0.0,0.7626711,1.0,1.0,0.08937109,0.0,0.0030735582,0.0,0.0,0.07622433,0.0
0.0,1.0,0.36764705,0.0,1.6426413e-05,0.0,0.0,0.0,0.0,0.002214253,0.0,0.0,0.0,0.0,0.0,0.0,0.0,0.0,0.0,0.0,0.0,0.0145326555,0.014608182,0.45401174,0.0,0.0,0.0,0.0,1.0,0.0,0.0,0.78299904,1.0,1.0,0.09717166,0.0,0.004189864,0.0,0.0,0.085401,0.0
0.0,0.0,0.3529412,0.2,0.0,0.0,0.0,0.0,0.0,0.0,0.0,0.0,0.0,0.0,0.0,0.0,0.0,0.0,0.0,0.0,0.0,0.0,0.017240167,0.015655577,0.0,0.0,1.0,1.0,0.08,0.06,0.0,0.7625146,1.0,1.0,0.08932721,0.0,0.0031229556,0.0,0.0,0.07613528,0.0
0.0,0.0,0.029411765,0.2,0.0,0.0,0.0,0.0,0.0,0.0,0.0,0.0,0.0,0.0,0.0,0.0,0.0,0.0,0.0,0.0,0.0,0.00030565262,0.016982488,0.0058708414,0.0,0.0,1.0,1.0,0.01,0.06,0.0,0.7683909,1.0,1.0,0.091328375,0.0,0.0018200129,0.0,0.0,0.079200506,0.0
0.035657976,0.0,0.04411765,0.3,0.001178245,0.0,0.0,0.0,0.0,0.029404849,0.0,0.0,0.0,0.0,0.0,0.0,0.0017701313,0.011274397,0.0,0.0,0.0,0.049485892,0.009734906,0.017612524,0.0,0.0,1.0,1.0,1.0,0.0,0.0,0.83720136,1.0,1.0,0.115266524,0.0,0.009355158,0.0,0.0,0.079601735,0.0
0.0,0.0,0.029411765,0.2,0.0,0.0,0.0,0.0,0.0,0.0,0.0,0.0,0.0,0.0,0.0,0.0,0.0,0.0,0.0,0.0,0.0,0.0,0.017135806,0.0039138943,0.0,0.0,1.0,1.0,0.01,0.06,0.0,0.7652745,1.0,1.0,0.09029304,0.0,0.002256915,0.0,0.0,0.077943444,0.0
0.0,0.0,0.04411765,0.1,0.0,0.0,0.0,0.0,0.0,0.022377372,0.0,0.0,0.0,0.0,0.0,0.0,0.0,0.001205951,0.0,0.0,0.0,0.037543416,0.014096372,0.021526419,1.0,1.0,0.0,0.0,1.0,0.0,0.0,0.8246448,1.0,1.0,0.108126424,0.0,0.005681053,0.0,0.0,0.08520815,0.0
0.0,0.0,0.20588236,0.1,0.0,0.0,0.0,0.0,0.0,0.0,0.0,0.0,0.0,0.0,0.0,0.0,0.0,0.0,0.0,0.0,0.0,0.0,0.023547456,0.009784736,1.0,1.0,0.0,0.0,0.03,0.1,0.0,0.7728274,1.0,1.0,0.086932324,0.0,0.0,0.0,0.0,0.08798668,0.0
0.0,0.0,0.04411765,0.1,0.0,0.0,0.0,0.0,0.0,0.0,0.0,0.0,0.0,0.0,0.0,0.0,0.0,0.0,0.0,0.0,0.0,0.0,0.023513556,0.023483366,1.0,1.0,0.0,0.0,0.33,0.11,0.0,0.75824475,1.0,1.0,0.08283482,0.0,0.0,0.0,0.0,0.083986074,0.0
0.0,0.0,0.029411765,0.2,0.0,0.0,0.0,0.0,0.0,0.0,0.0,0.0,0.0,0.0,0.0,0.0,0.0,0.0,0.0,0.0,0.0,0.0,0.017074026,0.021526419,0.0,0.0,1.0,1.0,0.08,0.05,0.0,0.765973,1.0,1.0,0.090439685,0.0,0.0028371513,0.0,0.0,0.077221125,0.0
0.0,0.0,0.029411765,0.2,0.0,0.0,0.0,0.0,0.0,0.0,0.0,0.0,0.0,0.0,0.0,0.0,0.0,0.0,0.0,0.0,0.0,0.0039529204,0.01675038,0.023483366,0.0,0.0,1.0,1.0,0.04,0.06,0.0,0.774452,1.0,1.0,0.09312581,0.0,0.0018655062,0.0,0.0,0.08032444,0.0
0.0,0.0,0.04411765,0.1,0.0,0.0,0.0,0.0,0.0,0.013236791,0.0,0.0,0.0,0.0,0.0,0.0,0.0,0.0,0.0,0.0,0.0,0.028095722,0.013662763,0.02739726,0.21,0.21,0.79,0.79,1.0,0.0,0.0,0.807369,1.0,1.0,0.103997044,0.0,0.006427452,0.0,0.0,0.079401106,0.0
0.035796586,0.0,0.04411765,0.3,0.0008993779,0.0,0.0,0.0,0.0,0.03446281,0.0,0.0,0.0,0.0,0.0,0.0,0.002365321,0.015640885,0.0,0.0,0.0,0.05513519,0.009567909,0.019569471,0.0,0.0,1.0,1.0,1.0,0.0,0.0,0.84694695,1.0,1.0,0.11799311,0.0,0.009317517,0.0,0.0,0.081279516,0.0
1.7326518e-05,0.0,0.22058824,0.0,4.1368454e-05,0.00021769383,0.0,0.0,0.0,0.0,0.0,0.0,0.0,0.0,0.0,0.0,0.0,0.0,0.0,0.0,0.0,0.0029400885,0.010958098,0.0058708414,0.0,0.0,0.25,0.0,0.75,0.5,0.0,0.75687444,1.0,1.0,0.092947,0.0,0.0096949935,0.0,0.0,0.06545168,0.0
0.035813913,0.0,0.04411765,0.3,0.0008993779,7.4298237e-07,0.0,0.0,0.0,0.016154319,0.0,0.0,0.0,0.0,0.0,0.0,0.00019721687,0.0,0.0,0.0,0.0,0.034685493,0.010186285,0.015655577,0.0,0.0,1.0,1.0,1.0,0.0,0.0,0.8116766,1.0,1.0,0.10811236,0.0,0.00944902,0.0,0.0,0.075229555,0.0
0.0,0.0,0.029411765,0.1,0.0,0.0,0.0,0.0,0.0,0.0,0.0,0.0,0.0,0.0,0.0,0.0,0.0,0.0,0.0,0.0,0.0,0.0,0.02339761,0.023483366,1.0,1.0,0.0,0.0,0.11,0.09,0.0,0.7801467,1.0,1.0,0.08895113,0.0,0.0,0.0,0.0,0.08949432,0.0
0.0,0.0,0.029411765,0.2,0.0,0.0,0.0,0.0,0.0,0.0,0.0,0.0,0.0,0.0,0.0,0.0,0.0,0.0,0.0,0.0,0.0,7.072091e-05,0.017061211,0.025440313,0.0,0.0,1.0,1.0,0.1,0.06,0.0,0.76631486,1.0,1.0,0.09051687,0.0,0.0029883087,0.0,0.0,0.07704994,0.0
0.13213202,0.0,0.13235295,0.0,0.0,3.2691223e-05,0.0,0.0,0.0,0.0,0.0,0.0,0.0,0.0,0.0,0.0,0.0,0.0,0.0,0.0,0.0,0.0,0.019281738,0.0019569471,0.0,0.0,0.0,0.0,1.0,0.0,0.0,0.75141835,1.0,1.0,0.08417102,0.0,0.002454251,0.0,0.0,0.08110961,0.0
0.0,0.0,0.13235295,0.1,0.0,0.0,0.0,0.0,0.0,0.06109613,0.0,0.0,0.0,0.0,0.0,0.0,0.0027701557,0.026596993,0.0,0.0,0.0,0.0717707,0.019537687,0.2485323,1.0,1.0,0.0,0.0,1.0,0.0,0.0,0.89970887,1.0,1.0,0.12353089,0.0,0.0,0.0,0.0,0.11322844,0.0
0.0,0.0,0.029411765,0.2,0.0,0.0,0.0,0.0,0.0,0.0,0.0,0.0,0.0,0.0,0.0,0.0,0.0,0.0,0.0,0.0,0.0,0.0029734373,0.01683452,0.025440313,0.0,0.0,1.0,1.0,0.06,0.06,0.0,0.7723032,1.0,1.0,0.09242501,0.0,0.002210915,0.0,0.0,0.07941595,0.0
0.0,0.0,0.04411765,0.0,0.0008681168,0.0061771553,0.0,0.0,0.0,0.0,0.0,0.0,0.0,0.0,0.0,0.0,0.0,0.0,0.0,0.0,0.0,0.008511007,0.010647349,0.0058708414,0.0,0.0,0.0,0.0,1.0,0.0,0.0,0.76626086,1.0,1.0,0.09572523,0.0,0.009872928,0.0,0.0,0.066046596,0.0
0.0,0.0,0.029411765,0.2,0.0,0.0,0.0,0.0,0.0,0.0,0.0,0.0,0.0,0.0,0.0,0.0,0.0,0.0,0.0,0.0,0.0,0.0036920905,0.016807646,0.02739726,0.0,0.0,1.0,1.0,0.06,0.07,0.0,0.7735816,1.0,1.0,0.092787705,0.0,0.002159372,0.0,0.0,0.07981998,0.0
0.0,1.0,0.36764705,0.0,1.6426413e-05,0.0,0.0,0.0,0.0,0.006439775,0.0,0.0,0.0,0.0,0.0,0.0,0.0,0.0,0.0,0.0,0.0,0.01797843,0.014991172,0.8180039,0.0,0.0,0.0,0.0,1.0,0.0,0.0,0.7909601,1.0,1.0,0.09904318,0.0,0.0031070411,0.0,0.0,0.088370115,0.0
0.14124578,0.0,0.13235295,0.0,0.0,1.1144735e-05,0.0,0.0,0.0,0.0,0.0,0.0,0.0,0.0,0.0,0.0,0.0,0.0,0.0,0.0,0.0,0.0,0.034826577,0.0019569471,0.0,0.0,0.0,0.0,1.0,0.0,0.0,0.6362567,0.918936,1.0,0.036747947,0.0,0.009377837,0.0,0.0,0.06092462,0.0
0.0,0.0,0.029411765,0.1,0.0,0.0,0.0,0.0,0.0,0.0,0.0,0.0,0.0,0.0,0.0,0.0,0.0,0.0,0.0,0.0,0.0,0.0,0.023529671,0.007827789,1.0,1.0,0.0,0.0,0.03,0.09,0.0,0.7731104,1.0,1.0,0.08703818,0.0,0.0,0.0,0.0,0.08809614,0.0
0.0,0.0,0.13235295,0.8,0.0,3.2691223e-05,0.0,0.0,0.0,0.0,0.0,0.0,0.0,0.0,0.0,0.0,0.0,0.0,0.0,0.0,0.0,0.0,0.029418,0.0019569471,1.0,1.0,0.0,0.0,1.0,0.0,0.0,0.66003716,0.9494059,1.0,0.04899969,0.0,0.007222891,0.0,0.0,0.06373079,0.0
0.0,0.0,0.30882353,0.2,0.0,0.0,0.0,0.0,0.0,0.0,0.0,0.0,0.0,0.0,0.0,0.0,0.0,0.0,0.0,0.0,0.0,0.004303992,0.0167448,0.0332681,0.0,0.0,1.0,1.0,0.08,0.06,0.0,0.7744101,1.0,1.0,0.093048535,0.0,0.0023017377,0.0,0.0,0.07965881,0.0
0.0,0.0,0.029411765,0.2,0.0,0.0,0.0,0.0,0.0,0.0,0.0,0.0,0.0,0.0,0.0,0.0,0.0,0.0,0.0,0.0,0.0,0.0,0.01735828,0.0039138943,0.0,0.0,1.0,1.0,0.02,0.06,0.0,0.75938094,1.0,1.0,0.08841615,0.0,0.0030201972,0.0,0.0,0.07561645,0.0
0.0,0.0,0.04411765,0.0,0.0008681168,0.0061771553,0.0,0.0,0.0,0.0,0.0,0.0,0.0,0.0,0.0,0.0,0.0,0.0,0.0,0.0,0.0,0.009330779,0.010608606,0.009784736,0.0,0.0,0.0,0.0,1.0,0.0,0.0,0.7676816,1.0,1.0,0.09614255,0.0,0.009817079,0.0,0.0,0.066485435,0.0
0.0,0.0,0.029411765,0.2,0.0,0.0,0.0,0.0,0.0,0.0,0.0,0.0,0.0,0.0,0.0,0.0,0.0,0.0,0.0,0.0,0.0,0.0016037524,0.017032333,0.009784736,0.0,0.0,1.0,1.0,0.02,0.08,0.0,0.77023864,1.0,1.0,0.0917025,0.0,0.0020841956,0.0,0.0,0.07935774,0.0
0.0,0.0,0.029411765,0.2,0.0,0.0,0.0,0.0,0.0,0.0,0.0,0.0,0.0,0.0,0.0,0.0,0.0,0.0,0.0,0.0,0.0,0.0047716796,0.016638353,0.03522505,0.0,0.0,1.0,1.0,0.07,0.06,0.0,0.7755225,1.0,1.0,0.09348958,0.0,0.0020502955,0.0,0.0,0.08018857,0.0
0.0,1.0,0.36764705,0.0,8.276875e-06,0.0,0.0,0.0,0.0,0.002468437,0.0,0.0,0.0,0.0,0.0,0.0,0.0,0.0,0.0,0.0,0.0,0.012816459,0.015877508,1.0,0.0,0.0,0.0,0.0,1.0,0.0,0.0,0.7840911,1.0,1.0,0.09652423,0.0,0.002469018,0.0,0.0,0.08689347,0.0
0.0,0.0,0.45588234,0.2,0.0,0.0,0.0,0.0,0.0,0.0,0.0,0.0,0.0,0.0,0.0,0.0,0.0,0.0,0.0,0.0,0.0,0.002745688,0.016813807,0.031311154,0.0,0.0,1.0,1.0,0.08,0.06,0.0,0.7715757,1.0,1.0,0.09222367,0.0,0.0024347454,0.0,0.0,0.07887709,0.0
0.0,0.0,0.04411765,0.0,0.0008681168,0.0061771553,0.0,0.0,0.0,0.0,0.0,0.0,0.0,0.0,0.0,0.0,0.0,0.0,0.0,0.0,0.0,0.0033842921,0.010812417,0.037181996,0.0,0.0,0.0,0.0,1.0,0.0,0.11,0.7575022,1.0,1.0,0.093268,0.0,0.009819508,0.0,0.0,0.06481844,0.0
0.0,0.0,0.47058824,0.2,0.0,0.0,0.0,0.0,0.0,0.0,0.0,0.0,0.0,0.0,0.0,0.0,0.0,0.0,0.0,0.0,0.0,0.00039160252,0.017054766,0.007827789,0.0,0.0,1.0,1.0,0.02,0.07,0.0,0.76809466,1.0,1.0,0.09112088,0.0,0.0021521002,0.0,0.0,0.07869461,0.0
0.0,0.0,0.029411765,0.2,0.0,0.0,0.0,0.0,0.0,0.0,0.0,0.0,0.0,0.0,0.0,0.0,0.0,0.0,0.0,0.0,0.0,0.005392343,0.016597703,0.039138943,0.0,0.0,1.0,1.0,0.08,0.06,0.0,0.77648103,1.0,1.0,0.09377008,0.0,0.0021098405,0.0,0.0,0.080271006,0.0
0.13478298,0.0,0.13235295,0.0,0.0,3.2691223e-05,0.0,0.0,0.0,0.018996745,0.0,0.0,0.0,0.0,0.0,0.0,0.0,0.0,0.0,0.0,0.0,0.025953263,0.01900094,0.0019569471,0.0,0.0,0.0,0.0,1.0,0.0,0.0,0.8181578,1.0,1.0,0.102426745,0.0,0.0,0.0,0.0,0.09525645,0.0
0.0,0.0,0.04411765,0.0,0.0008681168,0.0061771553,0.0,0.0,0.0,0.0,0.0,0.0,0.0,0.0,0.0,0.0,0.0,0.0,0.0,0.0,0.0,0.008075088,0.010720201,0.039138943,0.0,0.0,0.0,0.0,1.0,0.0,0.1,0.7656156,1.0,1.0,0.09549119,0.0,0.009763584,0.0,0.0,0.06637564,0.0
0.013878541,0.0,0.04411765,0.3,0.0012247227,0.0,0.0,0.0,0.0,0.0,0.0,0.0,0.0,0.0,0.0,0.0,0.0,0.0,0.0,0.0,0.0,0.012275159,0.010628395,0.04696673,0.0,0.0,1.0,1.0,1.0,0.0,0.0,0.77292156,1.0,1.0,0.09749999,0.0,0.009691715,0.0,0.0,0.06783399,0.0
0.03586589,0.0,0.04411765,0.3,0.0008993779,0.0,0.0,0.0,0.0,0.012762487,0.0,0.0,0.0,0.0,0.0,0.0,0.0,0.0,0.0,0.0,0.0,0.030880034,0.010298036,0.023483366,0.0,0.0,1.0,1.0,1.0,0.0,0.0,0.80514264,1.0,1.0,0.10628822,0.0,0.009460479,0.0,0.0,0.074094504,0.0
0.0,0.0,0.029411765,0.2,0.0,0.0,0.0,0.0,0.0,0.0,0.0,0.0,0.0,0.0,0.0,0.0,0.0,0.0,0.0,0.0,0.0,0.0004839003,0.017007656,0.0332681,0.0,0.0,1.0,1.0,0.16,0.06,0.0,0.76665485,1.0,1.0,0.090624265,0.0,0.0032293946,0.0,0.0,0.07666305,0.0
0.0,1.0,0.36764705,0.0,1.6044403e-05,0.0,0.0,0.0,0.0,0.0,0.0,0.0,0.0,0.0,0.0,0.0,0.0,0.0,0.0,0.0,0.0,0.011718065,0.014249839,0.16242662,0.0,0.0,0.0,0.0,1.0,0.0,0.0,0.77717364,1.0,1.0,0.09594744,0.0,0.0048176497,0.0,0.0,0.08256796,0.0
0.0,0.0,0.38235295,0.1,0.0,0.0,0.0,0.0,0.0,0.0,0.0,0.0,0.0,0.0,0.0,0.0,0.0,0.0,0.0,0.0,0.0,0.0,0.023603484,0.017612524,1.0,1.0,0.0,0.0,0.08,0.07,0.0,0.7718028,1.0,1.0,0.08656909,0.0,0.0,0.0,0.0,0.087473184,0.0
0.0,0.0,0.0,0.2,0.0,0.0,0.0,0.0,0.0,0.0,0.0,0.0,0.0,0.0,0.0,0.0,0.0,0.0,0.0,0.0,0.0,0.0038211346,0.01675319,0.025440313,0.0,0.0,1.0,1.0,0.05,0.06,0.0,0.77410567,1.0,1.0,0.0930194,0.0,0.0019431412,0.0,0.0,0.08015728,0.0
0.0,0.0,0.029411765,0.2,0.0,0.0,0.0,0.0,0.0,0.0,0.0,0.0,0.0,0.0,0.0,0.0,0.0,0.0,0.0,0.0,0.0,0.002244264,0.016847953,0.039138943,0.0,0.0,1.0,1.0,0.13,0.06,0.0,0.7699709,1.0,1.0,0.09168985,0.0,0.002964735,0.0,0.0,0.07769036,0.0
0.0,0.0,0.029411765,0.1,0.0,0.0,0.0,0.0,0.0,0.0,0.0,0.0,0.0,0.0,0.0,0.0,0.0,0.0,0.0,0.0,0.0,0.0,0.023603037,0.023483366,1.0,1.0,0.0,0.0,0.12,0.07,0.0,0.7725395,1.0,1.0,0.08673536,0.0,0.0,0.0,0.0,0.08751601,0.0
0.0,0.0,0.04411765,0.0,0.0008681168,0.0061771553,0.0,0.0,0.0,0.0,0.0,0.0,0.0,0.0,0.0,0.0,0.0,0.0,0.0,0.0,0.0,0.0,0.011322476,0.009784736,0.0,0.0,0.0,0.0,1.0,0.0,0.0,0.7463615,1.0,1.0,0.08983181,0.0,0.009754509,0.0,0.0,0.06367797,0.0
0.0,1.0,0.36764705,0.0,1.6044403e-05,0.0,0.0,0.0,0.0,0.004312873,0.0,0.0,0.0,0.0,0.0,0.0,0.0,0.0,0.0,0.0,0.0,0.01633063,0.014824398,0.64187866,0.0,0.0,0.0,0.0,1.0,0.0,0.0,0.78690946,1.0,1.0,0.098038666,0.0,0.0037171692,0.0,0.0,0.08709693,0.0
0.0,0.0,0.13235295,0.8,0.0,3.2691223e-05,0.0,0.0,0.0,0.010058105,0.0,0.0,0.0,0.0,0.0,0.0,0.0,0.0,0.0,0.0,0.0,0.01599878,0.018762462,0.0019569471,1.0,1.0,0.0,0.0,1.0,0.0,0.0,0.8006537,1.0,1.0,0.098053776,0.0,0.0,0.0,0.0,0.09151006,0.0
0.0,0.0,0.029411765,0.2,0.0,0.0,0.0,0.0,0.0,0.0,0.0,0.0,0.0,0.0,0.0,0.0,0.0,0.0,0.0,0.0,0.0,0.0,0.017082408,0.021526419,0.0,0.0,1.0,1.0,0.08,0.06,0.0,0.7648227,1.0,1.0,0.090126924,0.0,0.002895832,0.0,0.0,0.07684499,0.0
0.0,0.0,0.04411765,0.1,0.0,0.0,0.0,0.0,0.0,0.034146518,0.0,0.0,0.0,0.0,0.0,0.0,0.0011368096,0.012035638,0.0,0.0,0.0,0.050965816,0.01323735,0.056751467,0.48,0.48,0.48,0.48,1.0,0.0,0.0,0.84726274,1.0,1.0,0.11491034,0.0,0.0058692247,0.0,0.0,0.08800033,0.0
0.013843888,0.0,0.04411765,0.3,0.00094585575,0.0,0.0,0.0,0.0,0.03363672,0.0,0.0,0.0,0.0,0.0,0.0,0.0025560558,0.014168203,0.0,0.0,0.0,0.053864777,0.009334788,0.1741683,0.02,0.02,0.98,0.98,1.0,0.0,0.0,0.84474003,1.0,1.0,0.11765783,0.0,0.009084225,0.0,0.0,0.08178419,0.0
0.013947847,0.0,0.04411765,0.3,0.00096909463,7.4298237e-07,0.0,0.0,0.0,0.012499332,0.0,0.0,0.0,0.0,0.0,0.0,0.00013867766,0.0,0.0,0.0,0.0,0.030543476,0.009988226,0.09784736,0.0,0.0,1.0,1.0,1.0,0.0,0.0,0.8043686,1.0,1.0,0.106395654,0.0,0.0094739795,0.0,0.0,0.07378659,0.0
0.0,0.0,0.029411765,0.2,0.0,0.0,0.0,0.0,0.0,0.0,0.0,0.0,0.0,0.0,0.0,0.0,0.0,0.0,0.0,0.0,0.0,0.0012849867,0.016940035,0.039138943,0.0,0.0,1.0,1.0,0.19,0.06,0.0,0.7679312,1.0,1.0,0.09101724,0.0,0.0032677203,0.0,0.0,0.07685149,0.0
0.0,0.0,0.6764706,0.5,0.0,0.0,0.0,0.0,0.0,0.0,0.0,0.0,0.0,0.0,0.0,0.0,0.0,0.0,0.0,0.0,0.0,0.003927976,0.01670035,0.031311154,0.0,0.0,1.0,1.0,0.06,0.06,0.0,0.7740897,1.0,1.0,0.09305268,0.0,0.0020612478,0.0,0.0,0.07991108,0.0
0.0,0.0,0.029411765,0.1,0.0,0.0,0.0,0.0,0.0,0.0,0.0,0.0,0.0,0.0,0.0,0.0,0.0,0.0,0.0,0.0,0.0,0.0,0.023485355,0.019569471,1.0,1.0,0.0,0.0,0.07,0.09,0.0,0.77456915,1.0,1.0,0.08743296,0.0,0.0,0.0,0.0,0.088271916,0.0
0.0,0.0,0.029411765,0.1,0.0,0.0,0.0,0.0,0.0,0.0,0.0,0.0,0.0,0.0,0.0,0.0,0.0,0.0,0.0,0.0,0.0,0.0,0.023132406,0.031311154,1.0,1.0,0.0,0.0,0.07,0.06,0.0,0.78021646,1.0,1.0,0.089344986,0.0,0.0,0.0,0.0,0.08995715,0.0
0.0,0.0,0.47058824,0.1,0.0,0.0,0.0,0.0,0.0,0.0,0.0,0.0,0.0,0.0,0.0,0.0,0.0,0.0,0.0,0.0,0.0,0.0,0.023449555,0.007827789,1.0,1.0,0.0,0.0,0.02,0.09,0.0,0.7741977,1.0,1.0,0.08743211,0.0,0.0,0.0,0.0,0.08848795,0.0
1.7326518e-05,0.0,0.22058824,0.0,4.1368454e-05,0.00021769383,0.0,0.0,0.0,0.0,0.0,0.0,0.0,0.0,0.0,0.0,0.0,0.0,0.0,0.0,0.0,0.004723817,0.011190094,0.0039138943,0.0,0.0,0.0,0.0,1.0,0.0,0.0,0.76024354,1.0,1.0,0.09358796,0.0,0.009349495,0.0,0.0,0.06786254,0.0
0.0,0.0,0.029411765,0.2,0.0,0.0,0.0,0.0,0.0,0.0,0.0,0.0,0.0,0.0,0.0,0.0,0.0,0.0,0.0,0.0,0.0,0.0001579225,0.017062694,0.023483366,0.0,0.0,1.0,1.0,0.09,0.07,0.0,0.7665663,1.0,1.0,0.090592004,0.0,0.0029248446,0.0,0.0,0.07717803,0.0
0.012960236,0.0,0.04411765,0.3,0.001410634,0.0,0.0,0.0,0.0,0.0,0.0,0.0,0.0,0.0,0.0,0.0,0.0,0.0,0.0,0.0,0.0,0.0,0.011728719,0.0058708414,0.0,0.0,1.0,1.0,1.0,0.0,0.0,0.74684834,1.0,1.0,0.08957962,0.0,0.009768665,0.0,0.0,0.06306589,0.0
0.0,0.0,0.029411765,0.2,0.0,0.0,0.0,0.0,0.0,0.0,0.0,0.0,0.0,0.0,0.0,0.0,0.0,0.0,0.0,0.0,0.0,0.0018047392,0.016922995,0.03522505,0.0,0.0,1.0,1.0,0.13,0.07,0.0,0.7692138,1.0,1.0,0.09140929,0.0,0.002987519,0.0,0.0,0.07759386,0.0
0.0,0.0,0.4117647,0.2,0.0,0.0,0.0,0.0,0.0,0.0,0.0,0.0,0.0,0.0,0.0,0.0,0.0,0.0,0.0,0.0,0.0,0.0053294003,0.016584821,0.03522505,0.0,0.0,1.0,1.0,0.06,0.05,0.0,0.77670836,1.0,1.0,0.093880616,0.0,0.0018741637,0.0,0.0,0.08067632,0.0
0.12859742,0.0,0.13235295,0.0,0.0,3.2691223e-05,0.0,0.0,0.0,0.0,0.0,0.0,0.0,0.0,0.0,0.0,0.0,0.0,0.0,0.0,0.0,0.0,0.018377997,0.0019569471,0.0,0.0,0.0,0.0,1.0,0.0,0.0,0.7344439,1.0,1.0,0.08036775,0.0,0.004029587,0.0,0.0,0.075487226,0.0
0.0,0.0,0.04411765,0.0,0.0008681168,0.0061771553,0.0,0.0,0.0,0.0,0.0,0.0,0.0,0.0,0.0,0.0,0.0,0.0,0.0,0.0,0.0,0.0033842921,0.010812417,0.0058708414,0.0,0.0,0.0,0.0,1.0,0.0,0.0,0.7575022,1.0,1.0,0.093268,0.0,0.009819508,0.0,0.0,0.06481844,0.0
0.0,0.0,0.029411765,0.1,0.0,0.0,0.0,0.0,0.0,0.0,0.0,0.0,0.0,0.0,0.0,0.0,0.0,0.0,0.0,0.0,0.0,0.0,0.023317896,0.01369863,1.0,1.0,0.0,0.0,0.03,0.07,0.0,0.77550936,1.0,1.0,0.08794167,0.0,0.0,0.0,0.0,0.08892879,0.0
0.036021832,0.0,0.04411765,0.3,0.001155006,0.0,0.0,0.0,0.0,0.0,0.0,0.0,0.0,0.0,0.0,0.0,0.0,0.0,0.0,0.0,0.0,0.012874126,0.010810368,0.017612524,0.0,0.0,1.0,1.0,1.0,0.0,0.0,0.7740011,1.0,1.0,0.09759439,0.0,0.009653673,0.0,0.0,0.06846073,0.0
0.0,0.0,0.029411765,0.2,0.0,0.0,0.0,0.0,0.0,0.0,0.0,0.0,0.0,0.0,0.0,0.0,0.0,0.0,0.0,0.0,0.0,0.0053727627,0.01665143,0.039138943,0.0,0.0,1.0,1.0,0.08,0.06,0.0,0.7762557,1.0,1.0,0.093629204,0.0,0.0022555739,0.0,0.0,0.08008134,0.0
0.0,0.0,0.029411765,0.1,0.0,0.0,0.0,0.0,0.0,0.0,0.0,0.0,0.0,0.0,0.0,0.0,0.0,0.0,0.0,0.0,0.0,0.0,0.023188762,0.031311154,1.0,1.0,0.0,0.0,0.08,0.06,0.0,0.77945125,1.0,1.0,0.089067824,0.0,0.0,0.0,0.0,0.08968142,0.0
0.0,0.0,0.029411765,0.2,0.0,0.0,0.0,0.0,0.0,0.0,0.0,0.0,0.0,0.0,0.0,0.0,0.0,0.0,0.0,0.0,0.0,0.0043749213,0.016718432,0.037181996,0.0,0.0,1.0,1.0,0.09,0.08,0.0,0.7744291,1.0,1.0,0.09307025,0.0,0.0023511052,0.0,0.0,0.0796172,0.0
0.0,0.0,0.44117647,0.2,0.0,0.0,0.0,0.0,0.0,0.0,0.0,0.0,0.0,0.0,0.0,0.0,0.0,0.0,0.0,0.0,0.0,0.0,0.017218716,0.011741683,0.0,0.0,1.0,1.0,0.04,0.07,0.0,0.7629317,1.0,1.0,0.08950036,0.0,0.002859041,0.0,0.0,0.07661858,0.0
0.0,0.0,0.029411765,0.1,0.0,0.0,0.0,0.0,0.0,0.0,0.0,0.0,0.0,0.0,0.0,0.0,0.0,0.0,0.0,0.0,0.0,0.0,0.023637652,0.0039138943,1.0,1.0,0.0,0.0,0.01,0.07,0.0,0.7690668,1.0,1.0,0.085873134,0.0,0.0,0.0,0.0,0.08714038,0.0
0.0,0.0,0.04411765,0.2,0.0,0.0,0.0,0.0,0.0,0.0010412335,0.0,0.0,0.0,0.0,0.0,0.0,0.0,0.0,0.0,0.0,0.0,0.011979938,0.016352192,0.0019569471,0.0,0.0,1.0,1.0,1.0,0.0,0.0,0.78461266,1.0,1.0,0.09577157,0.0,0.0041336566,0.0,0.0,0.07914448,0.0
0.0,0.0,0.25,0.1,0.0,0.0,0.0,0.0,0.0,0.0,0.0,0.0,0.0,0.0,0.0,0.0,0.0,0.0,0.0,0.0,0.0,0.0,0.023653634,0.011741683,1.0,1.0,0.0,0.0,0.14,0.19,0.0,0.77616453,1.0,1.0,0.08759796,0.0,0.0,0.0,0.0,0.08841869,0.0
0.0,0.0,0.04411765,0.1,0.0,0.0,0.0,0.0,0.0,0.019941032,0.0,0.0,0.0,0.0,0.0,0.0,0.0,0.0,0.0,0.0,0.0,0.035028607,0.014018416,0.017612524,1.0,1.0,0.0,0.0,1.0,0.0,0.0,0.820071,1.0,1.0,0.10699534,0.0,0.005879119,0.0,0.0,0.08368781,0.0
0.0,0.0,0.3529412,0.1,0.0,0.0,0.0,0.0,0.0,0.0,0.0,0.0,0.0,0.0,0.0,0.0,0.0,0.0,0.0,0.0,0.0,0.0,0.023396775,0.039138943,1.0,1.0,0.0,0.0,0.16,0.07,0.0,0.7775698,1.0,1.0,0.08825918,0.0,0.0,0.0,0.0,0.08866832,0.0
0.0,0.0,0.029411765,0.2,0.0,0.0,0.0,0.0,0.0,0.0,0.0,0.0,0.0,0.0,0.0,0.0,0.0,0.0,0.0,0.0,0.0,0.005376786,0.016632088,0.03522505,0.0,0.0,1.0,1.0,0.07,0.06,0.0,0.7766253,1.0,1.0,0.09378671,0.0,0.0019987524,0.0,0.0,0.08054522,0.0
0.0,0.0,0.04411765,0.0,0.0008681168,0.0061771553,0.0,0.0,0.0,0.0,0.0,0.0,0.0,0.0,0.0,0.0,0.0,0.0,0.0,0.0,0.0,0.007214129,0.010671616,0.009784736,0.0,0.0,0.0,0.0,1.0,0.0,0.0,0.76403546,1.0,1.0,0.09512261,0.0,0.009831026,0.0,0.0,0.06584403,0.0
0.0,0.0,0.029411765,0.2,0.0,0.0,0.0,0.0,0.0,0.0,0.0,0.0,0.0,0.0,0.0,0.0,0.0,0.0,0.0,0.0,0.0,0.0,0.017365389,0.0019569471,0.0,0.0,1.0,1.0,0.01,0.06,0.0,0.7588825,1.0,1.0,0.088295065,0.0,0.002918467,0.0,0.0,0.075698584,0.0
0.0,0.0,0.20588236,0.1,0.0,0.0,0.0,0.0,0.0,0.0,0.0,0.0,0.0,0.0,0.0,0.0,0.0,0.0,0.0,0.0,0.0,0.0,0.023312017,0.01369863,1.0,1.0,0.0,0.0,0.03,0.06,0.0,0.77558994,1.0,1.0,0.087970816,0.0,0.0,0.0,0.0,0.088957876,0.0
0.0,0.0,0.029411765,0.2,0.0,0.0,0.0,0.0,0.0,0.0,0.0,0.0,0.0,0.0,0.0,0.0,0.0,0.0,0.0,0.0,0.0,0.00499475,0.016616918,0.03522505,0.0,0.0,1.0,1.0,0.06,0.06,0.0,0.7759968,1.0,1.0,0.09364595,0.0,0.001979813,0.0,0.0,0.08038372,0.0
0.0,0.0,0.63235295,0.5,0.0,0.0,0.0,0.0,0.0,0.0,0.0,0.0,0.0,0.0,0.0,0.0,0.0,0.0,0.0,0.0,0.0,0.0,0.017203659,0.015655577,0.0,0.0,1.0,1.0,0.07,0.06,0.0,0.76236045,1.0,1.0,0.089342885,0.0,0.0030335784,0.0,0.0,0.076168895,0.0
0.013843888,0.0,0.04411765,0.3,0.001178245,0.0,0.0,0.0,0.0,0.0,0.0,0.0,0.0,0.0,0.0,0.0,0.0,0.0,0.0,0.0,0.0,0.002313584,0.011351466,0.019569471,0.0,0.0,1.0,1.0,1.0,0.0,0.0,0.756147,1.0,1.0,0.09238974,0.0,0.00974068,0.0,0.0,0.064762086,0.0
0.0,0.0,0.029411765,0.1,0.0,0.0,0.0,0.0,0.0,0.0,0.0,0.0,0.0,0.0,0.0,0.0,0.0,0.0,0.0,0.0,0.0,0.0,0.023504704,0.0039138943,1.0,1.0,0.0,0.0,0.01,0.08,0.0,0.772076,1.0,1.0,0.08682824,0.0,0.0,0.0,0.0,0.088034004,0.0
0.0,0.0,0.029411765,0.2,0.0,0.0,0.0,0.0,0.0,0.0,0.0,0.0,0.0,0.0,0.0,0.0,0.0,0.0,0.0,0.0,0.0,0.0027970374,0.016841665,0.02739726,0.0,0.0,1.0,1.0,0.06,0.07,0.0,0.77186215,1.0,1.0,0.092287265,0.0,0.002302587,0.0,0.0,0.079209775,0.0
0.0,0.0,0.029411765,0.1,0.0,0.0,0.0,0.0,0.0,0.0,0.0,0.0,0.0,0.0,0.0,0.0,0.0,0.0,0.0,0.0,0.0,0.0,0.02382996,0.007827789,1.0,1.0,0.0,0.0,0.11,0.18,0.0,0.77023995,1.0,1.0,0.085863344,0.0,0.0,0.0,0.0,0.08687085,0.0
0.0,0.0,0.04411765,0.0,0.0008681168,0.0061771553,0.0,0.0,0.0,0.0,0.0,0.0,0.0,0.0,0.0,0.0,0.0,0.0,0.0,0.0,0.0,0.0050974786,0.010734588,0.009784736,0.0,0.0,0.0,0.0,1.0,0.0,0.0,0.76038945,1.0,1.0,0.0941027,0.0,0.0098450035,0.0,0.0,0.06520268,0.0
0.0,0.0,0.029411765,0.5,0.0,0.0,0.0,0.0,0.0,0.0,0.0,0.0,0.0,0.0,0.0,0.0,0.0,0.0,0.0,0.0,0.0,0.0011794269,0.016921446,0.037181996,0.0,0.0,1.0,1.0,0.15,0.06,0.0,0.7680019,1.0,1.0,0.09108388,0.0,0.0030814111,0.0,0.0,0.07716772,0.0
0.0,1.0,0.36764705,0.0,8.08587e-06,0.0,0.0,0.0,0.0,0.0073378086,0.0,0.0,0.0,0.0,0.0,0.0,0.0,0.0,0.0,0.0,0.0,0.018674135,0.015061602,0.8923679,0.0,0.0,0.0,0.0,1.0,0.0,0.0,0.79267013,1.0,1.0,0.09946736,0.0,0.0028494,0.0,0.0,0.08890766,0.0
0.0,0.0,0.029411765,0.2,0.0,0.0,0.0,0.0,0.0,0.0,0.0,0.0,0.0,0.0,0.0,0.0,0.0,0.0,0.0,0.0,0.0,0.000500679,0.017498598,0.0058708414,0.03,0.0,0.97,1.0,0.01,0.07,0.0,0.7690991,1.0,1.0,0.091002606,0.0,0.0017879754,0.0,0.0,0.079529285,0.0
0.0,0.0,0.029411765,0.2,0.0,0.0,0.0,0.0,0.0,0.02980715,0.0,0.0,0.0,0.0,0.0,0.0,0.00094385445,0.0018521845,0.0,0.0,0.0,0.039503872,0.016369298,0.0058708414,0.0,0.0,1.0,1.0,1.0,0.0,0.0,0.8372152,1.0,1.0,0.10974277,0.0,0.0006157309,0.0,0.0,0.09750718,0.0
0.0,0.0,0.029411765,0.2,0.0,0.0,0.0,0.0,0.0,0.0,0.0,0.0,0.0,0.0,0.0,0.0,0.0,0.0,0.0,0.0,0.0,0.0,0.017198674,0.017612524,0.0,0.0,1.0,1.0,0.08,0.06,0.0,0.76281154,1.0,1.0,0.089448266,0.0,0.0031424016,0.0,0.0,0.07606724,0.0
0.0,0.0,0.029411765,0.1,0.0,0.0,0.0,0.0,0.0,0.0,0.0,0.0,0.0,0.0,0.0,0.0,0.0,0.0,0.0,0.0,0.0,0.0,0.023454487,0.019569471,1.0,1.0,0.0,0.0,0.07,0.09,0.0,0.77559066,1.0,1.0,0.0877355,0.0,0.0,0.0,0.0,0.08854464,0.0
0.0,0.0,0.029411765,0.2,0.0,0.0,0.0,0.0,0.0,0.0,0.0,0.0,0.0,0.0,0.0,0.0,0.0,0.0,0.0,0.0,0.0,0.0,0.017137676,0.015655577,0.0,0.0,1.0,1.0,0.05,0.07,0.0,0.76575184,1.0,1.0,0.09032818,0.0,0.0027542412,0.0,0.0,0.07736975,0.0
0.0,0.0,0.029411765,0.2,0.0,0.0,0.0,0.0,0.0,0.0,0.0,0.0,0.0,0.0,0.0,0.0,0.0,0.0,0.0,0.0,0.0,0.0031268597,0.01676803,0.025440313,0.0,0.0,1.0,1.0,0.05,0.06,0.0,0.7728132,1.0,1.0,0.092659675,0.0,0.0020228922,0.0,0.0,0.07972264,0.0
0.13053799,0.0,0.13235295,0.0,0.0,3.2691223e-05,0.0,0.0,0.0,0.0,0.0,0.0,0.0,0.0,0.0,0.0,0.0,0.0,0.0,0.0,0.0,0.0,0.018898718,0.0019569471,0.0,0.0,0.0,0.0,1.0,0.0,0.0,0.7442459,1.0,1.0,0.08255472,0.0,0.0031091422,0.0,0.0,0.07906523,0.0
0.0,0.0,0.04411765,0.3,0.0005344951,0.0010847542,0.0,0.0,0.0,0.0,0.0,0.0,0.0,0.0,0.0,0.0,0.0,0.0,0.0,0.0,0.0,0.009802252,0.010672629,0.007827789,0.0,0.0,0.75,0.75,1.0,0.0,0.0,0.7685901,1.0,1.0,0.096316956,0.0,0.009771749,0.0,0.0,0.06682113,0.0
0.0,0.0,0.029411765,0.2,0.0,0.0,0.0,0.0,0.0,0.0,0.0,0.0,0.0,0.0,0.0,0.0,0.0,0.0,0.0,0.0,0.0,0.0,0.017131843,0.021526419,0.0,0.0,1.0,1.0,0.09,0.08,0.0,0.7646922,1.0,1.0,0.0900174,0.0,0.0030274391,0.0,0.0,0.07669437,0.0
1.7326518e-05,0.0,0.22058824,0.0,4.1368454e-05,0.00021769383,0.0,0.0,0.0,0.0,0.0,0.0,0.0,0.0,0.0,0.0,0.0,0.0,0.0,0.0,0.0,0.0,0.013563149,0.0039138943,0.0,0.0,0.0,0.0,1.0,0.0,0.0,0.7520908,1.0,1.0,0.08936321,0.0,0.007096097,0.0,0.0,0.07288286,0.0
0.0,0.0,0.029411765,0.5,0.0,0.0,0.0,0.0,0.0,0.0,0.0,0.0,0.0,0.0,0.0,0.0,0.0,0.0,0.0,0.0,0.0,0.000908792,0.01698558,0.011741683,0.0,0.0,1.0,1.0,0.02,0.06,0.0,0.7690624,1.0,1.0,0.09145544,0.0,0.0020605624,0.0,0.0,0.07904318,0.0
0.0,0.0,0.7058824,0.2,0.0,0.0,0.0,0.0,0.0,0.0,0.0,0.0,0.0,0.0,0.0,0.0,0.0,0.0,0.0,0.0,0.0,0.0028639138,0.016835906,0.019569471,0.0,0.0,1.0,1.0,0.04,0.07,0.0,0.7724973,1.0,1.0,0.09251686,0.0,0.0019540936,0.0,0.0,0.079832286,0.0
0.0,0.0,0.3529412,0.2,0.0,0.0,0.0,0.0,0.0,0.0,0.0,0.0,0.0,0.0,0.0,0.0,0.0,0.0,0.0,0.0,0.0,6.997585e-05,0.016999729,0.02739726,0.0,0.0,1.0,1.0,0.09,0.05,0.0,0.7664311,1.0,1.0,0.09062945,0.0,0.0028848648,0.0,0.0,0.077169955,0.0
0.015732478,0.0,0.04411765,0.3,1.6299076e-05,0.0,0.0,0.0,0.0,0.030613005,0.0,0.0,0.0,0.0,0.0,0.0,0.0021998137,0.011668682,0.0,0.0,0.0,0.050525963,0.00944031,0.16046967,0.02,0.02,0.98,0.98,1.0,0.0,0.0,0.8389734,1.0,1.0,0.11603733,0.0,0.009136602,0.0,0.0,0.080651015,0.0
0.0139825,0.0,0.04411765,0.3,0.0012014838,0.0,0.0,0.0,0.0,0.011733025,0.0,0.0,0.0,0.0,0.0,0.0,5.7183206e-05,0.0,0.0,0.0,0.0,0.02964893,0.01000873,0.11154599,0.0,0.0,1.0,1.0,1.0,0.0,0.0,0.802843,1.0,1.0,0.10597632,0.0,0.009449407,0.0,0.0,0.07363698,0.0
0.0,0.0,0.029411765,0.1,0.0,0.0,0.0,0.0,0.0,0.0,0.0,0.0,0.0,0.0,0.0,0.0,0.0,0.0,0.0,0.0,0.0,0.0,0.02354119,0.021526419,1.0,1.0,0.0,0.0,0.08,0.07,0.0,0.7725656,1.0,1.0,0.086838804,0.0,0.0,0.0,0.0,0.08773327,0.0
0.0,0.0,0.029411765,0.2,0.0,0.0,0.0,0.0,0.0,0.0,0.0,0.0,0.0,0.0,0.0,0.0,0.0,0.0,0.0,0.0,0.0,0.004095942,0.01685676,0.031311154,0.05,0.0,0.95,1.0,0.07,0.06,0.0,0.77438223,1.0,1.0,0.092959456,0.0,0.0021202862,0.0,0.0,0.079968095,0.0
0.0,0.0,0.029411765,0.2,0.0,0.0,0.0,0.0,0.0,0.0,0.0,0.0,0.0,0.0,0.0,0.0,0.0,0.0,0.0,0.0,0.0,0.0005788207,0.017059885,0.0058708414,0.0,0.0,1.0,1.0,0.01,0.07,0.0,0.76860416,1.0,1.0,0.0912657,0.0,0.0020128638,0.0,0.0,0.07909432,0.0
0.0,0.0,0.029411765,0.2,0.0,0.0,0.0,0.0,0.0,0.0,0.0,0.0,0.0,0.0,0.0,0.0,0.0,0.0,0.0,0.0,0.0,0.00179708,0.016919315,0.015655577,0.0,0.0,1.0,1.0,0.03,0.07,0.0,0.7705902,1.0,1.0,0.09192362,0.0,0.002035454,0.0,0.0,0.07935971,0.0
0.0,0.0,0.6617647,0.5,0.0,0.0,0.0,0.0,0.0,0.0,0.0,0.0,0.0,0.0,0.0,0.0,0.0,0.0,0.0,0.0,0.0,0.0,0.017192364,0.0019569471,0.0,0.0,1.0,1.0,0.0,0.07,0.0,0.7646456,1.0,1.0,0.09006246,0.0,0.002286762,0.0,0.0,0.07787496,0.0
0.0,0.0,0.45588234,0.2,0.0,0.0,0.0,0.0,0.0,0.0,0.0,0.0,0.0,0.0,0.0,0.0,0.0,0.0,0.0,0.0,0.0,0.0033777356,0.01684758,0.025440313,0.0,0.0,1.0,1.0,0.06,0.07,0.0,0.77297914,1.0,1.0,0.09258134,0.0,0.0022227615,0.0,0.0,0.07959697,0.0
0.0,0.0,0.13235295,0.8,0.0,3.2691223e-05,0.0,0.0,0.0,0.0,0.0,0.0,0.0,0.0,0.0,0.0,0.0,0.0,0.0,0.0,0.0,0.0,0.020157829,0.0019569471,1.0,1.0,0.0,0.0,1.0,0.0,0.0,0.7257167,1.0,1.0,0.076533206,0.0,0.0028941184,0.0,0.0,0.0753389,0.0
0.0,0.0,0.04411765,0.0,0.0008681168,0.0061771553,0.0,0.0,0.0,0.0,0.0,0.0,0.0,0.0,0.0,0.0,0.0,0.0,0.0,0.0,0.0,0.0063275397,0.010805048,0.007827789,0.0,0.0,0.0,0.0,1.0,0.0,0.0,0.76258373,1.0,1.0,0.09460669,0.0,0.009770125,0.0,0.0,0.065984845,0.0
0.0,0.0,0.13235295,0.8,0.0,3.2691223e-05,0.0,0.0,0.0,0.0,0.0,0.0,0.0,0.0,0.0,0.0,0.0,0.0,0.0,0.0,0.0,0.0,0.019856721,0.0019569471,1.0,1.0,0.0,0.0,1.0,0.0,0.0,0.73984313,1.0,1.0,0.080691986,0.0,0.002039194,0.0,0.0,0.07875401,0.0
0.12845881,0.0,0.13235295,0.0,0.0,3.2691223e-05,0.0,0.0,0.0,0.0,0.0,0.0,0.0,0.0,0.0,0.0,0.0,0.0,0.0,0.0,0.0,0.0,0.018342026,0.0019569471,0.0,0.0,0.0,0.0,1.0,0.0,0.0,0.734195,1.0,1.0,0.08032907,0.0,0.004083261,0.0,0.0,0.075348705,0.0
0.0,1.0,0.36764705,0.0,1.6044403e-05,0.0,0.0,0.0,0.0,0.0010068417,0.0,0.0,0.0,0.0,0.0,0.0,0.0,0.0,0.0,0.0,0.0,0.013455957,0.014471084,0.34246576,0.0,0.0,0.0,0.0,1.0,0.0,0.0,0.78077054,1.0,1.0,0.09670334,0.0,0.004430026,0.0,0.0,0.08431721,0.0
0.0,0.0,0.029411765,0.2,0.0,0.0,0.0,0.0,0.0,0.0,0.0,0.0,0.0,0.0,0.0,0.0,0.0,0.0,0.0,0.0,0.0,0.00419569,0.016674615,0.031311154,0.0,0.0,1.0,1.0,0.06,0.06,0.0,0.7746588,1.0,1.0,0.09324039,0.0,0.0019767582,0.0,0.0,0.08014521,0.0
0.0,0.0,0.1764706,0.1,0.0,0.0,0.0,0.0,0.0,0.0,0.0,0.0,0.0,0.0,0.0,0.0,0.0,0.0,0.0,0.0,0.0,0.0,0.023332953,0.0019569471,1.0,1.0,0.0,0.0,0.0,0.07,0.0,0.77359235,1.0,1.0,0.08747157,0.0,0.0,0.0,0.0,0.08878824,0.0
0.0,0.0,0.04411765,0.0,5.5709734e-07,0.0001894605,0.0,0.0,0.0,0.0,0.0,0.0,0.0,0.0,0.0,0.0,0.0,0.0,0.0,0.0,0.0,0.006675184,0.010691516,0.029354207,0.0,0.0,0.93,0.93,1.0,0.0,0.0,0.7631248,1.0,1.0,0.094860636,0.0,0.00983277,0.0,0.0,0.065698534,0.0
0.03583124,0.0,0.04411765,0.3,0.0008993779,0.0,0.0,0.0,0.0,0.014579833,0.0,0.0,0.0,0.0,0.0,0.0,2.6397407e-05,0.0,0.0,0.0,0.0,0.03292647,0.010239743,0.017612524,0.0,0.0,1.0,1.0,1.0,0.0,0.0,0.8086611,1.0,1.0,0.107269295,0.0,0.009460062,0.0,0.0,0.07466254,0.0
0.0,1.0,0.36764705,0.0,1.6044403e-05,0.0,0.0,0.0,0.0,0.0017058551,0.0,0.0,0.0,0.0,0.0,0.0,0.0,0.0,0.0,0.0,0.0,0.014079303,0.014550492,0.407045,0.0,0.0,0.0,0.0,1.0,0.0,0.0,0.7820606,1.0,1.0,0.096974425,0.0,0.004290998,0.0,0.0,0.084944725,0.0
0.0,0.0,0.029411765,0.2,0.0,0.0,0.0,0.0,0.0,0.0,0.0,0.0,0.0,0.0,0.0,0.0,0.0,0.0,0.0,0.0,0.0,0.0,0.017249085,0.0019569471,0.01,0.0,0.99,1.0,0.01,0.07,0.0,0.7640872,1.0,1.0,0.08984753,0.0,0.0023672879,0.0,0.0,0.077653706,0.0
0.0,0.0,0.45588234,0.2,0.0,0.0,0.0,0.0,0.0,0.0,0.0,0.0,0.0,0.0,0.0,0.0,0.0,0.0,0.0,0.0,0.0,0.0,0.019963332,0.017612524,0.31,0.56,0.69,0.44,0.03,0.06,0.0,0.77239203,1.0,1.0,0.08990734,0.0,0.0,0.0,0.0,0.08429474,0.0
0.0,0.0,0.3382353,0.2,0.0,0.0,0.0,0.0,0.0,0.0,0.0,0.0,0.0,0.0,0.0,0.0,0.0,0.0,0.0,0.0,0.0,0.0,0.017089792,0.009784736,0.0,0.0,1.0,1.0,0.02,0.07,0.0,0.7670369,1.0,1.0,0.090779774,0.0,0.00233531,0.0,0.0,0.07823485,0.0
0.0,1.0,0.36764705,0.0,1.6044403e-05,0.0,0.0,0.0,0.0,0.0,0.0,0.0,0.0,0.0,0.0,0.0,0.0,0.0,0.0,0.0,0.0,0.012398064,0.014336452,0.23287672,0.0,0.0,0.0,0.0,1.0,0.0,0.0,0.778581,1.0,1.0,0.096243195,0.0,0.004665956,0.0,0.0,0.08325252,0.0
0.12929048,0.0,0.13235295,0.0,0.0,3.2691223e-05,0.0,0.0,0.0,0.0,0.0,0.0,0.0,0.0,0.0,0.0,0.0,0.0,0.0,0.0,0.0,0.0,0.018537842,0.0019569471,0.0,0.0,0.0,0.0,1.0,0.0,0.0,0.7367003,1.0,1.0,0.08084685,0.0,0.003721714,0.0,0.0,0.076515466,0.0
0.013618643,0.0,0.04411765,0.3,0.0014017206,0.0,0.0,0.0,0.0,0.0,0.0,0.0,0.0,0.0,0.0,0.0,0.0,0.0,0.0,0.0,0.0,0.0,0.011688322,0.007827789,0.0,0.0,1.0,1.0,1.0,0.0,0.0,0.7473954,1.0,1.0,0.089762546,0.0,0.009767622,0.0,0.0,0.06317076,0.0
0.0,0.0,0.13235295,0.8,0.0,3.2691223e-05,0.0,0.0,0.0,0.0,0.0,0.0,0.0,0.0,0.0,0.0,0.0,0.0,0.0,0.0,0.0,0.0,0.027221374,0.0019569471,1.0,1.0,0.0,0.0,1.0,0.0,0.0,0.66999644,0.9621682,1.0,0.054111533,0.0,0.006120354,0.0,0.0,0.06497194,0.0
0.03569263,0.0,0.04411765,0.3,0.0008993779,7.4298237e-07,0.0,0.0,0.0,0.02661407,0.0,0.0,0.0,0.0,0.0,0.0,0.0014498234,0.008855611,0.0,0.0,0.0,0.04635769,0.009826168,0.021526419,0.0,0.0,1.0,1.0,1.0,0.0,0.0,0.83181715,1.0,1.0,0.113762565,0.0,0.009367049,0.0,0.0,0.07868847,0.0
0.0,0.0,0.029411765,0.1,0.0,0.0,0.0,0.0,0.0,0.0,0.0,0.0,0.0,0.0,0.0,0.0,0.0,0.0,0.0,0.0,0.0,0.0,0.02342517,0.037181996,1.0,1.0,0.0,0.0,0.15,0.06,0.0,0.7757691,1.0,1.0,0.08776831,0.0,0.0,0.0,0.0,0.08832255,0.0
0.0,0.0,0.13235295,0.8,0.0,3.2691223e-05,0.0,0.0,0.0,0.0014703572,0.0,0.0,0.0,0.0,0.0,0.0,0.0,0.0,0.0,0.0,0.0,0.0067762136,0.018210687,0.0019569471,1.0,1.0,0.0,0.0,1.0,0.0,0.0,0.78359914,1.0,1.0,0.09405538,0.0,0.0,0.0,0.0,0.087729245,0.0
0.0,0.0,0.0,0.2,0.0,0.0,0.0,0.0,0.0,0.0041847527,0.0,0.0,0.0,0.0,0.0,0.0,0.0,0.0,0.0,0.0,0.0,0.015321255,0.01611577,0.007827789,0.0,0.0,1.0,1.0,0.17,0.17,0.0,0.7903917,1.0,1.0,0.097541235,0.0,0.003983125,0.0,0.0,0.08049083,0.0
0.0,0.0,0.4117647,0.2,0.0,0.0,0.0,0.0,0.0,0.0,0.0,0.0,0.0,0.0,0.0,0.0,0.0,0.0,0.0,0.0,0.0,0.00044310093,0.017082132,0.011741683,0.0,0.0,1.0,1.0,0.03,0.08,0.0,0.7678884,1.0,1.0,0.09100174,0.0,0.002347216,0.0,0.0,0.078463346,0.0
0.0,0.0,0.13235295,0.8,0.0,3.2691223e-05,0.0,0.0,0.0,0.0028383732,0.0,0.0,0.0,0.0,0.0,0.0,0.0,0.0,0.0,0.0,0.0,0.008200198,0.01828254,0.0019569471,1.0,1.0,0.0,0.0,1.0,0.0,0.0,0.7862834,1.0,1.0,0.09470143,0.0,0.0,0.0,0.0,0.08835712,0.0
0.0,0.0,0.029411765,0.2,0.0,0.0,0.0,0.0,0.0,0.0,0.0,0.0,0.0,0.0,0.0,0.0,0.0,0.0,0.0,0.0,0.0,0.0,0.017429769,0.0019569471,0.0,0.0,1.0,1.0,0.01,0.08,0.0,0.7584199,1.0,1.0,0.08807606,0.0,0.0030994415,0.0,0.0,0.07541132,0.0
0.0,0.0,0.029411765,0.1,0.0,0.0,0.0,0.0,0.0,0.0,0.0,0.0,0.0,0.0,0.0,0.0,0.0,0.0,0.0,0.0,0.0,0.0,0.02338326,0.019569471,1.0,1.0,0.0,0.0,0.06,0.1,0.0,0.7765571,1.0,1.0,0.088085614,0.0,0.0,0.0,0.0,0.088893,0.0
0.0,0.0,0.7058824,0.2,0.0,0.0,0.0,0.0,0.0,0.0,0.0,0.0,0.0,0.0,0.0,0.0,0.0,0.0,0.0,0.0,0.0,0.002258867,0.016842112,0.019569471,0.0,0.0,1.0,1.0,0.04,0.06,0.0,0.7713946,1.0,1.0,0.09221981,0.0,0.0020056218,0.0,0.0,0.0794757,0.0
1.7326518e-05,0.0,0.22058824,0.0,4.1368454e-05,0.00021769383,0.0,0.0,0.0,0.0,0.0,0.0,0.0,0.0,0.0,0.0,0.0,0.0,0.0,0.0,0.0,0.0030046403,0.012169324,0.0039138943,0.0,0.0,0.0,0.0,1.0,0.0,0.0,0.7574645,1.0,1.0,0.0918295,0.0,0.008835301,0.0,0.0,0.071636885,0.0
0.0,0.0,0.029411765,0.2,0.0,0.0,0.0,0.0,0.0,0.0,0.0,0.0,0.0,0.0,0.0,0.0,0.0,0.0,0.0,0.0,0.0,0.00035905838,0.021335937,0.0039138943,0.8,0.5,0.2,0.5,0.01,0.07,0.0,0.77796686,1.0,1.0,0.09014236,0.0,0.0,0.0,0.0,0.08761585,0.0
0.0,0.0,0.029411765,0.2,0.0,0.0,0.0,0.0,0.0,0.0,0.0,0.0,0.0,0.0,0.0,0.0,0.0,0.0,0.0,0.0,0.0,0.0009716451,0.016999125,0.007827789,0.0,0.0,1.0,1.0,0.02,0.07,0.0,0.769328,1.0,1.0,0.091527544,0.0,0.0019688606,0.0,0.0,0.07920188,0.0
0.0,0.0,0.13235295,0.8,0.0,3.2691223e-05,0.0,0.0,0.0,0.0,0.0,0.0,0.0,0.0,0.0,0.0,0.0,0.0,0.0,0.0,0.0,0.0,0.02081351,0.0019569471,1.0,1.0,0.0,0.0,1.0,0.0,0.0,0.7223737,1.0,1.0,0.07516902,0.0,0.0022613853,0.0,0.0,0.07473913,0.0
0.0,0.0,0.029411765,0.2,0.0,0.0,0.0,0.0,0.0,0.0,0.0,0.0,0.0,0.0,0.0,0.0,0.0,0.0,0.0,0.0,0.0,0.0015402734,0.016869046,0.017612524,0.0,0.0,1.0,1.0,0.03,0.06,0.0,0.77011645,1.0,1.0,0.0918571,0.0,0.0020571798,0.0,0.0,0.07907161,0.0
0.0,0.0,0.029411765,0.2,0.0,0.0,0.0,0.0,0.0,0.0,0.0,0.0,0.0,0.0,0.0,0.0,0.0,0.0,0.0,0.0,0.0,0.0,0.017249562,0.007827789,0.0,0.0,1.0,1.0,0.03,0.07,0.0,0.7637783,1.0,1.0,0.08969753,0.0,0.0027933568,0.0,0.0,0.07691932,0.0
0.0,0.0,0.029411765,0.2,0.0,0.0,0.0,0.0,0.0,0.0,0.0,0.0,0.0,0.0,0.0,0.0,0.0,0.0,0.0,0.0,0.0,0.001717627,0.020966582,0.007827789,0.79,0.25,0.21,0.75,0.04,0.07,0.0,0.7768673,1.0,1.0,0.08991944,0.0,0.0,0.0,0.0,0.086174995,0.0
0.015593867,0.0,0.04411765,0.3,0.0012310896,0.0,0.0,0.0,0.0,0.03958887,0.0,0.0,0.0,0.0,0.0,0.0,0.0032969788,0.020377755,0.0,0.0,0.0,0.060977668,0.009063616,0.056751467,0.0,0.0,1.0,1.0,1.0,0.0,0.0,0.85669434,1.0,1.0,0.12104931,0.0,0.009414613,0.0,0.0,0.082396,0.0
0.0,1.0,0.36764705,0.0,1.6426413e-05,0.0,0.0,0.0,0.0,0.0,0.0,0.0,0.0,0.0,0.0,0.0,0.0,0.0,0.0,0.0,0.0,0.011510223,0.014223382,0.1409002,0.0,0.0,0.0,0.0,1.0,0.0,0.0,0.7767434,1.0,1.0,0.09585705,0.0,0.0048639327,0.0,0.0,0.08235887,0.0
0.0,0.0,0.04411765,0.0,0.0008681168,0.0061771553,0.0,0.0,0.0,0.0,0.0,0.0,0.0,0.0,0.0,0.0,0.0,0.0,0.0,0.0,0.0,0.0,0.011134893,0.009784736,0.0,0.0,0.0,0.0,1.0,0.0,0.0,0.7507658,1.0,1.0,0.09117585,0.0,0.009772122,0.0,0.0,0.06418973,0.0
0.0,0.0,0.029411765,0.2,0.0,0.0,0.0,0.0,0.0,0.0,0.0,0.0,0.0,0.0,0.0,0.0,0.0,0.0,0.0,0.0,0.0,0.0019492507,0.016923659,0.019569471,0.0,0.0,1.0,1.0,0.04,0.08,0.0,0.7705525,1.0,1.0,0.091875605,0.0,0.0022429675,0.0,0.0,0.07903248,0.0
0.0,0.0,0.29411766,0.1,0.0,0.0,0.0,0.0,0.0,0.0,0.0,0.0,0.0,0.0,0.0,0.0,0.0,0.0,0.0,0.0,0.0,0.0,0.023508891,0.007827789,1.0,1.0,0.0,0.0,0.02,0.09,0.0,0.7733923,1.0,1.0,0.087140314,0.0,0.0,0.0,0.0,0.08819774,0.0
0.0,1.0,0.36764705,0.0,1.6426413e-05,0.0,0.0,0.0,0.0,0.003103882,0.0,0.0,0.0,0.0,0.0,0.0,0.0,0.0,0.0,0.0,0.0,0.015326053,0.014709175,0.5362035,0.0,0.0,0.0,0.0,1.0,0.0,0.0,0.784641,1.0,1.0,0.09751668,0.0,0.004012957,0.0,0.0,0.08619961,0.0
0.0,0.0,0.44117647,0.2,0.0,0.0,0.0,0.0,0.0,0.0,0.0,0.0,0.0,0.0,0.0,0.0,0.0,0.0,0.0,0.0,0.0,0.0,0.01721859,0.015655577,0.0,0.0,1.0,1.0,0.07,0.06,0.0,0.7620286,1.0,1.0,0.089233436,0.0,0.003082931,0.0,0.0,0.07603228,0.0
0.0,0.0,0.3382353,0.1,0.0,0.0,0.0,0.0,0.0,0.0,0.0,0.0,0.0,0.0,0.0,0.0,0.0,0.0,0.0,0.0,0.0,0.0,0.023334585,0.021526419,1.0,1.0,0.0,0.0,0.06,0.09,0.0,0.77777874,1.0,1.0,0.08845737,0.0,0.0,0.0,0.0,0.08923042,0.0
0.0,0.0,0.029411765,0.2,0.0,0.0,0.0,0.0,0.0,0.0,0.0,0.0,0.0,0.0,0.0,0.0,0.0,0.0,0.0,0.0,0.0,0.0040551126,0.016655304,0.03522505,0.0,0.0,1.0,1.0,0.07,0.06,0.0,0.77418256,1.0,1.0,0.09311425,0.0,0.0021370947,0.0,0.0,0.079734474,0.0
0.0,0.0,0.029411765,0.1,0.0,0.0,0.0,0.0,0.0,0.0,0.0,0.0,0.0,0.0,0.0,0.0,0.0,0.0,0.0,0.0,0.0,0.0020689964,0.02092266,0.02739726,0.71,0.57,0.29,0.43,0.05,0.06,0.0,0.78096914,1.0,1.0,0.091362976,0.0,0.0,0.0,0.0,0.08804062,0.0
0.0,0.0,0.42647058,0.2,0.0,0.0,0.0,0.0,0.0,0.0,0.0,0.0,0.0,0.0,0.0,0.0,0.0,0.0,0.0,0.0,0.0,0.0,0.017097674,0.025440313,0.0,0.0,1.0,1.0,0.12,0.06,0.0,0.7655084,1.0,1.0,0.09025093,0.0,0.0031080544,0.0,0.0,0.07671821,0.0
0.0,0.0,0.029411765,0.2,0.0,0.0,0.0,0.0,0.0,0.0,0.0,0.0,0.0,0.0,0.0,0.0,0.0,0.0,0.0,0.0,0.0,0.004858911,0.01663968,0.0332681,0.0,0.0,1.0,1.0,0.06,0.06,0.0,0.77577376,1.0,1.0,0.09356474,0.0,0.001986906,0.0,0.0,0.08031669,0.0
1.7326518e-05,0.0,0.22058824,0.0,4.1368454e-05,0.00021769383,0.0,0.0,0.0,0.0,0.0,0.0,0.0,0.0,0.0,0.0,0.0,0.0,0.0,0.0,0.0,0.00015464425,0.012819663,0.0058708414,0.0,0.0,0.0,0.0,1.0,0.0,0.0,0.75431204,1.0,1.0,0.09051796,0.0,0.007879391,0.0,0.0,0.07272178,0.0
0.0,0.0,0.029411765,0.5,0.0,0.0,0.0,0.0,0.0,0.0,0.0,0.0,0.0,0.0,0.0,0.0,0.0,0.0,0.0,0.0,0.0,0.0,0.017298423,0.007827789,0.0,0.0,1.0,1.0,0.03,0.06,0.0,0.7607664,1.0,1.0,0.08883738,0.0,0.003016308,0.0,0.0,0.07587439,0.0
0.036021832,0.0,0.04411765,0.3,0.001178245,0.0,0.0,0.0,0.0,0.0,0.0,0.0,0.0,0.0,0.0,0.0,0.0,0.0,0.0,0.0,0.0,0.012744606,0.010829821,0.015655577,0.0,0.0,1.0,1.0,1.0,0.0,0.0,0.77379453,1.0,1.0,0.09752146,0.0,0.009654403,0.0,0.0,0.06841114,0.0
0.0,0.0,0.029411765,0.2,0.0,0.0,0.0,0.0,0.0,0.0,0.0,0.0,0.0,0.0,0.0,0.0,0.0,0.0,0.0,0.0,0.0,0.0,0.01720085,0.017612524,0.0,0.0,1.0,1.0,0.08,0.06,0.0,0.7627641,1.0,1.0,0.089432634,0.0,0.00314942,0.0,0.0,0.07604775,0.0
0.017655723,0.0,0.04411765,0.3,6.277691e-05,0.0,0.0,0.0,0.0,0.019272119,0.0,0.0,0.0,0.0,0.0,0.0,0.0010075569,0.0022066534,0.0,0.0,0.0,0.037970096,0.009698488,0.16829745,0.01,0.01,0.98,0.98,1.0,0.0,0.0,0.81718767,1.0,1.0,0.11005836,0.0,0.009318054,0.0,0.0,0.07641336,0.0
0.0,0.0,0.029411765,0.1,0.0,0.0,0.0,0.0,0.0,0.0,0.0,0.0,0.0,0.0,0.0,0.0,0.0,0.0,0.0,0.0,0.0,0.0,0.023494601,0.0039138943,1.0,1.0,0.0,0.0,0.01,0.09,0.0,0.77281547,1.0,1.0,0.087028645,0.0,0.0,0.0,0.0,0.08820513,0.0
0.0,0.0,0.029411765,0.1,0.0,0.0,0.0,0.0,0.0,0.0,0.0,0.0,0.0,0.0,0.0,0.0,0.0,0.0,0.0,0.0,0.0,0.0,0.023204662,0.017612524,1.0,1.0,0.0,0.0,0.04,0.06,0.0,0.77781785,1.0,1.0,0.08868063,0.0,0.0,0.0,0.0,0.08954555,0.0
0.0,0.0,0.04411765,0.2,0.0,0.0,0.0,0.0,0.0,0.004498929,0.0,0.0,0.0,0.0,0.0,0.0,0.0,0.0,0.0,0.0,0.0,0.01566255,0.016125925,0.025440313,0.0,0.0,1.0,1.0,0.46,0.14,0.0,0.79106176,1.0,1.0,0.09770583,0.0,0.00398691,0.0,0.0,0.08047789,0.0
0.0,0.0,0.13235295,0.5,0.0,0.0,0.0,0.0,0.0,0.003630221,0.0,0.0,0.0,0.0,0.0,0.0,0.0,0.0,0.0,0.0,0.0,0.014449835,0.016130358,0.021526419,0.0,0.0,1.0,1.0,0.22,0.08,0.0,0.7891761,1.0,1.0,0.097239815,0.0,0.0037852079,0.0,0.0,0.080605626,0.0
0.0,0.0,0.029411765,0.2,0.0,0.0,0.0,0.0,0.0,0.0,0.0,0.0,0.0,0.0,0.0,0.0,0.0,0.0,0.0,0.0,0.0,0.0,0.017295055,0.009784736,0.0,0.0,1.0,1.0,0.05,0.06,0.0,0.7615229,1.0,1.0,0.08902802,0.0,0.0030422658,0.0,0.0,0.07606393,0.0
0.0,0.0,0.029411765,0.2,0.0,0.0,0.0,0.0,0.0,0.0,0.0,0.0,0.0,0.0,0.0,0.0,0.0,0.0,0.0,0.0,0.0,0.0014936328,0.016882703,0.023483366,0.0,0.0,1.0,1.0,0.05,0.05,0.0,0.76959026,1.0,1.0,0.091655664,0.0,0.0023633689,0.0,0.0,0.07851872,0.0
0.0,0.0,0.029411765,0.1,0.0,0.0,0.0,0.0,0.0,0.0,0.0,0.0,0.0,0.0,0.0,0.0,0.0,0.0,0.0,0.0,0.0,0.0,0.02366677,0.011741683,1.0,1.0,0.0,0.0,0.05,0.07,0.0,0.76935923,1.0,1.0,0.085875206,0.0,0.0,0.0,0.0,0.0870156,0.0
0.0,0.0,0.89705884,0.2,0.0,0.0,0.0,0.0,0.0,0.0,0.0,0.0,0.0,0.0,0.0,0.0,0.0,0.0,0.0,0.0,0.0,0.004776448,0.016679876,0.037181996,0.0,0.0,1.0,1.0,0.08,0.06,0.0,0.77528286,1.0,1.0,0.093351774,0.0,0.0022242516,0.0,0.0,0.07996833,0.0
0.14186953,0.0,0.13235295,0.0,0.0,1.1144735e-05,0.0,0.0,0.0,0.0,0.0,0.0,0.0,0.0,0.0,0.0,0.0,0.0,0.0,0.0,0.0,0.0,0.02197685,0.0019569471,0.0,0.0,0.0,0.0,1.0,0.0,0.0,0.74695456,1.0,1.0,0.08097603,0.0,0.0,0.0,0.0,0.08079949,0.0
0.0,0.0,0.029411765,0.2,0.0,0.0,0.0,0.0,0.0,0.0,0.0,0.0,0.0,0.0,0.0,0.0,0.0,0.0,0.0,0.0,0.0,0.0,0.017358936,0.0019569471,0.0,0.0,1.0,1.0,0.01,0.06,0.0,0.75902486,1.0,1.0,0.08834206,0.0,0.002897337,0.0,0.0,0.07575709,0.0
0.0,1.0,0.36764705,0.0,1.6426413e-05,0.0,0.0,0.0,0.0,0.0008073449,0.0,0.0,0.0,0.0,0.0,0.0,0.0,0.0,0.0,0.0,0.0,0.013321787,0.014376059,0.28767124,0.0,0.0,0.0,0.0,1.0,0.0,0.0,0.7803931,1.0,1.0,0.096690826,0.0,0.004517302,0.0,0.0,0.083967716,0.0
0.0,0.0,0.029411765,0.2,0.0,0.0,0.0,0.0,0.0,0.0,0.0,0.0,0.0,0.0,0.0,0.0,0.0,0.0,0.0,0.0,0.0,0.0006197393,0.016984902,0.03522505,0.0,0.0,1.0,1.0,0.17,0.06,0.0,0.7668778,1.0,1.0,0.09070551,0.0,0.0032223314,0.0,0.0,0.07673001,0.0
0.0,0.0,0.029411765,0.2,0.0,0.0,0.0,0.0,0.0,0.0,0.0,0.0,0.0,0.0,0.0,0.0,0.0,0.0,0.0,0.0,0.0,0.0018099248,0.016833432,0.019569471,0.0,0.0,1.0,1.0,0.04,0.06,0.0,0.7706238,1.0,1.0,0.09203211,0.0,0.002007857,0.0,0.0,0.0792557,0.0
0.0,0.0,0.3382353,0.1,0.0,0.0,0.0,0.0,0.0,0.0,0.0,0.0,0.0,0.0,0.0,0.0,0.0,0.0,0.0,0.0,0.0,0.0,0.023077033,0.017612524,1.0,1.0,0.0,0.0,0.03,0.06,0.0,0.7795496,1.0,1.0,0.08930794,0.0,0.0,0.0,0.0,0.09016976,0.0
0.0,0.0,0.029411765,0.2,0.0,0.0,0.0,0.0,0.0,0.0,0.0,0.0,0.0,0.0,0.0,0.0,0.0,0.0,0.0,0.0,0.0,0.0062715113,0.0167851,0.039138943,0.09,0.0,0.91,1.0,0.07,0.06,0.0,0.77861893,1.0,1.0,0.0941978,0.0,0.0017701834,0.0,0.0,0.08122599,0.0
0.0,1.0,0.36764705,0.0,1.6426413e-05,0.0,0.0,0.0,0.0,0.0014304221,0.0,0.0,0.0,0.0,0.0,0.0,0.0,0.0,0.0,0.0,0.0,0.013833702,0.014519259,0.3816047,0.0,0.0,0.0,0.0,1.0,0.0,0.0,0.7815523,1.0,1.0,0.09686761,0.0,0.00434573,0.0,0.0,0.084697515,0.0
0.0,0.0,0.029411765,0.2,0.0,0.0,0.0,0.0,0.0,0.0,0.0,0.0,0.0,0.0,0.0,0.0,0.0,0.0,0.0,0.0,0.0,0.00243783,0.016904287,0.023483366,0.02,0.0,0.98,1.0,0.05,0.06,0.0,0.77147377,1.0,1.0,0.092148654,0.0,0.002190873,0.0,0.0,0.07921323,0.0
0.0,0.0,0.32352942,0.5,0.0,0.0,0.0,0.0,0.0,0.0,0.0,0.0,0.0,0.0,0.0,0.0,0.0,0.0,0.0,0.0,0.0,0.0010589361,0.016999915,0.01369863,0.0,0.0,1.0,1.0,0.03,0.07,0.0,0.7690865,1.0,1.0,0.09142005,0.0,0.00223279,0.0,0.0,0.07876596,0.0
0.0,0.0,0.0,0.2,0.0,0.0,0.0,0.0,0.0,0.004661709,0.0,0.0,0.0,0.0,0.0,0.0,0.0,0.0,0.0,0.0,0.0,0.015670925,0.016091175,0.017612524,0.0,0.0,1.0,1.0,0.21,0.09,0.0,0.7912022,1.0,1.0,0.09780166,0.0,0.0038353354,0.0,0.0,0.08085242,0.0
0.0,0.0,0.0,0.1,0.0,0.0,0.0,0.0,0.0,0.004343301,0.0,0.0,0.0,0.0,0.0,0.0,0.0,0.0,0.0,0.0,0.0,0.007927537,0.022868954,0.011741683,1.0,1.0,0.0,0.0,0.23,0.15,0.0,0.79313445,1.0,1.0,0.09262333,0.0,0.0,0.0,0.0,0.09102017,0.0
0.0,0.0,0.13235295,0.8,0.0,3.2691223e-05,0.0,0.0,0.0,0.013065845,0.0,0.0,0.0,0.0,0.0,0.0,0.0,0.0,0.0,0.0,0.0,0.0192675,0.018917277,0.0019569471,1.0,1.0,0.0,0.0,1.0,0.0,0.0,0.8065834,1.0,1.0,0.099471666,0.0,0.0,0.0,0.0,0.09285253,0.0
0.0,0.0,0.029411765,0.1,0.0,0.0,0.0,0.0,0.0,0.0,0.0,0.0,0.0,0.0,0.0,0.0,0.0,0.0,0.0,0.0,0.0,0.0,0.0233652,0.03522505,1.0,1.0,0.0,0.0,0.14,0.08,0.0,0.77843165,1.0,1.0,0.08853369,0.0,0.0,0.0,0.0,0.089003325,0.0
0.0,0.0,0.13235295,0.8,0.0,3.2691223e-05,0.0,0.0,0.0,0.026622325,0.0,0.0,0.0,0.0,0.0,0.0,0.0,0.0,0.0,0.0,0.0,0.03468147,0.019061305,0.0019569471,1.0,1.0,0.0,0.0,1.0,0.0,0.0,0.83298314,1.0,1.0,0.10623302,0.0,0.0,0.0,0.0,0.098406315,0.0
0.0,0.0,0.3382353,0.2,0.0,0.0,0.0,0.0,0.0,0.0,0.0,0.0,0.0,0.0,0.0,0.0,0.0,0.0,0.0,0.0,0.0,0.0010212362,0.016946405,0.03522505,0.0,0.0,1.0,1.0,0.14,0.06,0.0,0.76773155,1.0,1.0,0.09098702,0.0,0.003095463,0.0,0.0,0.0770812,0.0
0.0,0.0,0.029411765,0.2,0.0,0.0,0.0,0.0,0.0,0.0,0.0,0.0,0.0,0.0,0.0,0.0,0.0,0.0,0.0,0.0,0.0,0.0011074841,0.016976297,0.009784736,0.0,0.0,1.0,1.0,0.02,0.06,0.0,0.76955104,1.0,1.0,0.091608815,0.0,0.0019618422,0.0,0.0,0.07926884,0.0
0.0,0.0,0.60294116,0.5,0.0,0.0,0.0,0.0,0.0,0.0,0.0,0.0,0.0,0.0,0.0,0.0,0.0,0.0,0.0,0.0,0.0,0.0004374385,0.016979612,0.0039138943,0.0,0.0,1.0,1.0,0.01,0.06,0.0,0.7687371,1.0,1.0,0.09143483,0.0,0.0017424822,0.0,0.0,0.07936758,0.0
0.0,1.0,0.36764705,0.0,1.6426413e-05,0.0,0.0,0.0,0.0,0.008235812,0.0,0.0,0.0,0.0,0.0,0.0,0.0,0.0,0.0,0.0,0.0,0.01936987,0.015131965,0.9667319,0.0,0.0,0.0,0.0,1.0,0.0,0.0,0.7943804,1.0,1.0,0.09989148,0.0,0.0025918186,0.0,0.0,0.08944523,0.0
0.0,0.0,0.04411765,0.3,0.0008133621,0.0061771553,0.0,0.0,0.0,0.0,0.0,0.0,0.0,0.0,0.0,0.0,0.0,0.0,0.0,0.0,0.0,0.009734333,0.01062344,0.0058708414,0.0,0.0,1.0,1.0,1.0,0.0,0.0,0.7684405,1.0,1.0,0.096327715,0.0,0.00977771,0.0,0.0,0.06674266,0.0
0.0,0.0,0.3382353,0.2,0.0,0.0,0.0,0.0,0.0,0.0,0.0,0.0,0.0,0.0,0.0,0.0,0.0,0.0,0.0,0.0,0.0,0.0023041666,0.016899362,0.017612524,0.0,0.0,1.0,1.0,0.04,0.06,0.0,0.77137315,1.0,1.0,0.09213848,0.0,0.0020949543,0.0,0.0,0.07939464,0.0
0.0,0.0,0.029411765,0.2,0.0,0.0,0.0,0.0,0.0,0.0,0.0,0.0,0.0,0.0,0.0,0.0,0.0,0.0,0.0,0.0,0.0,0.0052449107,0.016634941,0.037181996,0.0,0.0,1.0,1.0,0.07,0.07,0.0,0.776279,1.0,1.0,0.093680225,0.0,0.002076283,0.0,0.0,0.080378026,0.0
0.0,0.0,0.029411765,0.1,0.0,0.0,0.0,0.0,0.0,0.0,0.0,0.0,0.0,0.0,0.0,0.0,0.0,0.0,0.0,0.0,0.0,0.0,0.023795336,0.0019569471,1.0,1.0,0.0,0.0,0.01,0.06,0.0,0.7661128,1.0,1.0,0.084897004,0.0,0.0,0.0,0.0,0.086283565,0.0
0.0,0.0,0.029411765,0.1,0.0,0.0,0.0,0.0,0.0,0.0,0.0,0.0,0.0,0.0,0.0,0.0,0.0,0.0,0.0,0.0,0.0,0.0,0.023652479,0.0039138943,1.0,1.0,0.0,0.0,0.01,0.06,0.0,0.76886535,1.0,1.0,0.08580013,0.0,0.0,0.0,0.0,0.08706775,0.0
0.0,0.0,0.029411765,0.1,0.0,0.0,0.0,0.0,0.0,0.0,0.0,0.0,0.0,0.0,0.0,0.0,0.0,0.0,0.0,0.0,0.0,0.0,0.023565628,0.02739726,1.0,1.0,0.0,0.0,0.12,0.05,0.0,0.7723614,1.0,1.0,0.08673177,0.0,0.0,0.0,0.0,0.08753234,0.0
0.0,0.0,0.029411765,0.1,0.0,0.0,0.0,0.0,0.0,0.0,0.0,0.0,0.0,0.0,0.0,0.0,0.0,0.0,0.0,0.0,0.0,0.0,0.02315417,0.021526419,1.0,1.0,0.0,0.0,0.04,0.06,0.0,0.7784196,1.0,1.0,0.088892035,0.0,0.0,0.0,0.0,0.08974752,0.0
0.0,0.0,0.63235295,0.1,0.0,0.0,0.0,0.0,0.0,0.0,0.0,0.0,0.0,0.0,0.0,0.0,0.0,0.0,0.0,0.0,0.0,0.0,0.023659587,0.0058708414,1.0,1.0,0.0,0.0,0.02,0.06,0.0,0.7681248,1.0,1.0,0.08559611,0.0,0.0,0.0,0.0,0.08688879,0.0
0.0,0.0,0.13235295,0.8,0.0,3.2691223e-05,0.0,0.0,0.0,0.014635742,0.0,0.0,0.0,0.0,0.0,0.0,0.0,0.0,0.0,0.0,0.0,0.021030247,0.018926546,0.0019569471,1.0,1.0,0.0,0.0,1.0,0.0,0.0,0.80964684,1.0,1.0,0.10026895,0.0,0.0,0.0,0.0,0.09344992,0.0
1.7326518e-05,0.0,0.22058824,0.0,4.1368454e-05,0.00021769383,0.0,0.0,0.0,0.0,0.0,0.0,0.0,0.0,0.0,0.0,0.0,0.0,0.0,0.0,0.0,0.005114436,0.011547394,0.0058708414,0.0,0.0,0.0,0.0,1.0,0.0,0.0,0.7610878,1.0,1.0,0.09343497,0.0,0.009068564,0.0,0.0,0.06989938,0.0
1.7326518e-05,0.0,0.22058824,0.0,4.1368454e-05,0.00021769383,0.0,0.0,0.0,0.0,0.0,0.0,0.0,0.0,0.0,0.0,0.0,0.0,0.0,0.0,0.0,0.002668649,0.012491927,0.0058708414,0.0,0.0,0.0,0.0,1.0,0.0,0.0,0.7577884,1.0,1.0,0.091668,0.0,0.008312851,0.0,0.0,0.07278207,0.0
0.0,0.0,0.029411765,0.2,0.0,0.0,0.0,0.0,0.0,0.0,0.0,0.0,0.0,0.0,0.0,0.0,0.0,0.0,0.0,0.0,0.0,0.0,0.01720158,0.011741683,0.0,0.0,1.0,1.0,0.04,0.06,0.0,0.76331115,1.0,1.0,0.08962544,0.0,0.0028027445,0.0,0.0,0.07677466,0.0
0.0,0.0,0.029411765,0.1,0.0,0.0,0.0,0.0,0.0,0.0,0.0,0.0,0.0,0.0,0.0,0.0,0.0,0.0,0.0,0.0,0.0,0.0,0.023036942,0.0332681,1.0,1.0,0.0,0.0,0.07,0.06,0.0,0.7823247,1.0,1.0,0.09001481,0.0,0.0,0.0,0.0,0.09050915,0.0
0.0,0.0,0.029411765,0.1,0.0,0.0,0.0,0.0,0.0,0.0,0.0,0.0,0.0,0.0,0.0,0.0,0.0,0.0,0.0,0.0,0.0,0.0,0.02348908,0.025440313,1.0,1.0,0.0,0.0,0.1,0.06,0.0,0.774647,1.0,1.0,0.08742804,0.0,0.0,0.0,0.0,0.088172704,0.0
0.12922117,0.0,0.13235295,0.0,0.0,3.2691223e-05,0.0,0.0,0.0,0.0,0.0,0.0,0.0,0.0,0.0,0.0,0.0,0.0,0.0,0.0,0.0,0.0,0.018529952,0.0019569471,0.0,0.0,0.0,0.0,1.0,0.0,0.0,0.7360699,1.0,1.0,0.08068458,0.0,0.0037683547,0.0,0.0,0.07627833,0.0
0.0,0.0,0.029411765,0.1,0.0,0.0,0.0,0.0,0.0,0.0,0.0,0.0,0.0,0.0,0.0,0.0,0.0,0.0,0.0,0.0,0.0,0.0,0.023418061,0.011741683,1.0,1.0,0.0,0.0,0.03,0.08,0.0,0.77393925,1.0,1.0,0.087399356,0.0,0.0,0.0,0.0,0.088475466,0.0
0.0,1.0,0.36764705,0.0,1.6426413e-05,0.0,0.0,0.0,0.0,0.0,0.0,0.0,0.0,0.0,0.0,0.0,0.0,0.0,0.0,0.0,0.0,0.0,0.02135706,0.99804306,0.0,0.0,0.0,0.0,1.0,0.0,0.0,0.7180022,1.0,1.0,0.073802374,0.0,0.001946345,0.0,0.0,0.07380012,0.0
1.7326518e-05,0.0,0.22058824,0.0,4.1368454e-05,0.00019391839,0.0,0.0,0.0,0.0,0.0,0.0,0.0,0.0,0.0,0.0,0.0,0.0,0.0,0.0,0.0,0.0028267205,0.0109882355,0.0039138943,0.0,0.0,0.0,0.0,1.0,0.0,0.0,0.7566657,1.0,1.0,0.09285917,0.0,0.009692028,0.0,0.0,0.06551969,0.0
0.0,0.0,0.029411765,0.2,0.0,0.0,0.0,0.0,0.0,0.0,0.0,0.0,0.0,0.0,0.0,0.0,0.0,0.0,0.0,0.0,0.0,0.0025981963,0.01685217,0.01369863,0.0,0.0,1.0,1.0,0.02,0.06,0.0,0.7723595,1.0,1.0,0.09249932,0.0,0.0017465502,0.0,0.0,0.08011213,0.0
0.0,0.0,0.42647058,0.2,0.0,0.0,0.0,0.0,0.0,0.0,0.0,0.0,0.0,0.0,0.0,0.0,0.0,0.0,0.0,0.0,0.0,0.0015836954,0.01693444,0.037181996,0.0,0.0,1.0,1.0,0.16,0.07,0.0,0.7686777,1.0,1.0,0.09124025,0.0,0.0030932575,0.0,0.0,0.07734871,0.0
0.0,0.0,0.029411765,0.2,0.0,0.0,0.0,0.0,0.0,0.0,0.0,0.0,0.0,0.0,0.0,0.0,0.0,0.0,0.0,0.0,0.0,0.0021770895,0.016944401,0.01369863,0.0,0.0,1.0,1.0,0.03,0.06,0.0,0.77128017,1.0,1.0,0.09207695,0.0,0.0020190924,0.0,0.0,0.07957131,0.0
0.0,0.0,0.23529412,0.2,0.0,0.0,0.0,0.0,0.0,0.0,0.0,0.0,0.0,0.0,0.0,0.0,0.0,0.0,0.0,0.0,0.0,0.004103273,0.016764075,0.0332681,0.0,0.0,1.0,1.0,0.08,0.06,0.0,0.77398324,1.0,1.0,0.092907764,0.0,0.002365157,0.0,0.0,0.07948327,0.0
1.7326518e-05,0.0,0.22058824,0.0,4.1368454e-05,0.00021769383,0.0,0.0,0.0,0.0,0.0,0.0,0.0,0.0,0.0,0.0,0.0,0.0,0.0,0.0,0.0,0.001929909,0.0126652345,0.0058708414,0.0,0.0,0.25,0.0,0.75,0.5,0.0,0.7570493,1.0,1.0,0.09135381,0.0,0.008028731,0.0,0.0,0.07306048,0.0
0.0,0.0,0.029411765,0.2,0.0,0.0,0.0,0.0,0.0,0.0,0.0,0.0,0.0,0.0,0.0,0.0,0.0,0.0,0.0,0.0,0.0,0.0016099513,0.016913615,0.025440313,0.0,0.0,1.0,1.0,0.07,0.07,0.0,0.7695879,1.0,1.0,0.09159606,0.0,0.002502054,0.0,0.0,0.07839605,0.0
0.0,0.0,0.029411765,0.1,0.0,0.0,0.0,0.0,0.0,0.0,0.0,0.0,0.0,0.0,0.0,0.0,0.0,0.0,0.0,0.0,0.0,0.0,0.023644395,0.01369863,1.0,1.0,0.0,0.0,0.06,0.07,0.0,0.7710794,1.0,1.0,0.08633683,0.0,0.0,0.0,0.0,0.08733237,0.0
0.13019146,0.0,0.13235295,0.0,0.0,3.2691223e-05,0.0,0.0,0.0,0.0,0.0,0.0,0.0,0.0,0.0,0.0,0.0,0.0,0.0,0.0,0.0,0.0,0.018773198,0.0019569471,0.0,0.0,0.0,0.0,1.0,0.0,0.0,0.7411585,1.0,1.0,0.08184209,0.0,0.0033118725,0.0,0.0,0.078116894,0.0
0.0,0.0,0.029411765,0.2,0.0,0.0,0.0,0.0,0.0,0.0,0.0,0.0,0.0,0.0,0.0,0.0,0.0,0.0,0.0,0.0,0.0,0.0,0.017086223,0.019569471,0.0,0.0,1.0,1.0,0.07,0.05,0.0,0.76598716,1.0,1.0,0.09043666,0.0,0.0028089434,0.0,0.0,0.0772517,0.0
0.0,0.0,0.4852941,0.2,0.0,0.0,0.0,0.0,0.0,0.0,0.0,0.0,0.0,0.0,0.0,0.0,0.0,0.0,0.0,0.0,0.0,0.00074860454,0.017020553,0.007827789,0.0,0.0,1.0,1.0,0.02,0.07,0.0,0.7688538,1.0,1.0,0.09137114,0.0,0.0020393282,0.0,0.0,0.0790067,0.0
0.0,0.0,0.8235294,0.2,0.0,0.0,0.0,0.0,0.0,0.0,0.0,0.0,0.0,0.0,0.0,0.0,0.0,0.0,0.0,0.0,0.0,0.004380852,0.01668974,0.02739726,0.0,0.0,1.0,1.0,0.05,0.06,0.0,0.77522993,1.0,1.0,0.09339779,0.0,0.0018022209,0.0,0.0,0.08059499,0.0
0.0,0.0,0.38235295,0.1,0.0,0.0,0.0,0.0,0.0,0.0,0.0,0.0,0.0,0.0,0.0,0.0,0.0,0.0,0.0,0.0,0.0,0.0,0.023136847,0.01369863,1.0,1.0,0.0,0.0,0.02,0.06,0.0,0.777966,1.0,1.0,0.088831596,0.0,0.0,0.0,0.0,0.089814186,0.0
0.0,0.0,0.5294118,0.2,0.0,0.0,0.0,0.0,0.0,0.0,0.0,0.0,0.0,0.0,0.0,0.0,0.0,0.0,0.0,0.0,0.0,0.0,0.0171412,0.0019569471,0.0,0.0,1.0,1.0,0.0,0.07,0.0,0.7667444,1.0,1.0,0.09068801,0.0,0.0020871907,0.0,0.0,0.078641206,0.0
0.0,0.0,0.6617647,0.5,0.0,0.0,0.0,0.0,0.0,0.0,0.0,0.0,0.0,0.0,0.0,0.0,0.0,0.0,0.0,0.0,0.0,0.0061730742,0.016522832,0.039138943,0.0,0.0,1.0,1.0,0.07,0.06,0.0,0.77814114,1.0,1.0,0.09431746,0.0,0.0018631518,0.0,0.0,0.080953896,0.0
0.0,0.0,0.029411765,0.1,0.0,0.0,0.0,0.0,0.0,0.0,0.0,0.0,0.0,0.0,0.0,0.0,0.0,0.0,0.0,0.0,0.0,0.0,0.023565255,0.011741683,1.0,1.0,0.0,0.0,0.05,0.09,0.0,0.77254426,1.0,1.0,0.08682648,0.0,0.0,0.0,0.0,0.087877214,0.0
0.0,0.0,0.029411765,0.2,0.0,0.0,0.0,0.0,0.0,0.0,0.0,0.0,0.0,0.0,0.0,0.0,0.0,0.0,0.0,0.0,0.0,0.0,0.017179556,0.0019569471,0.0,0.0,1.0,1.0,0.0,0.07,0.0,0.7649301,1.0,1.0,0.09015625,0.0,0.0022444725,0.0,0.0,0.07799202,0.0
0.0,0.0,0.04411765,0.2,0.0,0.0,0.0,0.0,0.0,0.0,0.0,0.0,0.0,0.0,0.0,0.0,0.0,0.0,0.0,0.0,0.0,0.0,0.018306956,0.007827789,0.0,0.0,1.0,1.0,0.04,0.07,0.0,0.76733387,1.0,1.0,0.08970449,0.0,0.002055183,0.0,0.0,0.078814834,0.0
0.0,0.0,0.2647059,0.1,0.0,0.0,0.0,0.0,0.0,0.0,0.0,0.0,0.0,0.0,0.0,0.0,0.0,0.0,0.0,0.0,0.0,0.0,0.023598425,0.0058708414,1.0,1.0,0.0,0.0,0.02,0.09,0.0,0.77136457,1.0,1.0,0.08649973,0.0,0.0,0.0,0.0,0.0876748,0.0
0.0,0.0,0.029411765,0.2,0.0,0.0,0.0,0.0,0.0,0.0,0.0,0.0,0.0,0.0,0.0,0.0,0.0,0.0,0.0,0.0,0.0,0.0030829906,0.016833834,0.023483366,0.0,0.0,1.0,1.0,0.05,0.07,0.0,0.7726021,1.0,1.0,0.09251582,0.0,0.0021404177,0.0,0.0,0.07956353,0.0
0.0,0.0,0.029411765,0.2,0.0,0.0,0.0,0.0,0.0,0.0,0.0,0.0,0.0,0.0,0.0,0.0,0.0,0.0,0.0,0.0,0.0,0.0012227893,0.01698862,0.0332681,0.0,0.0,1.0,1.0,0.15,0.05,0.0,0.7680421,1.0,1.0,0.09101521,0.0,0.0031355023,0.0,0.0,0.077136725,0.0
0.0,0.0,0.04411765,0.0,0.0008681168,0.0061771553,0.0,0.0,0.0,0.0,0.0,0.0,0.0,0.0,0.0,0.0,0.0,0.0,0.0,0.0,0.0,0.0033842921,0.010812417,0.043052837,0.0,0.0,0.0,0.0,1.0,0.0,0.14,0.7575022,1.0,1.0,0.093268,0.0,0.009819508,0.0,0.0,0.06481844,0.0
0.0,0.0,0.029411765,0.1,0.0,0.0,0.0,0.0,0.0,0.0,0.0,0.0,0.0,0.0,0.0,0.0,0.0,0.0,0.0,0.0,0.0,0.0,0.02356492,0.019569471,1.0,1.0,0.0,0.0,0.08,0.07,0.0,0.77228487,1.0,1.0,0.0867404,0.0,0.0,0.0,0.0,0.08763957,0.0
0.13623841,0.0,0.13235295,0.0,0.0,3.2691223e-05,0.0,0.0,0.0,0.0,0.0,0.0,0.0,0.0,0.0,0.0,0.0,0.0,0.0,0.0,0.0,0.0,0.021831617,0.0019569471,0.0,0.0,0.0,0.0,1.0,0.0,0.0,0.6952239,0.99427724,1.0,0.06682042,0.0,0.003582716,0.0,0.0,0.06810734,0.0
0.0,1.0,0.36764705,0.0,1.6044403e-05,0.0,0.0,0.0,0.0,0.0029980242,0.0,0.0,0.0,0.0,0.0,0.0,0.0,0.0,0.0,0.0,0.0,0.015231639,0.014697164,0.5264188,0.0,0.0,0.0,0.0,1.0,0.0,0.0,0.78444564,1.0,1.0,0.09747567,0.0,0.0040339977,0.0,0.0,0.08610457,0.0
0.0,0.0,0.029411765,0.1,0.0,0.0,0.0,0.0,0.0,0.0,0.0,0.0,0.0,0.0,0.0,0.0,0.0,0.0,0.0,0.0,0.0,0.0,0.02370175,0.0039138943,1.0,1.0,0.0,0.0,0.02,0.07,0.0,0.7687994,1.0,1.0,0.085708775,0.0,0.0,0.0,0.0,0.0869486,0.0
0.0,0.0,0.029411765,0.1,0.0,0.0,0.0,0.0,0.0,0.0,0.0,0.0,0.0,0.0,0.0,0.0,0.0,0.0,0.0,0.0,0.0,0.0,0.024157353,0.009784736,1.0,1.0,0.0,0.0,0.04,0.07,0.0,0.76078725,1.0,1.0,0.08314823,0.0,0.0,0.0,0.0,0.0850929,0.0
0.0,0.0,0.029411765,0.1,0.0,0.0,0.0,0.0,0.0,0.0,0.0,0.0,0.0,0.0,0.0,0.0,0.0,0.0,0.0,0.0,0.0,0.0,0.023023315,0.03522505,1.0,1.0,0.0,0.0,0.07,0.06,0.0,0.78186595,1.0,1.0,0.089912824,0.0,0.0,0.0,0.0,0.09043184,0.0
0.0,0.0,0.04411765,0.3,0.0005344951,0.0021695085,0.0,0.0,0.0,0.0,0.0,0.0,0.0,0.0,0.0,0.0,0.0,0.0,0.0,0.0,0.0,0.009298056,0.010641955,0.0039138943,0.0,0.0,0.5,0.5,1.0,0.0,0.0,0.76768386,1.0,1.0,0.096107714,0.0,0.009808898,0.0,0.0,0.0664978,0.0
0.0,0.0,0.3382353,0.2,0.0,0.0,0.0,0.0,0.0,0.0,0.0,0.0,0.0,0.0,0.0,0.0,0.0,0.0,0.0,0.0,0.0,0.004196435,0.016735531,0.037181996,0.0,0.0,1.0,1.0,0.09,0.07,0.0,0.7740495,1.0,1.0,0.09294509,0.0,0.0024074912,0.0,0.0,0.07946113,0.0
0.0,0.0,0.04411765,0.1,0.0,0.0,0.0,0.0,0.0,0.056868136,0.0,0.0,0.0,0.0,0.0,0.0,0.0024685636,0.025257975,0.0,0.0,0.0,0.071590215,0.01600732,0.18786693,1.0,1.0,0.0,0.0,1.0,0.0,0.0,0.8903574,1.0,1.0,0.12394606,0.0,0.0015317649,0.0,0.0,0.1059646,0.0
0.0,1.0,0.36764705,0.0,1.6426413e-05,0.0,0.0,0.0,0.0,0.006132573,0.0,0.0,0.0,0.0,0.0,0.0,0.0,0.0,0.0,0.0,0.0,0.017740428,0.014967099,0.7925636,0.0,0.0,0.0,0.0,1.0,0.0,0.0,0.7903749,1.0,1.0,0.098898105,0.0,0.0031951368,0.0,0.0,0.088186204,0.0
0.0,0.0,0.45588234,0.1,0.0,0.0,0.0,0.0,0.0,0.0,0.0,0.0,0.0,0.0,0.0,0.0,0.0,0.0,0.0,0.0,0.0,0.0,0.023170233,0.017612524,1.0,1.0,0.0,0.0,0.03,0.06,0.0,0.77768254,1.0,1.0,0.088699065,0.0,0.0,0.0,0.0,0.08959222,0.0
0.0,0.0,0.029411765,0.2,0.0,0.0,0.0,0.0,0.0,0.0,0.0,0.0,0.0,0.0,0.0,0.0,0.0,0.0,0.0,0.0,0.0,0.0049298704,0.016613364,0.037181996,0.0,0.0,1.0,1.0,0.07,0.06,0.0,0.77579284,1.0,1.0,0.09358644,0.0,0.0020363033,0.0,0.0,0.08027506,0.0
0.0,0.0,0.6764706,0.5,0.0,0.0,0.0,0.0,0.0,0.0,0.0,0.0,0.0,0.0,0.0,0.0,0.0,0.0,0.0,0.0,0.0,0.000682801,0.016956069,0.0039138943,0.0,0.0,1.0,1.0,0.01,0.06,0.0,0.76925886,1.0,1.0,0.09160691,0.0,0.0016649663,0.0,0.0,0.079582214,0.0
0.0,0.0,0.029411765,0.1,0.0,0.0,0.0,0.0,0.0,0.0,0.0,0.0,0.0,0.0,0.0,0.0,0.0,0.0,0.0,0.0,0.0,0.0,0.023676924,0.009784736,1.0,1.0,0.0,0.0,0.04,0.06,0.0,0.76866126,1.0,1.0,0.08569311,0.0,0.0,0.0,0.0,0.086866975,0.0
0.0,0.0,0.61764705,0.2,0.0,0.0,0.0,0.0,0.0,0.0,0.0,0.0,0.0,0.0,0.0,0.0,0.0,0.0,0.0,0.0,0.0,0.0017057955,0.016937882,0.01369863,0.0,0.0,1.0,1.0,0.03,0.07,0.0,0.77046204,1.0,1.0,0.09187361,0.0,0.0020284206,0.0,0.0,0.079331756,0.0
1.7326518e-05,0.0,0.22058824,0.0,4.1368454e-05,0.00021769383,0.0,0.0,0.0,0.0,0.0,0.0,0.0,0.0,0.0,0.0,0.0,0.0,0.0,0.0,0.0,0.0022321641,0.010992289,0.0039138943,0.0,0.0,0.0,0.0,0.67,0.67,0.0,0.7556373,1.0,1.0,0.092586,0.0,0.009699941,0.0,0.0,0.06529853,0.0
0.0,0.0,0.029411765,0.2,0.0,0.0,0.0,0.0,0.0,0.0,0.0,0.0,0.0,0.0,0.0,0.0,0.0,0.0,0.0,0.0,0.0,0.0022764206,0.016797803,0.025440313,0.0,0.0,1.0,1.0,0.05,0.06,0.0,0.77118874,1.0,1.0,0.0921905,0.0,0.002151996,0.0,0.0,0.07915145,0.0
0.13005285,0.0,0.13235295,0.0,0.0,3.2691223e-05,0.0,0.0,0.0,0.023504704,0.0,0.0,0.0,0.0,0.0,0.0,0.0,0.0,0.0,0.0,0.0,0.03247595,0.018579736,0.0019569471,0.0,0.0,0.0,0.0,1.0,0.0,0.0,0.8267076,1.0,1.0,0.104875915,0.0,0.00027798116,0.0,0.0,0.096830666,0.0
0.0,1.0,0.36764705,0.0,1.6426413e-05,0.0,0.0,0.0,0.0,0.0,0.0,0.0,0.0,0.0,0.0,0.0,0.0,0.0,0.0,0.0,0.0,0.0,0.033770345,1.0,0.0,0.0,0.0,0.0,1.0,0.0,0.0,0.64648175,0.9317507,1.0,0.04178135,0.0,0.0040794015,0.0,0.0,0.0645816,0.0
0.0,0.0,0.029411765,0.2,0.0,0.0,0.0,0.0,0.0,0.0,0.0,0.0,0.0,0.0,0.0,0.0,0.0,0.0,0.0,0.0,0.0,0.002036482,0.016925082,0.017612524,0.0,0.0,1.0,1.0,0.04,0.06,0.0,0.7708039,1.0,1.0,0.09195077,0.0,0.0021795183,0.0,0.0,0.07916054,0.0
0.0,0.0,0.14705883,0.1,0.0,0.0,0.0,0.0,0.0,0.0015127957,0.0,0.0,0.0,0.0,0.0,0.0,0.0,0.0,0.0,0.0,0.0,0.0047029555,0.022856325,0.017612524,1.0,1.0,0.0,0.0,0.25,0.11,0.0,0.78761184,1.0,1.0,0.09121414,0.0,0.0,0.0,0.0,0.08993724,0.0
0.0,0.0,0.5,0.5,0.0,0.0,0.0,0.0,0.0,0.0,0.0,0.0,0.0,0.0,0.0,0.0,0.0,0.0,0.0,0.0,0.0,0.0046581626,0.016658984,0.0332681,0.0,0.0,1.0,1.0,0.06,0.06,0.0,0.775347,1.0,1.0,0.093423985,0.0,0.0020502806,0.0,0.0,0.08014113,0.0
0.0,0.0,0.073529415,0.1,0.0,0.0,0.0,0.0,0.0,0.0,0.0,0.0,0.0,0.0,0.0,0.0,0.0,0.0,0.0,0.0,0.0,0.0,0.023504741,0.011741683,1.0,1.0,0.0,0.0,0.04,0.1,0.0,0.77396846,1.0,1.0,0.0872749,0.0,0.0,0.0,0.0,0.08829507,0.0
0.0,0.0,0.029411765,0.2,0.0,0.0,0.0,0.0,0.0,0.0,0.0,0.0,0.0,0.0,0.0,0.0,0.0,0.0,0.0,0.0,0.0,0.005258471,0.016814746,0.037181996,0.06,0.0,0.94,1.0,0.08,0.07,0.0,0.77648675,1.0,1.0,0.093563996,0.0,0.002030775,0.0,0.0,0.080513984,0.0
0.0,0.0,0.029411765,0.1,0.0,0.0,0.0,0.0,0.0,0.0,0.0,0.0,0.0,0.0,0.0,0.0,0.0,0.0,0.0,0.0,0.0,0.0,0.02356527,0.007827789,1.0,1.0,0.0,0.0,0.03,0.11,0.0,0.7726271,1.0,1.0,0.08686312,0.0,0.0,0.0,0.0,0.08792192,0.0
0.0,1.0,0.36764705,0.0,8.276875e-06,0.0,0.0,0.0,0.0,0.0,0.0,0.0,0.0,0.0,0.0,0.0,0.0,0.0,0.0,0.0,0.0,0.0,0.020492718,0.99804306,0.0,0.0,0.0,0.0,1.0,0.0,0.0,0.7128092,1.0,1.0,0.07355847,0.0,0.0024764985,0.0,0.0,0.06905365,0.0
0.0,0.0,0.029411765,0.2,0.0,0.0,0.0,0.0,0.0,0.0,0.0,0.0,0.0,0.0,0.0,0.0,0.0,0.0,0.0,0.0,0.0,0.0012007058,0.016948402,0.0058708414,0.0,0.0,1.0,1.0,0.01,0.06,0.0,0.77011025,1.0,1.0,0.091828845,0.0,0.0016768128,0.0,0.0,0.07981068,0.0
1.7326518e-05,0.0,0.22058824,0.0,4.1368454e-05,0.00021769383,0.0,0.0,0.0,0.0,0.0,0.0,0.0,0.0,0.0,0.0,0.0,0.0,0.0,0.0,0.0,0.0028501153,0.010986686,0.0039138943,0.0,0.0,0.33,0.0,0.67,0.67,0.0,0.75670815,1.0,1.0,0.092872106,0.0,0.009687513,0.0,0.0,0.06554419,0.0
0.0,0.0,0.029411765,0.2,0.0,0.0,0.0,0.0,0.0,0.0,0.0,0.0,0.0,0.0,0.0,0.0,0.0,0.0,0.0,0.0,0.0,0.0,0.01721663,0.015655577,0.0,0.0,1.0,1.0,0.07,0.07,0.0,0.7630364,1.0,1.0,0.08949926,0.0,0.0030454546,0.0,0.0,0.076349825,0.0
0.0,0.0,0.1764706,0.1,0.0,0.0,0.0,0.0,0.0,0.0,0.0,0.0,0.0,0.0,0.0,0.0,0.0,0.0,0.0,0.0,0.0,0.0,0.023529626,0.009784736,1.0,1.0,0.0,0.0,0.03,0.09,0.0,0.7730689,1.0,1.0,0.08701988,0.0,0.0,0.0,0.0,0.08807379,0.0
0.0,0.0,0.029411765,0.2,0.0,0.0,0.0,0.0,0.0,0.0,0.0,0.0,0.0,0.0,0.0,0.0,0.0,0.0,0.0,0.0,0.0,0.0031053424,0.0168311,0.031311154,0.0,0.0,1.0,1.0,0.08,0.06,0.0,0.7721566,1.0,1.0,0.09234875,0.0,0.0024607033,0.0,0.0,0.07901907,0.0
0.0,0.0,0.029411765,0.1,0.0,0.0,0.0,0.0,0.0,0.0,0.0,0.0,0.0,0.0,0.0,0.0,0.0,0.0,0.0,0.0,0.0,0.0,0.023385435,0.007827789,1.0,1.0,0.0,0.0,0.02,0.08,0.0,0.7744651,1.0,1.0,0.087596424,0.0,0.0,0.0,0.0,0.08867979,0.0
0.0,0.0,0.029411765,0.2,0.0,0.0,0.0,0.0,0.0,0.0,0.0,0.0,0.0,0.0,0.0,0.0,0.0,0.0,0.0,0.0,0.0,0.0027077496,0.016850293,0.02739726,0.0,0.0,1.0,1.0,0.06,0.06,0.0,0.77167237,1.0,1.0,0.092224695,0.0,0.0023306906,0.0,0.0,0.07913178,0.0
0.0,0.0,0.029411765,0.5,0.0,0.0,0.0,0.0,0.0,0.0,0.0,0.0,0.0,0.0,0.0,0.0,0.0,0.0,0.0,0.0,0.0,0.0020015538,0.016923107,0.039138943,0.0,0.0,1.0,1.0,0.18,0.07,0.0,0.76927114,1.0,1.0,0.09139257,0.0,0.003180921,0.0,0.0,0.077305585,0.0
0.0,0.0,0.029411765,0.2,0.0,0.0,0.0,0.0,0.0,0.0,0.0,0.0,0.0,0.0,0.0,0.0,0.0,0.0,0.0,0.0,0.0,0.0046027303,0.016739197,0.031311154,0.0,0.0,1.0,1.0,0.07,0.07,0.0,0.7751566,1.0,1.0,0.0932715,0.0,0.0021272749,0.0,0.0,0.08015606,0.0
0.0,1.0,0.36764705,0.0,1.6044403e-05,0.0,0.0,0.0,0.0,0.0,0.0,0.0,0.0,0.0,0.0,0.0,0.0,0.0,0.0,0.0,0.0,0.0113969445,0.014208913,0.12915851,0.0,0.0,0.0,0.0,1.0,0.0,0.0,0.7765089,1.0,1.0,0.09580775,0.0,0.0048892647,0.0,0.0,0.08224478,0.0
0.01408646,0.0,0.04411765,0.3,0.0009789632,0.0,0.0,0.0,0.0,0.041695118,0.0,0.0,0.0,0.0,0.0,0.0,0.0034411252,0.021984518,0.0,0.0,0.0,0.06323025,0.0091003105,0.043052837,0.0,0.0,1.0,1.0,1.0,0.0,0.0,0.860729,1.0,1.0,0.12207415,0.0,0.009314194,0.0,0.0,0.08343229,0.0
0.0,0.0,0.029411765,0.1,0.0,0.0,0.0,0.0,0.0,0.0,0.0,0.0,0.0,0.0,0.0,0.0,0.0,0.0,0.0,0.0,0.0,0.0,0.023599632,0.007827789,1.0,1.0,0.0,0.0,0.05,0.12,0.0,0.7757753,1.0,1.0,0.087598555,0.0,0.0,0.0,0.0,0.08848411,0.0
0.0,0.0,0.2647059,0.2,0.0,0.0,0.0,0.0,0.0,0.0,0.0,0.0,0.0,0.0,0.0,0.0,0.0,0.0,0.0,0.0,0.0,0.00080761313,0.017052144,0.023483366,0.0,0.0,1.0,1.0,0.09,0.06,0.0,0.76776385,1.0,1.0,0.09092041,0.0,0.00285919,0.0,0.0,0.07757363,0.0
0.0,0.0,0.029411765,0.2,0.0,0.0,0.0,0.0,0.0,0.0,0.0,0.0,0.0,0.0,0.0,0.0,0.0,0.0,0.0,0.0,0.0,0.0027234256,0.01681593,0.031311154,0.0,0.0,1.0,1.0,0.08,0.07,0.0,0.77152824,1.0,1.0,0.09220805,0.0,0.0024418086,0.0,0.0,0.0788576,0.0
0.013843888,0.0,0.04411765,0.3,0.001178245,0.0,0.0,0.0,0.0,0.0,0.0,0.0,0.0,0.0,0.0,0.0,0.0,0.0,0.0,0.0,0.0,0.0060980916,0.011086471,0.029354207,0.0,0.0,1.0,1.0,1.0,0.0,0.0,0.76252854,1.0,1.0,0.09432412,0.0,0.009721637,0.0,0.0,0.06592801,0.0
0.0,0.0,0.04411765,0.1,0.0,0.0,0.0,0.0,0.0,0.016445667,0.0,0.0,0.0,0.0,0.0,0.0,0.0,0.0,0.0,0.0,0.0,0.03140855,0.013846569,0.02739726,0.79,0.79,0.21,0.21,1.0,0.0,0.0,0.8134589,1.0,1.0,0.10542231,0.0,0.0061589777,0.0,0.0,0.0814628,0.0
0.0,0.0,0.029411765,0.2,0.0,0.0,0.0,0.0,0.0,0.0,0.0,0.0,0.0,0.0,0.0,0.0,0.0,0.0,0.0,0.0,0.0,0.0,0.017053232,0.01369863,0.0,0.0,1.0,1.0,0.04,0.06,0.0,0.76694024,1.0,1.0,0.090778805,0.0,0.0024393648,0.0,0.0,0.07798022,0.0
0.0,0.0,0.029411765,0.2,0.0,0.0,0.0,0.0,0.0,0.0,0.0,0.0,0.0,0.0,0.0,0.0,0.0,0.0,0.0,0.0,0.0,0.0,0.0170931,0.021526419,0.0,0.0,1.0,1.0,0.08,0.06,0.0,0.7645856,1.0,1.0,0.09004877,0.0,0.0029310584,0.0,0.0,0.07674745,0.0
0.0,0.0,0.29411766,0.2,0.0,0.0,0.0,0.0,0.0,0.0,0.0,0.0,0.0,0.0,0.0,0.0,0.0,0.0,0.0,0.0,0.0,0.004198402,0.016726196,0.031311154,0.0,0.0,1.0,1.0,0.06,0.06,0.0,0.77448094,1.0,1.0,0.09311517,0.0,0.002115354,0.0,0.0,0.07997507,0.0
0.0,0.0,0.3970588,0.2,0.0,0.0,0.0,0.0,0.0,0.0,0.0,0.0,0.0,0.0,0.0,0.0,0.0,0.0,0.0,0.0,0.0,0.0,0.01710254,0.0058708414,0.0,0.0,1.0,1.0,0.01,0.07,0.0,0.76669514,1.0,1.0,0.090702645,0.0,0.0021841973,0.0,0.0,0.078406096,0.0
0.0,0.0,0.05882353,0.2,0.0,0.0,0.0,0.0,0.0,0.0,0.0,0.0,0.0,0.0,0.0,0.0,0.0,0.0,0.0,0.0,0.0,0.0023953915,0.01688087,0.019569471,0.0,0.0,1.0,1.0,0.04,0.06,0.0,0.7715013,1.0,1.0,0.09218841,0.0,0.0021020472,0.0,0.0,0.07942262,0.0
0.0,1.0,0.36764705,0.0,1.6426413e-05,0.0,0.0,0.0,0.0,0.0011886358,0.0,0.0,0.0,0.0,0.0,0.0,0.0,0.0,0.0,0.0,0.0,0.013661832,0.014419302,0.32289627,0.0,0.0,0.0,0.0,1.0,0.0,0.0,0.7810968,1.0,1.0,0.096838735,0.0,0.00444147,0.0,0.0,0.084309906,0.0
0.035657976,0.0,0.04411765,0.3,0.001155006,0.0,0.0,0.0,0.0,0.029430807,0.0,0.0,0.0,0.0,0.0,0.0,0.0017741024,0.0112834275,0.0,0.0,0.0,0.049509287,0.009733304,0.019569471,0.0,0.0,1.0,1.0,1.0,0.0,0.0,0.8372439,1.0,1.0,0.11527949,0.0,0.009350657,0.0,0.0,0.07962614,0.0
0.0,0.0,0.47058824,0.1,0.0,0.0,0.0,0.0,0.0,0.0,0.0,0.0,0.0,0.0,0.0,0.0,0.0,0.0,0.0,0.0,0.0,0.0,0.023437627,0.009784736,1.0,1.0,0.0,0.0,0.03,0.08,0.0,0.7743175,1.0,1.0,0.08747216,0.0,0.0,0.0,0.0,0.088523656,0.0
0.0,0.0,0.04411765,0.1,0.0,0.0,0.0,0.0,0.0,0.037999123,0.0,0.0,0.0,0.0,0.0,0.0,0.0013816729,0.014505535,0.0,0.0,0.0,0.05484593,0.013394274,0.078277886,0.62,0.62,0.35,0.35,1.0,0.0,0.0,0.8544761,1.0,1.0,0.11667269,0.0,0.0054766387,0.0,0.0,0.090521336,0.0
0.0,1.0,0.36764705,0.0,1.6044403e-05,0.0,0.0,0.0,0.0,0.0071959794,0.0,0.0,0.0,0.0,0.0,0.0,0.0,0.0,0.0,0.0,0.0,0.018564284,0.015050463,0.8806262,0.0,0.0,0.0,0.0,1.0,0.0,0.0,0.7924001,1.0,1.0,0.099400334,0.0,0.0028900802,0.0,0.0,0.08882278,0.0
0.0,0.0,0.19117647,0.1,0.0,0.0,0.0,0.0,0.0,0.0010205805,0.0,0.0,0.0,0.0,0.0,0.0,0.0,0.0,0.0,0.0,0.0,0.0012977421,0.022846565,0.039138943,1.0,1.0,0.0,0.0,0.07,0.06,0.0,0.7856388,1.0,1.0,0.09111475,0.0,0.0,0.0,0.0,0.09148088,0.0
0.0,1.0,0.36764705,0.0,8.276875e-06,0.0,0.0,0.0,0.0,0.0042892694,0.0,0.0,0.0,0.0,0.0,0.0,0.0,0.0,0.0,0.0,0.0,0.016312331,0.01482255,0.6399217,0.0,0.0,0.0,0.0,1.0,0.0,0.0,0.7868644,1.0,1.0,0.09802752,0.0,0.0037239492,0.0,0.0,0.08708277,0.0
0.0,1.0,0.36764705,0.0,8.08587e-06,0.0,0.0,0.0,0.0,0.00045612454,0.0,0.0,0.0,0.0,0.0,0.0,0.0,0.0,0.0,0.0,0.0,0.012964815,0.014408588,0.29158512,0.0,0.0,0.0,0.0,1.0,0.0,0.0,0.7797539,1.0,1.0,0.096489705,0.0,0.0045395643,0.0,0.0,0.083822906,0.0
0.0,0.0,0.029411765,0.1,0.0,0.0,0.0,0.0,0.0,0.0,0.0,0.0,0.0,0.0,0.0,0.0,0.0,0.0,0.0,0.0,0.0,0.0,0.023543268,0.0039138943,1.0,1.0,0.0,0.0,0.01,0.08,0.0,0.77155244,1.0,1.0,0.08663862,0.0,0.0,0.0,0.0,0.087845415,0.0
0.01557654,0.0,0.04411765,0.3,0.0009923336,0.0,0.0,0.0,0.0,0.021296412,0.0,0.0,0.0,0.0,0.0,0.0,0.0012463778,0.0038758814,0.0,0.0,0.0,0.04020372,0.009627745,0.1780822,0.01,0.01,0.98,0.98,1.0,0.0,0.0,0.82104623,1.0,1.0,0.11114291,0.0,0.009281591,0.0,0.0,0.07717693,0.0
0.12883998,0.0,0.13235295,0.0,0.0,3.2691223e-05,0.0,0.0,0.0,0.0,0.0,0.0,0.0,0.0,0.0,0.0,0.0,0.0,0.0,0.0,0.0,0.0014772713,0.01789093,0.0019569471,0.0,0.0,0.0,0.0,1.0,0.0,0.0,0.7669462,1.0,1.0,0.089418255,0.0,0.0035050213,0.0,0.0,0.082428366,0.0
0.0,0.0,0.029411765,0.2,0.0,0.0,0.0,0.0,0.0,0.0,0.0,0.0,0.0,0.0,0.0,0.0,0.0,0.0,0.0,0.0,0.0,0.0014232993,0.017059378,0.007827789,0.0,0.0,1.0,1.0,0.02,0.08,0.0,0.7699208,1.0,1.0,0.09159004,0.0,0.0021052808,0.0,0.0,0.079251766,0.0
0.0,0.0,0.029411765,0.2,0.0,0.0,0.0,0.0,0.0,0.0,0.0,0.0,0.0,0.0,0.0,0.0,0.0,0.0,0.0,0.0,0.0,0.0,0.017310068,0.009784736,0.0,0.0,1.0,1.0,0.05,0.08,0.0,0.7611909,1.0,1.0,0.088918574,0.0,0.0030915886,0.0,0.0,0.07592732,0.0
0.0,0.0,0.04411765,0.1,0.0,0.0,0.0,0.0,0.0,0.056886226,0.0,0.0,0.0,0.0,0.0,0.0,0.0017132983,0.023567975,0.0,0.0,0.0,0.06900182,0.018637948,0.12915851,1.0,1.0,0.0,0.0,1.0,0.0,0.0,0.89136946,1.0,1.0,0.121948086,0.0,0.0,0.0,0.0,0.11008841,0.0
0.0,0.0,0.029411765,0.2,0.0,0.0,0.0,0.0,0.0,0.0,0.0,0.0,0.0,0.0,0.0,0.0,0.0,0.0,0.0,0.0,0.0,0.0,0.01731778,0.0039138943,0.0,0.0,1.0,1.0,0.02,0.06,0.0,0.7612426,1.0,1.0,0.08896353,0.0,0.002855882,0.0,0.0,0.07628518,0.0
0.0,0.0,0.029411765,0.1,0.0,0.0,0.0,0.0,0.0,0.0,0.0,0.0,0.0,0.0,0.0,0.0,0.0,0.0,0.0,0.0,0.0,0.0,0.023202635,0.011741683,1.0,1.0,0.0,0.0,0.02,0.06,0.0,0.7762605,1.0,1.0,0.08830773,0.0,0.0,0.0,0.0,0.089407325,0.0
0.0,0.0,0.029411765,0.2,0.0,0.0,0.0,0.0,0.0,0.0,0.0,0.0,0.0,0.0,0.0,0.0,0.0,0.0,0.0,0.0,0.0,0.0,0.017393172,0.0019569471,0.0,0.0,1.0,1.0,0.01,0.06,0.0,0.75826585,1.0,1.0,0.08809178,0.0,0.0030100644,0.0,0.0,0.07544494,0.0
0.0,0.0,0.029411765,0.1,0.0,0.0,0.0,0.0,0.0,0.0,0.0,0.0,0.0,0.0,0.0,0.0,0.0,0.0,0.0,0.0,0.0,0.0,0.02331204,0.021526419,1.0,1.0,0.0,0.0,0.06,0.09,0.0,0.7774823,1.0,1.0,0.08841742,0.0,0.0,0.0,0.0,0.089218974,0.0
0.0,0.0,0.6764706,0.1,0.0,0.0,0.0,0.0,0.0,0.0,0.0,0.0,0.0,0.0,0.0,0.0,0.0,0.0,0.0,0.0,0.0,2.771616e-05,0.022962809,0.03522505,1.0,1.0,0.0,0.0,0.07,0.06,0.0,0.78329,1.0,1.0,0.090361185,0.0,0.0,0.0,0.0,0.0908497,0.0
0.0,0.0,0.04411765,0.1,0.0,0.0,0.0,0.0,0.0,0.0,0.0,0.0,0.0,0.0,0.0,0.0,0.0,0.0,0.0,0.0,0.0,0.0,0.023361176,0.0332681,1.0,1.0,0.0,0.0,0.3,0.07,0.0,0.76181364,1.0,1.0,0.083929755,0.0,0.0,0.0,0.0,0.08483425,0.0
0.0,0.0,0.029411765,0.2,0.0,0.0,0.0,0.0,0.0,0.0,0.0,0.0,0.0,0.0,0.0,0.0,0.0,0.0,0.0,0.0,0.0,0.0,0.01730077,0.007827789,0.0,0.0,1.0,1.0,0.04,0.07,0.0,0.7616794,1.0,1.0,0.08907195,0.0,0.0029929131,0.0,0.0,0.07615301,0.0
0.035969853,0.0,0.04411765,0.3,0.001155006,0.0,0.0,0.0,0.0,0.0,0.0,0.0,0.0,0.0,0.0,0.0,0.0,0.0,0.0,0.0,0.0,0.002346307,0.011180162,0.017612524,0.0,0.0,1.0,1.0,1.0,0.0,0.0,0.75590694,1.0,1.0,0.09247684,0.0,0.009705454,0.0,0.0,0.06537035,0.0
0.0,0.0,0.029411765,0.1,0.0,0.0,0.0,0.0,0.0,0.0,0.0,0.0,0.0,0.0,0.0,0.0,0.0,0.0,0.0,0.0,0.0,0.0,0.023577549,0.02739726,1.0,1.0,0.0,0.0,0.13,0.06,0.0,0.77220047,1.0,1.0,0.08667339,0.0,0.0,0.0,0.0,0.08747432,0.0
0.0,0.0,0.029411765,0.2,0.0,0.0,0.0,0.0,0.0,0.0,0.0,0.0,0.0,0.0,0.0,0.0,0.0,0.0,0.0,0.0,0.0,0.0,0.017175153,0.017612524,0.0,0.0,1.0,1.0,0.08,0.06,0.0,0.7633333,1.0,1.0,0.089620344,0.0,0.0030648708,0.0,0.0,0.076281786,0.0
0.0,0.0,0.029411765,0.2,0.0,0.0,0.0,0.0,0.0,0.0,0.0,0.0,0.0,0.0,0.0,0.0,0.0,0.0,0.0,0.0,0.0,0.0053274035,0.01659476,0.0332681,0.0,0.0,1.0,1.0,0.06,0.05,0.0,0.77677,1.0,1.0,0.09389322,0.0,0.0018388629,0.0,0.0,0.080726415,0.0
0.0,0.0,0.029411765,0.2,0.0,0.0,0.0,0.0,0.0,0.0,0.0,0.0,0.0,0.0,0.0,0.0,0.0,0.0,0.0,0.0,0.0,0.0,0.017183833,0.017612524,0.0,0.0,1.0,1.0,0.08,0.07,0.0,0.7641041,1.0,1.0,0.089808024,0.0,0.0030626357,0.0,0.0,0.076501876,0.0
0.0,0.0,0.23529412,0.2,0.0,0.0,0.0,0.0,0.0,0.0,0.0,0.0,0.0,0.0,0.0,0.0,0.0,0.0,0.0,0.0,0.0,0.0021938682,0.016839169,0.01369863,0.0,0.0,1.0,1.0,0.02,0.06,0.0,0.7716836,1.0,1.0,0.092342965,0.0,0.0017347187,0.0,0.0,0.07993114,0.0
0.1308672,0.0,0.13235295,0.0,0.0,3.2691223e-05,0.0,0.0,0.0,0.0,0.0,0.0,0.0,0.0,0.0,0.0,0.0,0.0,0.0,0.0,0.0,0.0,0.018657789,0.0019569471,0.0,0.0,0.0,0.0,1.0,0.0,0.0,0.75820446,1.0,1.0,0.08644796,0.0,0.0030350536,0.0,0.0,0.0817489,0.0
0.0,0.0,0.13235295,0.8,0.0,3.2691223e-05,0.0,0.0,0.0,0.020923436,0.0,0.0,0.0,0.0,0.0,0.0,0.0,0.0,0.0,0.0,0.0,0.028164595,0.01896163,0.0019569471,1.0,1.0,0.0,0.0,1.0,0.0,0.0,0.8218547,1.0,1.0,0.10342362,0.0,0.0,0.0,0.0,0.09602764,0.0
0.0,0.0,0.6911765,0.2,0.0,0.0,0.0,0.0,0.0,0.0,0.0,0.0,0.0,0.0,0.0,0.0,0.0,0.0,0.0,0.0,0.0,0.001088202,0.01693996,0.03522505,0.0,0.0,1.0,1.0,0.14,0.05,0.0,0.7678739,1.0,1.0,0.09103399,0.0,0.003074348,0.0,0.0,0.077139735,0.0
1.7326518e-05,0.0,0.22058824,0.0,4.1368454e-05,0.00021769383,0.0,0.0,0.0,0.0,0.0,0.0,0.0,0.0,0.0,0.0,0.0,0.0,0.0,0.0,0.0,0.0,0.013672605,0.0039138943,0.0,0.0,0.0,0.0,1.0,0.0,0.0,0.7518048,1.0,1.0,0.08920423,0.0,0.006965235,0.0,0.0,0.0728645,0.0
0.013930521,0.0,0.04411765,0.3,0.0012479617,0.0,0.0,0.0,0.0,0.028588504,0.0,0.0,0.0,0.0,0.0,0.0,0.0019610077,0.009999365,0.0,0.0,0.0,0.04829228,0.009511128,0.15068494,0.03,0.03,0.97,0.97,1.0,0.0,0.0,0.8351147,1.0,1.0,0.114952706,0.0,0.009173065,0.0,0.0,0.07988745,0.0
0.0,0.0,0.029411765,0.1,0.0,0.0,0.0,0.0,0.0,0.0001886189,0.0,0.0,0.0,0.0,0.0,0.0,0.0,0.0,0.0,0.0,0.0,0.00039866567,0.022903435,0.03522505,1.0,1.0,0.0,0.0,0.06,0.06,0.0,0.7840955,1.0,1.0,0.09065298,0.0,0.0,0.0,0.0,0.09113994,0.0
1.7326518e-05,0.0,0.22058824,0.0,4.1368454e-05,0.00021769383,0.0,0.0,0.0,0.0,0.0,0.0,0.0,0.0,0.0,0.0,0.0,0.0,0.0,0.0,0.0,0.0018352866,0.012433022,0.0039138943,0.0,0.0,0.0,0.0,1.0,0.0,0.0,0.75604904,1.0,1.0,0.09124582,0.0,0.008489892,0.0,0.0,0.07215631,0.0
0.0,0.0,0.63235295,0.5,0.0,0.0,0.0,0.0,0.0,0.0,0.0,0.0,0.0,0.0,0.0,0.0,0.0,0.0,0.0,0.0,0.0,0.0,0.017382659,0.0019569471,0.0,0.0,1.0,1.0,0.01,0.07,0.0,0.75946355,1.0,1.0,0.088420145,0.0,0.0029444247,0.0,0.0,0.07584062,0.0
0.0,0.0,0.029411765,0.2,0.0,0.0,0.0,0.0,0.0,0.0,0.0,0.0,0.0,0.0,0.0,0.0,0.0,0.0,0.0,0.0,0.0,0.0012366474,0.016921237,0.015655577,0.0,0.0,1.0,1.0,0.03,0.06,0.0,0.7695823,1.0,1.0,0.091657735,0.0,0.002072975,0.0,0.0,0.07904214,0.0
0.0,0.0,0.029411765,0.2,0.0,0.0,0.0,0.0,0.0,0.0,0.0,0.0,0.0,0.0,0.0,0.0,0.0,0.0,0.0,0.0,0.0,0.004905522,0.016625486,0.03522505,0.0,0.0,1.0,1.0,0.07,0.06,0.0,0.775807,1.0,1.0,0.09358343,0.0,0.0020080358,0.0,0.0,0.080305606,0.0
0.0,0.0,0.029411765,0.2,0.0,0.0,0.0,0.0,0.0,0.0,0.0,0.0,0.0,0.0,0.0,0.0,0.0,0.0,0.0,0.0,0.0,0.00010690093,0.018216781,0.01369863,0.0,0.0,1.0,1.0,0.07,0.06,0.0,0.7684095,1.0,1.0,0.090062104,0.0,0.0021258295,0.0,0.0,0.07891232,0.0
0.0,0.0,0.029411765,0.2,0.0,0.0,0.0,0.0,0.0,0.0,0.0,0.0,0.0,0.0,0.0,0.0,0.0,0.0,0.0,0.0,0.0,0.0021723807,0.01690226,0.019569471,0.0,0.0,1.0,1.0,0.04,0.07,0.0,0.77102697,1.0,1.0,0.09203201,0.0,0.0021725446,0.0,0.0,0.07922754,0.0
0.0,0.0,0.1764706,0.2,0.0,0.0,0.0,0.0,0.0,0.0,0.0,0.0,0.0,0.0,0.0,0.0,0.0,0.0,0.0,0.0,0.0,0.0,0.017124072,0.0019569471,0.0,0.0,1.0,1.0,0.0,0.07,0.0,0.7671238,1.0,1.0,0.09081315,0.0,0.0020308048,0.0,0.0,0.07879737,0.0
0.0,0.0,0.38235295,0.2,0.0,0.0,0.0,0.0,0.0,0.0,0.0,0.0,0.0,0.0,0.0,0.0,0.0,0.0,0.0,0.0,0.0,0.0017437935,0.016900696,0.025440313,0.0,0.0,1.0,1.0,0.06,0.06,0.0,0.7698724,1.0,1.0,0.09168991,0.0,0.0024598092,0.0,0.0,0.078513086,0.0
0.0,0.0,0.029411765,0.1,0.0,0.0,0.0,0.0,0.0,0.0,0.0,0.0,0.0,0.0,0.0,0.0,0.0,0.0,0.0,0.0,0.0,0.0,0.023403317,0.011741683,1.0,1.0,0.0,0.0,0.03,0.08,0.0,0.7741406,1.0,1.0,0.08747222,0.0,0.0,0.0,0.0,0.088547945,0.0
0.0,0.0,0.029411765,0.2,0.0,0.0,0.0,0.0,0.0,0.0,0.0,0.0,0.0,0.0,0.0,0.0,0.0,0.0,0.0,0.0,0.0,0.0,0.017136104,0.007827789,0.0,0.0,1.0,1.0,0.02,0.06,0.0,0.76629233,1.0,1.0,0.090526514,0.0,0.002419874,0.0,0.0,0.07795328,0.0
0.0,0.0,0.029411765,0.2,0.0,0.0,0.0,0.0,0.0,0.0,0.0,0.0,0.0,0.0,0.0,0.0,0.0,0.0,0.0,0.0,0.0,0.0002860725,0.017036162,0.0058708414,0.0,0.0,1.0,1.0,0.01,0.07,0.0,0.76816547,1.0,1.0,0.09118753,0.0,0.0019657463,0.0,0.0,0.079010844,0.0
0.0,0.0,0.04411765,0.1,0.0,0.0,0.0,0.0,0.0,0.04636672,0.0,0.0,0.0,0.0,0.0,0.0,0.0021284148,0.020246297,0.0,0.0,0.0,0.06318188,0.013748802,0.09589041,0.88,0.88,0.1,0.1,1.0,0.0,0.0,0.87029576,1.0,1.0,0.1205624,0.0,0.0045517385,0.0,0.0,0.09559551,0.0
0.0,0.0,0.029411765,0.1,0.0,0.0,0.0,0.0,0.0,0.0,0.0,0.0,0.0,0.0,0.0,0.0,0.0,0.0,0.0,0.0,0.0,0.0,0.023421153,0.015655577,1.0,1.0,0.0,0.0,0.05,0.1,0.0,0.77587414,1.0,1.0,0.08786797,0.0,0.0,0.0,0.0,0.088766664,0.0
0.0,0.0,0.04411765,0.1,0.0,0.0,0.0,0.0,0.0,0.017869443,0.0,0.0,0.0,0.0,0.0,0.0,0.0,0.0,0.0,0.0,0.0,0.032898515,0.013886929,0.021526419,1.0,1.0,0.0,0.0,1.0,0.0,0.0,0.8161552,1.0,1.0,0.10609423,0.0,0.0060599744,0.0,0.0,0.0822804,0.0
0.0,0.0,0.029411765,0.2,0.0,0.0,0.0,0.0,0.0,0.0,0.0,0.0,0.0,0.0,0.0,0.0,0.0,0.0,0.0,0.0,0.0,0.0009743571,0.01705072,0.007827789,0.0,0.0,1.0,1.0,0.02,0.07,0.0,0.76915,1.0,1.0,0.091402315,0.0,0.0021075606,0.0,0.0,0.079031676,0.0
0.0,0.0,0.11764706,0.2,0.0,0.0,0.0,0.0,0.0,0.0,0.0,0.0,0.0,0.0,0.0,0.0,0.0,0.0,0.0,0.0,0.0,0.0017050803,0.016876332,0.015655577,0.0,0.0,1.0,1.0,0.03,0.06,0.0,0.7705784,1.0,1.0,0.09198617,0.0,0.0019249767,0.0,0.0,0.0794518,0.0
0.0,0.0,0.13235295,0.8,0.0,3.2691223e-05,0.0,0.0,0.0,0.0,0.0,0.0,0.0,0.0,0.0,0.0,0.0,0.0,0.0,0.0,0.0,0.0,0.020803012,0.0019569471,1.0,1.0,0.0,0.0,1.0,0.0,0.0,0.722538,1.0,1.0,0.07522058,0.0,0.0022650212,0.0,0.0,0.0747889,0.0
0.036247075,0.0,0.04411765,0.3,0.001178245,0.0,0.0,0.0,0.0,0.031248063,0.0,0.0,0.0,0.0,0.0,0.0,0.0019810647,0.01288107,0.0,0.0,0.0,0.051555723,0.009675004,0.01369863,0.0,0.0,1.0,1.0,1.0,0.0,0.0,0.8407624,1.0,1.0,0.11626058,0.0,0.009350255,0.0,0.0,0.080194145,0.0
0.0,0.0,0.029411765,0.1,0.0,0.0,0.0,0.0,0.0,0.0,0.0,0.0,0.0,0.0,0.0,0.0,0.0,0.0,0.0,0.0,0.0,0.0,0.023629442,0.011741683,1.0,1.0,0.0,0.0,0.04,0.06,0.0,0.7692642,1.0,1.0,0.08590823,0.0,0.0,0.0,0.0,0.08707675,0.0
0.0,0.0,0.029411765,0.2,0.0,0.0,0.0,0.0,0.0,0.0,0.0,0.0,0.0,0.0,0.0,0.0,0.0,0.0,0.0,0.0,0.0,0.005066395,0.016652688,0.029354207,0.0,0.0,1.0,1.0,0.05,0.06,0.0,0.77639246,1.0,1.0,0.09373783,0.0,0.0018053204,0.0,0.0,0.08078596,0.0
0.0,0.0,0.6911765,0.2,0.0,0.0,0.0,0.0,0.0,0.0,0.0,0.0,0.0,0.0,0.0,0.0,0.0,0.0,0.0,0.0,0.0,0.0,0.017272875,0.007827789,0.0,0.0,1.0,1.0,0.03,0.07,0.0,0.7622961,1.0,1.0,0.08927529,0.0,0.0029013306,0.0,0.0,0.07640657,0.0
0.0,0.0,0.029411765,0.1,0.0,0.0,0.0,0.0,0.0,0.0,0.0,0.0,0.0,0.0,0.0,0.0,0.0,0.0,0.0,0.0,0.0,0.0,0.023273095,0.031311154,1.0,1.0,0.0,0.0,0.08,0.06,0.0,0.7777051,1.0,1.0,0.08850273,0.0,0.0,0.0,0.0,0.08914748,0.0
0.0,0.0,0.20588236,0.2,0.0,0.0,0.0,0.0,0.0,0.0,0.0,0.0,0.0,0.0,0.0,0.0,0.0,0.0,0.0,0.0,0.0,0.0011250675,0.016932577,0.007827789,0.0,0.0,1.0,1.0,0.01,0.06,0.0,0.769838,1.0,1.0,0.09176222,0.0,0.0017808974,0.0,0.0,0.07950854,0.0
0.0,0.5,0.029411765,0.0,4.4567784e-07,0.0,0.0,1.0,0.0,0.0,0.0,0.0,0.0,0.0,0.0,0.0,0.0,0.0,0.0,0.0,0.0,0.0,0.034629256,0.086105675,0.0,0.0,0.0,0.0,1.0,0.0,0.0,0.6376076,0.9206826,1.0,0.037642635,0.0,0.009416223,0.0,0.0,0.06043546,0.0
0.0,0.0,0.029411765,0.2,0.0,0.0,0.0,0.0,0.0,0.0,0.0,0.0,0.0,0.0,0.0,0.0,0.0,0.0,0.0,0.0,0.0,0.0010561347,0.016948357,0.01369863,0.0,0.0,1.0,1.0,0.03,0.06,0.0,0.76926434,1.0,1.0,0.09154522,0.0,0.002094075,0.0,0.0,0.0789361,0.0
0.0,0.0,0.029411765,0.1,0.0,0.0,0.0,0.0,0.0,0.0,0.0,0.0,0.0,0.0,0.0,0.0,0.0,0.0,0.0,0.0,0.0,0.0005545616,0.023225643,0.0332681,1.0,1.0,0.0,0.0,0.12,0.09,0.0,0.7833786,1.0,1.0,0.08999159,0.0,0.0,0.0,0.0,0.09031659,0.0
0.03583124,0.0,0.04411765,0.3,0.001483216,0.0,0.0,0.0,0.0,0.0,0.0,0.0,0.0,0.0,0.0,0.0,0.0,0.0,0.0,0.0,0.0,0.0,0.011451401,0.011741683,0.0,0.0,0.83,0.83,1.0,0.0,0.0,0.74335885,1.0,1.0,0.08890837,0.0,0.009745434,0.0,0.0,0.063335985,0.0
0.0,0.0,0.014705882,0.5,0.0,0.0,0.0,0.0,0.0,0.0,0.0,0.0,0.0,0.0,0.0,0.0,0.0,0.0,0.0,0.0,0.0,0.0,0.01711262,0.025440313,0.0,0.0,1.0,1.0,0.12,0.06,0.0,0.7651764,1.0,1.0,0.09014141,0.0,0.0031574517,0.0,0.0,0.07658172,0.0
0.0,0.0,0.029411765,0.1,0.0,0.0,0.0,0.0,0.0,0.0,0.0,0.0,0.0,0.0,0.0,0.0,0.0,0.0,0.0,0.0,0.0,0.0,0.023374401,0.019569471,1.0,1.0,0.0,0.0,0.06,0.09,0.0,0.77667797,1.0,1.0,0.088129364,0.0,0.0,0.0,0.0,0.08893648,0.0
0.0,0.0,0.029411765,0.2,0.0,0.0,0.0,0.0,0.0,0.0,0.0,0.0,0.0,0.0,0.0,0.0,0.0,0.0,0.0,0.0,0.0,0.0019695163,0.016931549,0.017612524,0.0,0.0,1.0,1.0,0.04,0.06,0.0,0.7706617,1.0,1.0,0.0919038,0.0,0.0022006482,0.0,0.0,0.07910204,0.0
0.0,0.0,0.029411765,0.1,0.0,0.0,0.0,0.0,0.0,0.0,0.0,0.0,0.0,0.0,0.0,0.0,0.0,0.0,0.0,0.0,0.0,0.0,0.023718357,0.011741683,1.0,1.0,0.0,0.0,0.17,0.17,0.0,0.7740816,1.0,1.0,0.0869784,0.0,0.0,0.0,0.0,0.087858796,0.0
0.0,0.0,0.029411765,0.1,0.0,0.0,0.0,0.0,0.0,0.0,0.0,0.0,0.0,0.0,0.0,0.0,0.0,0.0,0.0,0.0,0.0,0.0,0.02365911,0.007827789,1.0,1.0,0.0,0.0,0.03,0.06,0.0,0.7689444,1.0,1.0,0.085798986,0.0,0.0,0.0,0.0,0.08697635,0.0
0.0,0.0,0.42647058,0.2,0.0,0.0,0.0,0.0,0.0,0.0,0.0,0.0,0.0,0.0,0.0,0.0,0.0,0.0,0.0,0.0,0.0,0.0,0.017309226,0.0039138943,0.0,0.0,1.0,1.0,0.01,0.06,0.0,0.7614324,1.0,1.0,0.089026086,0.0,0.0028276742,0.0,0.0,0.076363295,0.0
0.0,0.0,0.04411765,0.0,0.0008681168,0.0061771553,0.0,0.0,0.0,0.0,0.0,0.0,0.0,0.0,0.0,0.0,0.0,0.0,0.0,0.0,0.0,0.007190734,0.01067321,0.09001957,0.0,0.0,0.0,0.0,1.0,0.0,0.04,0.763993,1.0,1.0,0.09510969,0.0,0.009835571,0.0,0.0,0.06581959,0.0
0.0,0.0,0.13235295,0.1,0.0,0.0,0.0,0.0,0.0,0.061255485,0.0,0.0,0.0,0.0,0.0,0.0,0.002836667,0.026695698,0.0,0.0,0.0,0.07190925,0.019506961,0.26027396,1.0,1.0,0.0,0.0,1.0,0.0,0.0,0.89997005,1.0,1.0,0.12363439,0.0,0.0,0.0,0.0,0.1133174,0.0
0.0,0.0,0.22058824,0.1,0.0,0.0,0.0,0.0,0.0,0.0,0.0,0.0,0.0,0.0,0.0,0.0,0.0,0.0,0.0,0.0,0.0,0.0,0.023379803,0.02739726,1.0,1.0,0.0,0.0,0.1,0.09,0.0,0.7772927,1.0,1.0,0.088248126,0.0,0.0,0.0,0.0,0.088927954,0.0
0.0,0.0,0.029411765,0.1,0.0,0.0,0.0,0.0,0.0,0.0,0.0,0.0,0.0,0.0,0.0,0.0,0.0,0.0,0.0,0.0,0.0,0.002415508,0.02128242,0.031311154,0.78,0.62,0.22,0.38,0.07,0.07,0.0,0.78209186,1.0,1.0,0.091317795,0.0,0.0,0.0,0.0,0.08848235,0.0
0.0,0.0,0.029411765,0.2,0.0,0.0,0.0,0.0,0.0,0.0,0.0,0.0,0.0,0.0,0.0,0.0,0.0,0.0,0.0,0.0,0.0,0.0007533133,0.01706212,0.009784736,0.0,0.0,1.0,1.0,0.02,0.07,0.0,0.76861405,1.0,1.0,0.09123335,0.0,0.0022132844,0.0,0.0,0.07878655,0.0
0.0,1.0,0.36764705,0.0,1.6426413e-05,0.0,0.0,0.0,0.0,0.0,0.0,0.0,0.0,0.0,0.0,0.0,0.0,0.0,0.0,0.0,0.0,0.0051389337,0.01688315,0.99804306,0.0,0.0,0.0,0.0,1.0,0.0,0.0,0.7720648,1.0,1.0,0.09238326,0.0,0.0023597032,0.0,0.0,0.08451182,0.0
0.0,0.0,0.13235295,0.1,0.0,0.0,0.0,0.0,0.0,0.060910225,0.0,0.0,0.0,0.0,0.0,0.0,0.002692543,0.026481837,0.0,0.0,0.0,0.07160899,0.019573465,0.23483366,1.0,1.0,0.0,0.0,1.0,0.0,0.0,0.89940417,1.0,1.0,0.12341004,0.0,0.0,0.0,0.0,0.11312473,0.0
0.12696873,0.0,0.13235295,0.0,0.0,3.2691223e-05,0.0,0.0,0.0,0.0,0.0,0.0,0.0,0.0,0.0,0.0,0.0,0.0,0.0,0.0,0.0,0.0019994378,0.017743059,0.0019569471,0.0,0.0,0.0,0.0,1.0,0.0,0.0,0.7676147,1.0,1.0,0.08971631,0.0,0.0037242621,0.0,0.0,0.08176941,0.0
0.14043143,0.0,0.13235295,0.0,0.0,1.1144735e-05,0.0,0.0,0.0,0.0,0.0,0.0,0.0,0.0,0.0,0.0,0.0,0.0,0.0,0.0,0.0,0.0,0.018488042,0.0019569471,0.0,0.0,0.0,0.0,1.0,0.0,0.0,0.761701,1.0,1.0,0.08789862,0.0,0.0008299947,0.0,0.0,0.082316875,0.0
0.0,0.0,0.029411765,0.1,0.0,0.0,0.0,0.0,0.0,0.0,0.0,0.0,0.0,0.0,0.0,0.0,0.0,0.0,0.0,0.0,0.0,0.0,0.023281552,0.009784736,1.0,1.0,0.0,0.0,0.02,0.07,0.0,0.77583325,1.0,1.0,0.0880888,0.0,0.0,0.0,0.0,0.08916539,0.0
0.0,1.0,0.36764705,0.0,1.6426413e-05,0.0,0.0,0.0,0.0,0.0,0.0,0.0,0.0,0.0,0.0,0.0,0.0,0.0,0.0,0.0,0.0,0.0,0.027239114,0.99804306,0.0,0.0,0.0,0.0,1.0,0.0,0.0,0.67444897,0.967762,1.0,0.056232773,0.0,0.0025508106,0.0,0.0,0.06681654,0.0
0.0,0.0,0.04411765,0.0,0.0008681168,0.0061771553,0.0,0.0,0.0,0.0,0.0,0.0,0.0,0.0,0.0,0.0,0.0,0.0,0.0,0.0,0.0,0.009757638,0.010621913,0.011741683,0.0,0.0,0.0,0.0,1.0,0.0,0.33,0.7684829,1.0,1.0,0.09634065,0.0,0.009773195,0.0,0.0,0.06676704,0.0
0.0,0.0,0.029411765,0.2,0.0,0.0,0.0,0.0,0.0,0.0,0.0,0.0,0.0,0.0,0.0,0.0,0.0,0.0,0.0,0.0,0.0,0.00041669607,0.017104208,0.007827789,0.0,0.0,1.0,1.0,0.02,0.08,0.0,0.76796424,1.0,1.0,0.09101132,0.0,0.002283752,0.0,0.0,0.07854402,0.0
0.0,0.0,0.7352941,0.1,0.0,0.0,0.0,0.0,0.0,0.0,0.0,0.0,0.0,0.0,0.0,0.0,0.0,0.0,0.0,0.0,0.0,0.0,0.023752354,0.009784736,1.0,1.0,0.0,0.0,0.04,0.06,0.0,0.761713,1.0,1.0,0.0837531,0.0,0.0,0.0,0.0,0.085404426,0.0
0.0,0.0,0.029411765,0.2,0.0,0.0,0.0,0.0,0.0,0.0,0.0,0.0,0.0,0.0,0.0,0.0,0.0,0.0,0.0,0.0,0.0,0.00018027425,0.017060466,0.023483366,0.0,0.0,1.0,1.0,0.09,0.06,0.0,0.7666136,1.0,1.0,0.090607695,0.0,0.002917841,0.0,0.0,0.07719758,0.0
1.7326518e-05,0.0,0.22058824,0.0,4.1368454e-05,0.00021769383,0.0,0.0,0.0,0.0,0.0,0.0,0.0,0.0,0.0,0.0,0.0,0.0,0.0,0.0,0.0,0.0038501024,0.011130631,0.0039138943,0.0,0.0,0.0,0.0,1.0,0.0,0.0,0.7586392,1.0,1.0,0.093229644,0.0,0.009466633,0.0,0.0,0.0669913,0.0
0.0,0.0,0.029411765,0.2,0.0,0.0,0.0,0.0,0.0,0.0,0.0,0.0,0.0,0.0,0.0,0.0,0.0,0.0,0.0,0.0,0.0,0.0047278106,0.016704164,0.0332681,0.0,0.0,1.0,1.0,0.07,0.06,0.0,0.77531135,1.0,1.0,0.093345694,0.0,0.0021678358,0.0,0.0,0.08002946,0.0
0.0,0.0,0.5,0.5,0.0,0.0,0.0,0.0,0.0,0.0,0.0,0.0,0.0,0.0,0.0,0.0,0.0,0.0,0.0,0.0,0.0,0.0009203851,0.0169705,0.019569471,0.0,0.0,1.0,1.0,0.05,0.06,0.0,0.7685486,1.0,1.0,0.09128132,0.0,0.0024284571,0.0,0.0,0.078305125,0.0
0.0,0.0,0.029411765,0.2,0.0,0.0,0.0,0.0,0.0,0.0,0.0,0.0,0.0,0.0,0.0,0.0,0.0,0.0,0.0,0.0,0.0,0.0,0.017173342,0.017612524,0.0,0.0,1.0,1.0,0.08,0.08,0.0,0.7653017,1.0,1.0,0.0901364,0.0,0.0029969811,0.0,0.0,0.07689747,0.0
0.0,0.0,0.029411765,0.1,0.0,0.0,0.0,0.0,0.0,0.0,0.0,0.0,0.0,0.0,0.0,0.0,0.0,0.0,0.0,0.0,0.0,0.0,0.023172878,0.03522505,1.0,1.0,0.0,0.0,0.1,0.09,0.0,0.78224635,1.0,1.0,0.08978059,0.0,0.0,0.0,0.0,0.09018734,0.0
0.0,0.0,0.029411765,0.1,0.0,0.0,0.0,0.0,0.0,0.0,0.0,0.0,0.0,0.0,0.0,0.0,0.0,0.0,0.0,0.0,0.0,0.0,0.023651965,0.009784736,1.0,1.0,0.0,0.0,0.04,0.07,0.0,0.76960206,1.0,1.0,0.08596646,0.0,0.0,0.0,0.0,0.08711058,0.0
0.0,0.0,0.029411765,0.1,0.0,0.0,0.0,0.0,0.0,0.0,0.0,0.0,0.0,0.0,0.0,0.0,0.0,0.0,0.0,0.0,0.0,0.0,0.02358111,0.0019569471,1.0,1.0,0.0,0.0,0.01,0.1,0.0,0.7708281,1.0,1.0,0.08640262,0.0,0.0,0.0,0.0,0.08769664,0.0
0.0,1.0,0.36764705,0.0,1.6426413e-05,0.0,0.0,0.0,0.0,0.0024410486,0.0,0.0,0.0,0.0,0.0,0.0,0.0,0.0,0.0,0.0,0.0,0.012588441,0.016079783,0.99804306,0.0,0.0,0.0,0.0,1.0,0.0,0.0,0.78402543,1.0,1.0,0.09626963,0.0,0.0023776442,0.0,0.0,0.08743623,0.0
0.0,0.0,0.029411765,0.2,0.0,0.0,0.0,0.0,0.0,0.0,0.0,0.0,0.0,0.0,0.0,0.0,0.0,0.0,0.0,0.0,0.0,0.000977397,0.017012179,0.0332681,0.0,0.0,1.0,1.0,0.17,0.06,0.0,0.7675204,1.0,1.0,0.09084316,0.0,0.003213048,0.0,0.0,0.07692203,0.0
0.0,0.0,0.5,0.5,0.0,0.0,0.0,0.0,0.0,0.0,0.0,0.0,0.0,0.0,0.0,0.0,0.0,0.0,0.0,0.0,0.0,0.0014151335,0.01690413,0.015655577,0.0,0.0,1.0,1.0,0.03,0.06,0.0,0.76996183,1.0,1.0,0.091782875,0.0,0.0020165741,0.0,0.0,0.07919824,0.0
0.0,0.0,0.029411765,0.2,0.0,0.0,0.0,0.0,0.0,0.0,0.0,0.0,0.0,0.0,0.0,0.0,0.0,0.0,0.0,0.0,0.0,0.0055133402,0.016670816,0.03522505,0.0,0.0,1.0,1.0,0.07,0.07,0.0,0.77673185,1.0,1.0,0.09375534,0.0,0.0020951182,0.0,0.0,0.08049211,0.0
0.0,0.0,0.89705884,0.2,0.0,0.0,0.0,0.0,0.0,0.0,0.0,0.0,0.0,0.0,0.0,0.0,0.0,0.0,0.0,0.0,0.0,0.0010609329,0.016989954,0.015655577,0.0,0.0,1.0,1.0,0.04,0.06,0.0,0.76902485,1.0,1.0,0.091407396,0.0,0.0022680312,0.0,0.0,0.07871589,0.0
0.0,0.0,0.029411765,0.2,0.0,0.0,0.0,0.0,0.0,0.0,0.0,0.0,0.0,0.0,0.0,0.0,0.0,0.0,0.0,0.0,0.0,0.0,0.01994481,0.015655577,0.45,0.5,0.55,0.5,0.07,0.07,0.0,0.7647892,1.0,1.0,0.087701865,0.0,2.7045608e-05,0.0,0.0,0.081284374,0.0
0.0,0.0,0.029411765,0.2,0.0,0.0,0.0,0.0,0.0,0.0,0.0,0.0,0.0,0.0,0.0,0.0,0.0,0.0,0.0,0.0,0.0,0.0,0.017356329,0.0039138943,0.0,0.0,1.0,1.0,0.02,0.06,0.0,0.76038885,1.0,1.0,0.08868197,0.0,0.0029827207,0.0,0.0,0.07593408,0.0
0.0,0.0,0.04411765,0.1,0.0,0.0,0.0,0.0,0.0,0.057777077,0.0,0.0,0.0,0.0,0.0,0.0,0.002000399,0.024251997,0.0,0.0,0.0,0.07053962,0.01787968,0.18003914,1.0,1.0,0.0,0.0,1.0,0.0,0.0,0.8925458,1.0,1.0,0.12291736,0.0,0.0,0.0,0.0,0.10990539,0.0
0.0,0.0,0.3529412,0.2,0.0,0.0,0.0,0.0,0.0,0.0,0.0,0.0,0.0,0.0,0.0,0.0,0.0,0.0,0.0,0.0,0.0,0.00017249584,0.017056882,0.0039138943,0.0,0.0,1.0,1.0,0.01,0.07,0.0,0.76799,1.0,1.0,0.091121934,0.0,0.0019657314,0.0,0.0,0.07896337,0.0
0.0,0.0,0.13235295,0.5,0.0,0.0,0.0,0.0,0.0,0.0,0.0,0.0,0.0,0.0,0.0,0.0,0.0,0.0,0.0,0.0,0.0,0.00050994754,0.017076291,0.0039138943,0.0,0.0,1.0,1.0,0.01,0.07,0.0,0.7685236,1.0,1.0,0.0912314,0.0,0.0019987077,0.0,0.0,0.07908589,0.0
0.0,0.0,0.6617647,0.5,0.0,0.0,0.0,0.0,0.0,0.0,0.0,0.0,0.0,0.0,0.0,0.0,0.0,0.0,0.0,0.0,0.0,0.00035697222,0.017010376,0.0019569471,0.0,0.0,1.0,1.0,0.0,0.06,0.0,0.76867735,1.0,1.0,0.09139197,0.0,0.0016878247,0.0,0.0,0.07953316,0.0
0.0,0.0,0.073529415,0.1,0.0,0.0,0.0,0.0,0.0,0.0,0.0,0.0,0.0,0.0,0.0,0.0,0.0,0.0,0.0,0.0,0.0,0.0,0.0232611,0.02739726,1.0,1.0,0.0,0.0,0.08,0.09,0.0,0.7789036,1.0,1.0,0.088831715,0.0,0.0,0.0,0.0,0.089508444,0.0
0.0,1.0,0.36764705,0.0,8.08587e-06,0.0,0.0,0.0,0.0,0.0022989511,0.0,0.0,0.0,0.0,0.0,0.0,0.0,0.0,0.0,0.0,0.0,0.014608234,0.014617808,0.46183953,0.0,0.0,0.0,0.0,1.0,0.0,0.0,0.78315544,1.0,1.0,0.0972045,0.0,0.0041729957,0.0,0.0,0.085477054,0.0
0.0,0.0,0.13235295,0.1,0.0,0.0,0.0,0.0,0.0,0.061520934,0.0,0.0,0.0,0.0,0.0,0.0,0.0029474944,0.026860088,0.0,0.0,0.0,0.0721401,0.019455947,0.27984345,1.0,1.0,0.0,0.0,1.0,0.0,0.0,0.90040505,1.0,1.0,0.12380683,0.0,0.0,0.0,0.0,0.11346564,0.0
0.0,1.0,0.36764705,0.0,1.6426413e-05,0.0,0.0,0.0,0.0,0.0,0.0,0.0,0.0,0.0,0.0,0.0,0.0,0.0,0.0,0.0,0.0,0.0,0.020196006,1.0,0.0,0.0,0.0,0.0,1.0,0.0,0.0,0.7182889,1.0,1.0,0.07528367,0.0,0.0023600757,0.0,0.0,0.070391506,0.0
0.0,0.0,0.029411765,0.2,0.0,0.0,0.0,0.0,0.0,0.0,0.0,0.0,0.0,0.0,0.0,0.0,0.0,0.0,0.0,0.0,0.0,0.0,0.017318621,0.009784736,0.0,0.0,1.0,1.0,0.05,0.06,0.0,0.7610011,1.0,1.0,0.088855974,0.0,0.0031197667,0.0,0.0,0.075849324,0.0
0.13909729,0.0,0.13235295,0.0,0.0,3.2691223e-05,0.0,0.0,0.0,0.0,0.0,0.0,0.0,0.0,0.0,0.0,0.0,0.0,0.0,0.0,0.0,0.0,0.032565586,0.0019569471,0.0,0.0,0.0,0.0,1.0,0.0,0.0,0.645707,0.931169,1.0,0.04160565,0.0,0.009128675,0.0,0.0,0.061416477,0.0
0.0,0.0,0.029411765,0.2,0.0,0.0,0.0,0.0,0.0,0.0,0.0,0.0,0.0,0.0,0.0,0.0,0.0,0.0,0.0,0.0,0.0,0.0,0.017421179,0.0019569471,0.0,0.0,1.0,1.0,0.01,0.06,0.0,0.75860965,1.0,1.0,0.08813865,0.0,0.0030712485,0.0,0.0,0.0754894,0.0
0.0,1.0,0.36764705,0.0,1.6044403e-05,0.0,0.0,0.0,0.0,0.0076450408,0.0,0.0,0.0,0.0,0.0,0.0,0.0,0.0,0.0,0.0,0.0,0.018912196,0.015085667,0.91780823,0.0,0.0,0.0,0.0,1.0,0.0,0.0,0.7932553,1.0,1.0,0.09961244,0.0,0.0027612597,0.0,0.0,0.08909157,0.0
0.035605993,0.0,0.04411765,0.3,0.001155006,0.0,0.0,0.0,0.0,0.02534607,0.0,0.0,0.0,0.0,0.0,0.0,0.0012923852,0.0077381134,0.0,0.0,0.0,0.044941664,0.009867147,0.019569471,0.0,0.0,1.0,1.0,1.0,0.0,0.0,0.82936347,1.0,1.0,0.11307583,0.0,0.009376839,0.0,0.0,0.07829341,0.0
0.0,0.0,0.029411765,0.1,0.0,0.0,0.0,0.0,0.0,0.0,0.0,0.0,0.0,0.0,0.0,0.0,0.0,0.0,0.0,0.0,0.0,0.0,0.023713611,0.0039138943,1.0,1.0,0.0,0.0,0.02,0.07,0.0,0.76863825,1.0,1.0,0.08565041,0.0,0.0,0.0,0.0,0.08689049,0.0
0.0,0.0,0.029411765,0.1,0.0,0.0,0.0,0.0,0.0,0.00046169758,0.0,0.0,0.0,0.0,0.0,0.0,0.0,0.0,0.0,0.0,0.0,0.0014874339,0.022255197,0.039138943,0.91,0.9,0.09,0.1,0.07,0.06,0.0,0.78432846,1.0,1.0,0.09124253,0.0,0.0,0.0,0.0,0.09043044,0.0
0.0,0.0,0.13235295,0.8,0.0,3.2691223e-05,0.0,0.0,0.0,0.0,0.0,0.0,0.0,0.0,0.0,0.0,0.0,0.0,0.0,0.0,0.0,0.0,0.019722871,0.0019569471,1.0,1.0,0.0,0.0,1.0,0.0,0.0,0.74049807,1.0,1.0,0.08088104,0.0,0.0025377572,0.0,0.0,0.0786024,0.0
0.0,0.0,0.2647059,0.1,0.0,0.0,0.0,0.0,0.0,0.0,0.0,0.0,0.0,0.0,0.0,0.0,0.0,0.0,0.0,0.0,0.0,0.0,0.023528486,0.009784736,1.0,1.0,0.0,0.0,0.04,0.11,0.0,0.7736877,1.0,1.0,0.087176464,0.0,0.0,0.0,0.0,0.088201344,0.0
0.0,1.0,0.36764705,0.0,1.6426413e-05,0.0,0.0,0.0,0.0,0.0,0.0,0.0,0.0,0.0,0.0,0.0,0.0,0.0,0.0,0.0,0.0,0.01097697,0.014041103,0.050880626,0.0,0.0,0.0,0.0,1.0,0.0,0.0,0.775522,1.0,1.0,0.09569838,0.0,0.005061254,0.0,0.0,0.081510276,0.0
0.0,0.0,0.3970588,0.1,0.0,0.0,0.0,0.0,0.0,0.0,0.0,0.0,0.0,0.0,0.0,0.0,0.0,0.0,0.0,0.0,0.0,0.0,0.023544133,0.021526419,1.0,1.0,0.0,0.0,0.08,0.05,0.0,0.7725254,1.0,1.0,0.08682423,0.0,0.0,0.0,0.0,0.087718695,0.0
0.0,0.0,0.04411765,0.0,0.0008681168,0.0061771553,0.0,0.0,0.0,0.0,0.0,0.0,0.0,0.0,0.0,0.0,0.0,0.0,0.0,0.0,0.0,0.009203613,0.010683976,0.011741683,0.0,0.0,0.33,0.33,1.0,0.0,0.0,0.7675662,1.0,1.0,0.09603997,0.0,0.009743065,0.0,0.0,0.06676966,0.0
0.0,0.0,0.25,0.5,0.0,0.0,0.0,0.0,0.0,0.0,0.0,0.0,0.0,0.0,0.0,0.0,0.0,0.0,0.0,0.0,0.0,0.0,0.017288633,0.009784736,0.0,0.0,1.0,1.0,0.05,0.07,0.0,0.7616651,1.0,1.0,0.08907499,0.0,0.0030211061,0.0,0.0,0.07612243,0.0
0.0,0.0,0.04411765,0.1,0.0,0.0,0.0,0.0,0.0,0.027913421,0.0,0.0,0.0,0.0,0.0,0.0,0.00078482926,0.0076071024,0.0,0.0,0.0,0.044380605,0.013068169,0.06262231,0.19,0.19,0.81,0.81,1.0,0.0,0.0,0.8354186,1.0,1.0,0.11195711,0.0,0.0062523633,0.0,0.0,0.08452955,0.0
0.0,0.0,0.13235295,0.8,0.0,3.2691223e-05,0.0,0.0,0.0,0.017736435,0.0,0.0,0.0,0.0,0.0,0.0,0.0,0.0,0.0,0.0,0.0,0.024459273,0.019021176,0.0019569471,1.0,1.0,0.0,0.0,1.0,0.0,0.0,0.8157146,1.0,1.0,0.10177719,0.0,0.0,0.0,0.0,0.09478718,0.0
0.0,0.0,0.029411765,0.2,0.0,0.0,0.0,0.0,0.0,0.0,0.0,0.0,0.0,0.0,0.0,0.0,0.0,0.0,0.0,0.0,0.0,0.0027910173,0.016871057,0.029354207,0.0,0.0,1.0,1.0,0.08,0.06,0.0,0.77155423,1.0,1.0,0.09214238,0.0,0.002524048,0.0,0.0,0.07879597,0.0
0.0,0.0,0.029411765,0.1,0.0,0.0,0.0,0.0,0.0,0.0,0.0,0.0,0.0,0.0,0.0,0.0,0.0,0.0,0.0,0.0,0.0,0.0,0.023084223,0.02739726,1.0,1.0,0.0,0.0,0.06,0.07,0.0,0.7807013,1.0,1.0,0.08955049,0.0,0.0,0.0,0.0,0.0902518,0.0
0.0,1.0,0.36764705,0.0,1.6426413e-05,0.0,0.0,0.0,0.0,0.0,0.0,0.0,0.0,0.0,0.0,0.0,0.0,0.0,0.0,0.0,0.0,0.0,0.017441414,0.99804306,0.0,0.0,0.0,0.0,1.0,0.0,0.0,0.7605723,1.0,1.0,0.08890668,0.0,0.0024246722,0.0,0.0,0.08106217,0.0
0.0,0.0,0.7647059,0.2,0.0,0.0,0.0,0.0,0.0,0.0,0.0,0.0,0.0,0.0,0.0,0.0,0.0,0.0,0.0,0.0,0.0,0.0024177134,0.01687868,0.019569471,0.0,0.0,1.0,1.0,0.04,0.07,0.0,0.77154875,1.0,1.0,0.09220406,0.0,0.0020949692,0.0,0.0,0.07944214,0.0
0.0,0.0,0.029411765,0.2,0.0,0.0,0.0,0.0,0.0,0.0,0.0,0.0,0.0,0.0,0.0,0.0,0.0,0.0,0.0,0.0,0.0,0.0022529662,0.016870245,0.037181996,0.0,0.0,1.0,1.0,0.12,0.07,0.0,0.77010083,1.0,1.0,0.09170949,0.0,0.002881825,0.0,0.0,0.07793403,0.0
0.0,0.0,0.029411765,0.2,0.0,0.0,0.0,0.0,0.0,0.0,0.0,0.0,0.0,0.0,0.0,0.0,0.0,0.0,0.0,0.0,0.0,0.0,0.01727441,0.011741683,0.0,0.0,1.0,1.0,0.06,0.08,0.0,0.7616985,1.0,1.0,0.08909363,0.0,0.0030422509,0.0,0.0,0.076111406,0.0
0.0,0.0,0.7058824,0.2,0.0,0.0,0.0,0.0,0.0,0.0,0.0,0.0,0.0,0.0,0.0,0.0,0.0,0.0,0.0,0.0,0.0,0.0,0.017042376,0.0019569471,0.0,0.0,1.0,1.0,0.0,0.06,0.0,0.7670053,1.0,1.0,0.09090709,0.0,0.0018239468,0.0,0.0,0.07894251,0.0
0.0,0.0,0.029411765,0.2,0.0,0.0,0.0,0.0,0.0,0.0,0.0,0.0,0.0,0.0,0.0,0.0,0.0,0.0,0.0,0.0,0.0,0.0,0.017331488,0.0019569471,0.0,0.0,1.0,1.0,0.01,0.07,0.0,0.76156235,1.0,1.0,0.089045756,0.0,0.0027448386,0.0,0.0,0.07660684,0.0
0.0,0.0,0.029411765,0.1,0.0,0.0,0.0,0.0,0.0,0.0,0.0,0.0,0.0,0.0,0.0,0.0,0.0,0.0,0.0,0.0,0.0,0.0,0.023359992,0.007827789,1.0,1.0,0.0,0.0,0.02,0.07,0.0,0.7742089,1.0,1.0,0.08757112,0.0,0.0,0.0,0.0,0.08868286,0.0
0.0,0.0,0.5588235,0.5,0.0,0.0,0.0,0.0,0.0,0.0,0.0,0.0,0.0,0.0,0.0,0.0,0.0,0.0,0.0,0.0,0.0,0.0,0.01710546,0.019569471,0.0,0.0,1.0,1.0,0.07,0.06,0.0,0.76556027,1.0,1.0,0.0902959,0.0,0.0028723478,0.0,0.0,0.07707608,0.0
0.0,0.0,0.029411765,0.2,0.0,0.0,0.0,0.0,0.0,0.0,0.0,0.0,0.0,0.0,0.0,0.0,0.0,0.0,0.0,0.0,0.0,0.0,0.01737114,0.0039138943,0.0,0.0,1.0,1.0,0.02,0.07,0.0,0.75909626,1.0,1.0,0.088322304,0.0,0.0030624568,0.0,0.0,0.075499356,0.0
0.035588667,0.0,0.04411765,0.3,0.001155006,0.0,0.0,0.0,0.0,0.02279824,0.0,0.0,0.0,0.0,0.0,0.0,0.0010080785,0.0055975914,0.0,0.0,0.0,0.042100936,0.009953707,0.019569471,0.0,0.0,1.0,1.0,1.0,0.0,0.0,0.82448256,1.0,1.0,0.11170981,0.0,0.009399399,0.0,0.0,0.07738128,0.0
0.0,0.0,0.4117647,0.1,0.0,0.0,0.0,0.0,0.0,0.0,0.0,0.0,0.0,0.0,0.0,0.0,0.0,0.0,0.0,0.0,0.0,0.0,0.02370803,0.039138943,1.0,1.0,0.0,0.0,0.17,0.06,0.0,0.7425176,1.0,1.0,0.078581356,0.0,0.0,0.0,0.0,0.08143473,0.0
0.0,0.0,0.0882353,0.2,0.0,0.0,0.0,0.0,0.0,0.0,0.0,0.0,0.0,0.0,0.0,0.0,0.0,0.0,0.0,0.0,0.0,0.0027970374,0.016841665,0.02739726,0.0,0.0,1.0,1.0,0.06,0.07,0.0,0.77186215,1.0,1.0,0.092287265,0.0,0.002302587,0.0,0.0,0.079209775,0.0
0.0,0.0,0.029411765,0.2,0.0,0.0,0.0,0.0,0.0,0.0,0.0,0.0,0.0,0.0,0.0,0.0,0.0,0.0,0.0,0.0,0.0,0.00070527196,0.01695329,0.011741683,0.0,0.0,1.0,1.0,0.02,0.06,0.0,0.7688134,1.0,1.0,0.091439836,0.0,0.0019852817,0.0,0.0,0.079037756,0.0
0.0,0.0,0.029411765,0.1,0.0,0.0,0.0,0.0,0.0,0.0,0.0,0.0,0.0,0.0,0.0,0.0,0.0,0.0,0.0,0.0,0.0,0.0,0.023385905,0.0019569471,1.0,1.0,0.0,0.0,0.0,0.06,0.0,0.77167034,1.0,1.0,0.086910285,0.0,0.0,0.0,0.0,0.08828646,0.0
0.0,0.0,0.14705883,0.1,0.0,0.0,0.0,0.0,0.0,0.0,0.0,0.0,0.0,0.0,0.0,0.0,0.0,0.0,0.0,0.0,0.0,0.0,0.02331885,0.0039138943,1.0,1.0,0.0,0.0,0.22,0.33,0.0,0.7603059,1.0,1.0,0.08348756,0.0,0.0,0.0,0.0,0.084199876,0.0
0.0,0.0,0.029411765,0.1,0.0,0.0,0.0,0.0,0.0,0.0,0.0,0.0,0.0,0.0,0.0,0.0,0.0,0.0,0.0,0.0,0.0,0.0,0.023521103,0.023483366,1.0,1.0,0.0,0.0,0.09,0.06,0.0,0.7730484,1.0,1.0,0.08698725,0.0,0.0,0.0,0.0,0.08779481,0.0
0.0,1.0,0.36764705,0.0,2.3557259e-05,0.0,0.0,0.33333334,0.0,0.0,0.0,0.0,0.0,0.0,0.0,0.0,0.0,0.0,0.0,0.0,0.0,0.0,0.025412224,0.0058708414,0.0,0.0,0.0,0.0,1.0,0.0,0.67,0.6765815,0.9708663,1.0,0.057895027,0.0,0.007787019,0.0,0.0,0.06318353,0.0
0.12679546,0.0,0.13235295,0.0,0.0,3.2691223e-05,0.0,0.0,0.0,0.0,0.0,0.0,0.0,0.0,0.0,0.0,0.0,0.0,0.0,0.0,0.0,0.0,0.017958589,0.0019569471,0.0,0.0,0.0,0.0,1.0,0.0,0.0,0.7396885,1.0,1.0,0.08215644,0.0,0.004170254,0.0,0.0,0.07546529,0.0
0.13065927,0.0,0.13235295,0.0,0.0,3.2691223e-05,0.0,0.0,0.0,0.0,0.0,0.0,0.0,0.0,0.0,0.0,0.0,0.0,0.0,0.0,0.0,0.0,0.018587954,0.0019569471,0.0,0.0,0.0,0.0,1.0,0.0,0.0,0.75952816,1.0,1.0,0.086856596,0.0,0.0030664057,0.0,0.0,0.08195692,0.0
0.0,0.0,0.29411766,0.2,0.0,0.0,0.0,0.0,0.0,0.0,0.0,0.0,0.0,0.0,0.0,0.0,0.0,0.0,0.0,0.0,0.0,0.0050819814,0.016618319,0.0332681,0.0,0.0,1.0,1.0,0.06,0.06,0.0,0.7762482,1.0,1.0,0.09372119,0.0,0.0019163936,0.0,0.0,0.08051181,0.0
0.0,0.0,0.75,0.1,0.0,0.0,0.0,0.0,0.0,0.0,0.0,0.0,0.0,0.0,0.0,0.0,0.0,0.0,0.0,0.0,0.0,0.0,0.02370637,0.0019569471,1.0,1.0,0.0,0.0,0.01,0.06,0.0,0.767321,1.0,1.0,0.08533465,0.0,0.0,0.0,0.0,0.08671892,0.0
0.0,0.0,0.13235295,0.8,0.0,3.2691223e-05,0.0,0.0,0.0,0.0,0.0,0.0,0.0,0.0,0.0,0.0,0.0,0.0,0.0,0.0,0.0,0.0,0.019700937,0.0019569471,1.0,1.0,0.0,0.0,1.0,0.0,0.0,0.74389136,1.0,1.0,0.08179929,0.0,0.0024710745,0.0,0.0,0.079321265,0.0
0.0,0.0,0.7941176,0.2,0.0,0.0,0.0,0.0,0.0,0.0,0.0,0.0,0.0,0.0,0.0,0.0,0.0,0.0,0.0,0.0,0.0,0.0,0.01715944,0.021526419,0.0,0.0,1.0,1.0,0.1,0.06,0.0,0.76311505,1.0,1.0,0.089563854,0.0,0.0031494945,0.0,0.0,0.07614273,0.0
0.0,1.0,0.36764705,0.0,1.6044403e-05,0.0,0.0,0.0,0.0,0.0021718442,0.0,0.0,0.0,0.0,0.0,0.0,0.0,0.0,0.0,0.0,0.0,0.014494866,0.014603376,0.45009786,0.0,0.0,0.0,0.0,1.0,0.0,0.0,0.78292084,1.0,1.0,0.097155176,0.0,0.0041983128,0.0,0.0,0.085363,0.0
0.0,1.0,0.36764705,0.0,1.6426413e-05,0.0,0.0,0.0,0.0,0.0,0.0,0.0,0.0,0.0,0.0,0.0,0.0,0.0,0.0,0.0,0.0,0.0,0.033425666,1.0,0.0,0.0,0.0,0.0,1.0,0.0,0.0,0.64802253,0.93373233,1.0,0.042572774,0.0,0.0039428174,0.0,0.0,0.06473374,0.0
0.0,0.0,0.45588234,0.2,0.0,0.0,0.0,0.0,0.0,0.0,0.0,0.0,0.0,0.0,0.0,0.0,0.0,0.0,0.0,0.0,0.0,0.0004491508,0.016963959,0.019569471,0.0,0.0,1.0,1.0,0.05,0.06,0.0,0.7677305,1.0,1.0,0.09107802,0.0,0.0024377704,0.0,0.0,0.078065574,0.0
0.0,0.0,0.04411765,0.1,0.0,0.0,0.0,0.0,0.0,0.047013015,0.0,0.0,0.0,0.0,0.0,0.0,0.002112493,0.020720482,0.0,0.0,0.0,0.06387985,0.013809249,0.078277886,1.0,1.0,0.0,0.0,1.0,0.0,0.0,0.87156916,1.0,1.0,0.12083583,0.0,0.004519671,0.0,0.0,0.09596342,0.0
0.0,0.0,0.13235295,0.8,0.0,3.2691223e-05,0.0,0.0,0.0,0.0,0.0,0.0,0.0,0.0,0.0,0.0,0.0,0.0,0.0,0.0,0.0,0.0,0.020975024,0.0019569471,1.0,1.0,0.0,0.0,1.0,0.0,0.0,0.71278524,1.0,1.0,0.07232215,0.0,0.003088802,0.0,0.0,0.07245946,0.0
0.017707702,0.0,0.04411765,0.3,6.277691e-05,0.0,0.0,0.0,0.0,0.026712209,0.0,0.0,0.0,0.0,0.0,0.0,0.0018248111,0.009140611,0.0,0.0,0.0,0.046512127,0.0094809905,0.086105675,0.0,0.0,1.0,1.0,1.0,0.0,0.0,0.83180964,1.0,1.0,0.114104174,0.0,0.00944452,0.0,0.0,0.07827297,0.0
0.0,0.0,0.029411765,0.2,0.0,0.0,0.0,0.0,0.0,0.0,0.0,0.0,0.0,0.0,0.0,0.0,0.0,0.0,0.0,0.0,0.0,0.0033237338,0.01676751,0.037181996,0.0,0.0,1.0,1.0,0.09,0.06,0.0,0.7723776,1.0,1.0,0.09246027,0.0,0.0025436133,0.0,0.0,0.078870386,0.0
0.0,0.0,0.04411765,0.0,0.0008681168,0.0061771553,0.0,0.0,0.0,0.0,0.0,0.0,0.0,0.0,0.0,0.0,0.0,0.0,0.0,0.0,0.0,0.0060856044,0.010707781,0.0039138943,0.0,0.0,0.0,0.0,1.0,0.0,0.0,0.76208496,1.0,1.0,0.09457385,0.0,0.00985153,0.0,0.0,0.06545004,0.0
0.0,0.0,0.5294118,0.1,0.0,0.0,0.0,0.0,0.0,0.0,0.0,0.0,0.0,0.0,0.0,0.0,0.0,0.0,0.0,0.0,0.0,0.0,0.023110174,0.015655577,1.0,1.0,0.0,0.0,0.03,0.06,0.0,0.77828705,1.0,1.0,0.08894458,0.0,0.0,0.0,0.0,0.08992252,0.0
0.0,0.0,0.029411765,0.1,0.0,0.0,0.0,0.0,0.0,0.0,0.0,0.0,0.0,0.0,0.0,0.0,0.0,0.0,0.0,0.0,0.0,0.0,0.023198217,0.025440313,1.0,1.0,0.0,0.0,0.06,0.06,0.0,0.7785938,1.0,1.0,0.08885779,0.0,0.0,0.0,0.0,0.08959508,0.0
0.0,0.0,0.11764706,0.1,0.0,0.0,0.0,0.0,0.0,0.0,0.0,0.0,0.0,0.0,0.0,0.0,0.0,0.0,0.0,0.0,0.0,0.0,0.023464255,0.0039138943,1.0,1.0,0.0,0.0,0.01,0.06,0.0,0.7720212,1.0,1.0,0.08687589,0.0,0.0,0.0,0.0,0.0881097,0.0
0.0,0.0,0.029411765,0.2,0.0,0.0,0.0,0.0,0.0,0.0,0.0,0.0,0.0,0.0,0.0,0.0,0.0,0.0,0.0,0.0,0.0,0.0,0.01704748,0.011741683,0.0,0.0,1.0,1.0,0.03,0.06,0.0,0.76672626,1.0,1.0,0.09075161,0.0,0.0022953004,0.0,0.0,0.07817936,0.0
0.0,0.0,0.029411765,0.2,0.0,0.0,0.0,0.0,0.0,0.0,0.0,0.0,0.0,0.0,0.0,0.0,0.0,0.0,0.0,0.0,0.0,0.0,0.018139593,0.0332681,0.0,0.0,1.0,1.0,0.16,0.06,0.0,0.75190616,1.0,1.0,0.085641526,0.0,0.0032617152,0.0,0.0,0.074120045,0.0
0.0,0.0,0.029411765,0.2,0.0,0.0,0.0,0.0,0.0,0.0,0.0,0.0,0.0,0.0,0.0,0.0,0.0,0.0,0.0,0.0,0.0,0.0022188723,0.01688864,0.01369863,0.0,0.0,1.0,1.0,0.03,0.06,0.0,0.77155304,1.0,1.0,0.09223338,0.0,0.0018663257,0.0,0.0,0.07978046,0.0
1.7326518e-05,0.0,0.22058824,0.0,4.1368454e-05,0.00021769383,0.0,0.0,0.0,0.0,0.0,0.0,0.0,0.0,0.0,0.0,0.0,0.0,0.0,0.0,0.0,0.0,0.013106875,0.0058708414,0.0,0.0,0.25,0.0,0.75,0.5,0.0,0.7543775,1.0,1.0,0.09031906,0.0,0.00750573,0.0,0.0,0.073209345,0.0
0.0,0.0,0.5,0.5,0.0,0.0,0.0,0.0,0.0,0.0,0.0,0.0,0.0,0.0,0.0,0.0,0.0,0.0,0.0,0.0,0.0,0.0032857656,0.016804643,0.025440313,0.0,0.0,1.0,1.0,0.05,0.07,0.0,0.77296734,1.0,1.0,0.09264397,0.0,0.0021122247,0.0,0.0,0.079689115,0.0
0.0,0.0,0.029411765,0.2,0.0,0.0,0.0,0.0,0.0,0.0,0.0,0.0,0.0,0.0,0.0,0.0,0.0,0.0,0.0,0.0,0.0,0.004772395,0.016699798,0.0332681,0.0,0.0,1.0,1.0,0.07,0.06,0.0,0.7754061,1.0,1.0,0.093377,0.0,0.0021537542,0.0,0.0,0.08006853,0.0
0.0,0.0,0.029411765,0.2,0.0,0.0,0.0,0.0,0.0,0.0,0.0,0.0,0.0,0.0,0.0,0.0,0.0,0.0,0.0,0.0,0.0,0.0,0.017036058,0.009784736,0.0,0.0,1.0,1.0,0.02,0.06,0.0,0.76726234,1.0,1.0,0.09092065,0.0,0.0021895915,0.0,0.0,0.07842451,0.0
0.0,1.0,0.36764705,0.0,1.6044403e-05,0.0,0.0,0.0,0.0,0.0028708875,0.0,0.0,0.0,0.0,0.0,0.0,0.0,0.0,0.0,0.0,0.0,0.015118271,0.014682725,0.5146771,0.0,0.0,0.0,0.0,1.0,0.0,0.0,0.78421104,1.0,1.0,0.09742633,0.0,0.00405927,0.0,0.0,0.08599046,0.0
0.0,0.0,0.5,0.5,0.0,0.0,0.0,0.0,0.0,0.0,0.0,0.0,0.0,0.0,0.0,0.0,0.0,0.0,0.0,0.0,0.0,0.0,0.017516822,0.017612524,0.0,0.0,1.0,1.0,0.07,0.07,0.0,0.7484765,1.0,1.0,0.085352965,0.0,0.0032656938,0.0,0.0,0.07352087,0.0
0.0,0.0,0.38235295,0.2,0.0,0.0,0.0,0.0,0.0,0.0,0.0,0.0,0.0,0.0,0.0,0.0,0.0,0.0,0.0,0.0,0.0,0.0015031099,0.016966432,0.019569471,0.0,0.0,1.0,1.0,0.05,0.06,0.0,0.76960385,1.0,1.0,0.091562755,0.0,0.0023839027,0.0,0.0,0.07864228,0.0
0.0,0.0,0.029411765,0.2,0.0,0.0,0.0,0.0,0.0,0.0,0.0,0.0,0.0,0.0,0.0,0.0,0.0,0.0,0.0,0.0,0.0,0.0015340745,0.016987205,0.009784736,0.0,0.0,1.0,1.0,0.02,0.06,0.0,0.7702743,1.0,1.0,0.091780774,0.0,0.0019666106,0.0,0.0,0.07946935,0.0
0.0,0.0,0.029411765,0.2,0.0,0.0,0.0,0.0,0.0,0.0,0.0,0.0,0.0,0.0,0.0,0.0,0.0,0.0,0.0,0.0,0.0,0.0,0.017086178,0.011741683,0.0,0.0,1.0,1.0,0.03,0.06,0.0,0.76683295,1.0,1.0,0.09072029,0.0,0.0023917556,0.0,0.0,0.07812628,0.0
0.0,0.0,0.029411765,0.2,0.0,0.0,0.0,0.0,0.0,0.0,0.0,0.0,0.0,0.0,0.0,0.0,0.0,0.0,0.0,0.0,0.0,0.0013296008,0.016935684,0.039138943,0.0,0.0,1.0,1.0,0.19,0.06,0.0,0.768026,1.0,1.0,0.09104853,0.0,0.0032536834,0.0,0.0,0.07689047,0.0
0.0,0.0,0.14705883,0.5,0.0,0.0,0.0,0.0,0.0,0.0038546324,0.0,0.0,0.0,0.0,0.0,0.0,0.0,0.0,0.0,0.0,0.0,0.014835775,0.016127966,0.021526419,0.0,0.0,1.0,1.0,0.29,0.11,0.0,0.789695,1.0,1.0,0.09736132,0.0,0.0038924217,0.0,0.0,0.08050841,0.0
0.0,0.0,0.7941176,0.2,0.0,0.0,0.0,0.0,0.0,0.0,0.0,0.0,0.0,0.0,0.0,0.0,0.0,0.0,0.0,0.0,0.0,0.0,0.017252237,0.009784736,0.0,0.0,1.0,1.0,0.04,0.06,0.0,0.76247156,1.0,1.0,0.08934086,0.0,0.0029013306,0.0,0.0,0.07645404,0.0
0.0,0.0,0.029411765,0.2,0.0,0.0,0.0,0.0,0.0,0.0,0.0,0.0,0.0,0.0,0.0,0.0,0.0,0.0,0.0,0.0,0.0,0.0014733076,0.016875453,0.017612524,0.0,0.0,1.0,1.0,0.03,0.06,0.0,0.769974,1.0,1.0,0.09181013,0.0,0.0020783395,0.0,0.0,0.07901311,0.0
0.0,0.0,0.029411765,0.2,0.0,0.0,0.0,0.0,0.0,0.0,0.0,0.0,0.0,0.0,0.0,0.0,0.0,0.0,0.0,0.0,0.0,0.0,0.017081097,0.02739726,0.0,0.0,1.0,1.0,0.12,0.06,0.0,0.76462865,1.0,1.0,0.09003503,0.0,0.0031526834,0.0,0.0,0.07642868,0.0
0.0,0.0,0.029411765,0.1,0.0,0.0,0.0,0.0,0.0,0.0,0.0,0.0,0.0,0.0,0.0,0.0,0.0,0.0,0.0,0.0,0.0,0.0,0.025972031,0.0058708414,1.0,1.0,0.0,0.0,0.02,0.06,0.0,0.72190034,1.0,1.0,0.071227916,0.0,0.0,0.0,0.0,0.07561189,0.0
0.0,0.0,0.04411765,0.0,0.0008681168,0.0061771553,0.0,0.0,0.0,0.0,0.0,0.0,0.0,0.0,0.0,0.0,0.0,0.0,0.0,0.0,0.0,0.007190734,0.01067321,0.011741683,0.0,0.0,0.0,0.0,1.0,0.0,0.33,0.763993,1.0,1.0,0.09510969,0.0,0.009835571,0.0,0.0,0.06581959,0.0
0.0,0.0,0.029411765,0.2,0.0,0.0,0.0,0.0,0.0,0.0,0.0,0.0,0.0,0.0,0.0,0.0,0.0,0.0,0.0,0.0,0.0,0.00033596158,0.017153323,0.0039138943,0.03,0.0,0.97,1.0,0.01,0.07,0.0,0.7682133,1.0,1.0,0.09106747,0.0,0.0020399392,0.0,0.0,0.07897514,0.0
0.12935978,0.0,0.13235295,0.0,0.0,3.2691223e-05,0.0,0.0,0.0,0.021972239,0.0,0.0,0.0,0.0,0.0,0.0,0.0,0.0,0.0,0.0,0.0,0.031208366,0.018401533,0.0019569471,0.0,0.0,0.0,0.0,1.0,0.0,0.0,0.8236402,1.0,1.0,0.104179166,0.0,0.000650689,0.0,0.0,0.096117884,0.0
0.0,0.0,0.029411765,0.2,0.0,0.0,0.0,0.0,0.0,0.0,0.0,0.0,0.0,0.0,0.0,0.0,0.0,0.0,0.0,0.0,0.0,0.00073596835,0.017016403,0.029354207,0.0,0.0,1.0,1.0,0.12,0.06,0.0,0.7673682,1.0,1.0,0.09082859,0.0,0.0030337125,0.0,0.0,0.077171296,0.0
0.0,1.0,0.36764705,0.0,1.6426413e-05,0.0,0.0,0.0,0.0,0.0038875043,0.0,0.0,0.0,0.0,0.0,0.0,0.0,0.0,0.0,0.0,0.0,0.016001076,0.014791042,0.60665363,0.0,0.0,0.0,0.0,1.0,0.0,0.0,0.7860993,1.0,1.0,0.0978378,0.0,0.0038392097,0.0,0.0,0.0868423,0.0
0.0,0.0,0.029411765,0.2,0.0,0.0,0.0,0.0,0.0,0.0,0.0,0.0,0.0,0.0,0.0,0.0,0.0,0.0,0.0,0.0,0.0,0.0,0.017087325,0.0058708414,0.0,0.0,1.0,1.0,0.01,0.06,0.0,0.7660667,1.0,1.0,0.09056195,0.0,0.0021653324,0.0,0.0,0.07824457,0.0
0.0,1.0,0.36764705,0.0,1.6044403e-05,0.0,0.0,0.0,0.0,0.006676048,0.0,0.0,0.0,0.0,0.0,0.0,0.0,0.0,0.0,0.0,0.0,0.018161476,0.015009709,0.8375734,0.0,0.0,0.0,0.0,1.0,0.0,0.0,0.79140997,1.0,1.0,0.09915482,0.0,0.003039211,0.0,0.0,0.088511616,0.0
0.0,0.0,0.29411766,0.2,0.0,0.0,0.0,0.0,0.0,0.0,0.0,0.0,0.0,0.0,0.0,0.0,0.0,0.0,0.0,0.0,0.0,0.0040908754,0.016717583,0.02739726,0.0,0.0,1.0,1.0,0.05,0.06,0.0,0.77461326,1.0,1.0,0.09319445,0.0,0.0018938035,0.0,0.0,0.08034134,0.0
0.0,0.0,0.029411765,0.1,0.0,0.0,0.0,0.0,0.0,0.0,0.0,0.0,0.0,0.0,0.0,0.0,0.0,0.0,0.0,0.0,0.0,0.0,0.023656167,0.007827789,1.0,1.0,0.0,0.0,0.03,0.06,0.0,0.76898456,1.0,1.0,0.085813574,0.0,0.0,0.0,0.0,0.08699089,0.0
0.0,0.0,0.0,0.1,0.0,0.0,0.0,0.0,0.0,0.0009749532,0.0,0.0,0.0,0.0,0.0,0.0,0.0,0.0,0.0,0.0,0.0,0.0042526126,0.023070008,0.039138943,1.0,1.0,0.0,0.0,1.0,0.0,0.0,0.78682506,1.0,1.0,0.09075724,0.0,0.0,0.0,0.0,0.089708,0.0
0.0,0.0,0.029411765,0.2,0.0,0.0,0.0,0.0,0.0,0.0,0.0,0.0,0.0,0.0,0.0,0.0,0.0,0.0,0.0,0.0,0.0,0.0009728968,0.016927615,0.011741683,0.0,0.0,1.0,1.0,0.02,0.06,0.0,0.7693826,1.0,1.0,0.091627546,0.0,0.0019007027,0.0,0.0,0.07927182,0.0
0.0,0.0,0.04411765,0.1,0.0,0.0,0.0,0.0,0.0,0.045380235,0.0,0.0,0.0,0.0,0.0,0.0,0.002025716,0.019575596,0.0,0.0,0.0,0.062209934,0.01371368,0.09001957,0.87,0.87,0.11,0.11,1.0,0.0,0.0,0.868441,1.0,1.0,0.120098434,0.0,0.0046686083,0.0,0.0,0.09499249,0.0
0.0,0.0,0.3382353,0.2,0.0,0.0,0.0,0.0,0.0,0.0,0.0,0.0,0.0,0.0,0.0,0.0,0.0,0.0,0.0,0.0,0.0,0.003727913,0.016781121,0.029354207,0.0,0.0,1.0,1.0,0.06,0.07,0.0,0.77354634,1.0,1.0,0.09279933,0.0,0.0022281557,0.0,0.0,0.079615384,0.0
0.0,0.0,0.029411765,0.2,0.0,0.0,0.0,0.0,0.0,0.0,0.0,0.0,0.0,0.0,0.0,0.0,0.0,0.0,0.0,0.0,0.0,0.004131466,0.016733177,0.023483366,0.0,0.0,1.0,1.0,0.04,0.06,0.0,0.7748314,1.0,1.0,0.09325101,0.0,0.0018091947,0.0,0.0,0.080480516,0.0
0.0,1.0,0.36764705,0.0,1.6044403e-05,0.0,0.0,0.0,0.0,0.0007738173,0.0,0.0,0.0,0.0,0.0,0.0,0.0,0.0,0.0,0.0,0.0,0.013248146,0.014444672,0.32093933,0.0,0.0,0.0,0.0,1.0,0.0,0.0,0.78034043,1.0,1.0,0.09661294,0.0,0.0044763833,0.0,0.0,0.084108055,0.0
0.0,0.0,0.029411765,0.1,0.0,0.0,0.0,0.0,0.0,0.0,0.0,0.0,0.0,0.0,0.0,0.0,0.0,0.0,0.0,0.0,0.0,0.0,0.023606427,0.017612524,1.0,1.0,0.0,0.0,0.08,0.07,0.0,0.7717624,1.0,1.0,0.086554505,0.0,0.0,0.0,0.0,0.08745873,0.0
0.0,0.0,0.029411765,0.2,0.0,0.0,0.0,0.0,0.0,0.0,0.0,0.0,0.0,0.0,0.0,0.0,0.0,0.0,0.0,0.0,0.0,0.0,0.017246954,0.0019569471,0.01,0.0,0.99,1.0,0.01,0.07,0.0,0.76413465,1.0,1.0,0.08986319,0.0,0.002360195,0.0,0.0,0.0776732,0.0
0.0,0.0,0.029411765,0.1,0.0,0.0,0.0,0.0,0.0,0.0,0.0,0.0,0.0,0.0,0.0,0.0,0.0,0.0,0.0,0.0,0.0,0.0,0.023556076,0.019569471,1.0,1.0,0.0,0.0,0.08,0.06,0.0,0.7724056,1.0,1.0,0.08678418,0.0,0.0,0.0,0.0,0.08768302,0.0
0.0,0.0,0.029411765,0.1,0.0,0.0,0.0,0.0,0.0,0.0,0.0,0.0,0.0,0.0,0.0,0.0,0.0,0.0,0.0,0.0,0.0,0.0,0.022980578,0.03522505,1.0,1.0,0.0,0.0,0.07,0.07,0.0,0.7830484,1.0,1.0,0.09027364,0.0,0.0,0.0,0.0,0.090762615,0.0
0.0,0.0,0.029411765,0.2,0.0,0.0,0.0,0.0,0.0,0.0,0.0,0.0,0.0,0.0,0.0,0.0,0.0,0.0,0.0,0.0,0.0,0.0015524328,0.017004386,0.01369863,0.0,0.0,1.0,1.0,0.03,0.08,0.0,0.76995206,1.0,1.0,0.09163896,0.0,0.0022164434,0.0,0.0,0.079025,0.0
0.0,0.0,0.029411765,0.2,0.0,0.0,0.0,0.0,0.0,0.0,0.0,0.0,0.0,0.0,0.0,0.0,0.0,0.0,0.0,0.0,0.0,0.0,0.017384127,0.0039138943,0.0,0.0,1.0,1.0,0.02,0.07,0.0,0.7597722,1.0,1.0,0.08847866,0.0,0.003074333,0.0,0.0,0.075680405,0.0
0.0,0.0,0.029411765,0.2,0.0,0.0,0.0,0.0,0.0,0.0,0.0,0.0,0.0,0.0,0.0,0.0,0.0,0.0,0.0,0.0,0.0,0.0,0.01717265,0.0332681,0.0,0.0,1.0,1.0,0.12,0.06,0.0,0.76509404,1.0,1.0,0.09009486,0.0,0.0029633194,0.0,0.0,0.0768376,0.0
0.0,0.0,0.029411765,0.2,0.0,0.0,0.0,0.0,0.0,0.0,0.0,0.0,0.0,0.0,0.0,0.0,0.0,0.0,0.0,0.0,0.0,0.002594173,0.016870983,0.025440313,0.0,0.0,1.0,1.0,0.06,0.06,0.0,0.7714968,1.0,1.0,0.0921591,0.0,0.0023306757,0.0,0.0,0.07908431,0.0
0.0,1.0,0.36764705,0.0,2.3557259e-05,0.0,0.0,0.33333334,0.0,0.0,0.0,0.0,0.0,0.0,0.0,0.0,0.0,0.0,0.0,0.0,0.0,0.0,0.02162578,0.0019569471,0.0,0.0,0.0,0.0,1.0,0.0,0.0,0.71741104,1.0,1.0,0.073442034,0.0,0.0011038631,0.0,0.0,0.07273728,0.0
0.0,0.0,0.029411765,0.2,0.0,0.0,0.0,0.0,0.0,0.0,0.0,0.0,0.0,0.0,0.0,0.0,0.0,0.0,0.0,0.0,0.0,0.0047540665,0.016682655,0.029354207,0.0,0.0,1.0,1.0,0.05,0.06,0.0,0.77572834,1.0,1.0,0.0935188,0.0,0.0019039363,0.0,0.0,0.08051285,0.0
1.7326518e-05,0.0,0.22058824,0.0,4.1368454e-05,0.00021769383,0.0,0.0,0.0,0.0,0.0,0.0,0.0,0.0,0.0,0.0,0.0,0.0,0.0,0.0,0.0,0.0014587939,0.0124010295,0.0039138943,0.0,0.0,0.0,0.0,1.0,0.0,0.0,0.7552546,1.0,1.0,0.09105987,0.0,0.008582547,0.0,0.0,0.07179436,0.0
0.0,0.0,0.04411765,0.3,0.00062745076,0.005423771,0.0,0.0,0.0,0.0,0.0,0.0,0.0,0.0,0.0,0.0,0.0,0.0,0.0,0.0,0.0,0.0031096041,0.010987334,0.011741683,0.0,0.0,1.0,1.0,1.0,0.0,0.0,0.75708616,1.0,1.0,0.09297957,0.0,0.009780511,0.0,0.0,0.065134734,0.0
0.0,0.0,0.029411765,0.2,0.0,0.0,0.0,0.0,0.0,0.0,0.0,0.0,0.0,0.0,0.0,0.0,0.0,0.0,0.0,0.0,0.0,0.0,0.017352521,0.0019569471,0.0,0.0,1.0,1.0,0.01,0.06,0.0,0.7591671,1.0,1.0,0.08838894,0.0,0.0028761774,0.0,0.0,0.07581562,0.0
0.0,0.0,0.029411765,0.1,0.0,0.0,0.0,0.0,0.0,0.0005340874,0.0,0.0,0.0,0.0,0.0,0.0,0.0,0.0,0.0,0.0,0.0,0.00079631805,0.022868514,0.039138943,1.0,1.0,0.0,0.0,0.07,0.06,0.0,0.7847383,1.0,1.0,0.09085601,0.0,0.0,0.0,0.0,0.09125179,0.0
1.7326518e-05,0.0,0.22058824,0.0,4.1368454e-05,0.00021769383,0.0,0.0,0.0,0.0,0.0,0.0,0.0,0.0,0.0,0.0,0.0,0.0,0.0,0.0,0.0,0.003137678,0.012115352,0.0039138943,0.0,0.0,0.0,0.0,1.0,0.0,0.0,0.7577121,1.0,1.0,0.09195336,0.0,0.008859232,0.0,0.0,0.07140306,0.0
0.0,0.0,0.5588235,0.5,0.0,0.0,0.0,0.0,0.0,0.0,0.0,0.0,0.0,0.0,0.0,0.0,0.0,0.0,0.0,0.0,0.0,0.0015810132,0.016882837,0.037181996,0.0,0.0,1.0,1.0,0.13,0.05,0.0,0.7688557,1.0,1.0,0.09136548,0.0,0.0029546171,0.0,0.0,0.07751888,0.0
1.7326518e-05,0.0,0.22058824,0.0,4.1368454e-05,0.00021769383,0.0,0.0,0.0,0.0,0.0,0.0,0.0,0.0,0.0,0.0,0.0,0.0,0.0,0.0,0.0,0.0028985143,0.012187235,0.0039138943,0.0,0.0,0.0,0.0,1.0,0.0,0.0,0.7573005,1.0,1.0,0.09176951,0.0,0.008831546,0.0,0.0,0.07161176,0.0
0.0,0.0,0.029411765,0.2,0.0,0.0,0.0,0.0,0.0,0.0,0.0,0.0,0.0,0.0,0.0,0.0,0.0,0.0,0.0,0.0,0.0,0.0007776618,0.017050005,0.011741683,0.0,0.0,1.0,1.0,0.03,0.07,0.0,0.76859987,1.0,1.0,0.091236375,0.0,0.0022415072,0.0,0.0,0.078755945,0.0
0.00015593866,0.0,0.13235295,0.0,6.699493e-05,0.0058836774,0.0,0.0,0.0,0.0,0.0,0.0,0.0,0.0,0.0,0.0,0.0,0.0,0.00044193678,0.0,0.0,0.0,0.044799022,0.0019569471,0.0,0.0,0.0,0.0,1.0,0.0,0.0,0.58778036,0.85614234,0.94930506,0.012372278,0.0,0.015541732,0.0,0.0,0.056628942,0.0
0.013947847,0.0,0.04411765,0.3,0.0008872809,7.4298237e-07,0.0,0.0,0.0,0.060423136,0.0,0.0,0.0,0.0,0.0,0.0048369467,0.005491309,0.037220806,0.0,0.0,0.0,0.083809674,0.008604251,0.10763209,0.11,0.11,0.89,0.89,1.0,0.0,0.0,0.8964534,1.0,1.0,0.13195935,0.0,0.008894131,0.0,0.0,0.090851724,0.0
0.0,0.0,0.029411765,0.1,0.0,0.0,0.0,0.0,0.0,0.0,0.0,0.0,0.0,0.0,0.0,0.0,0.0,0.0,0.0,0.0,0.0,0.0,0.023361638,0.03522505,1.0,1.0,0.0,0.0,0.12,0.06,0.0,0.77727485,1.0,1.0,0.088249646,0.0,0.0,0.0,0.0,0.088777274,0.0
0.0,0.0,0.029411765,0.1,0.0,0.0,0.0,0.0,0.0,0.0,0.0,0.0,0.0,0.0,0.0,0.0,0.0,0.0,0.0,0.0,0.0,0.0,0.023750417,0.0058708414,1.0,1.0,0.0,0.0,0.03,0.07,0.0,0.76749504,1.0,1.0,0.08530039,0.0,0.0,0.0,0.0,0.08656648,0.0
0.0,0.0,0.04411765,0.1,0.0,0.0,0.0,0.0,0.0,0.0,0.0,0.0,0.0,0.0,0.0,0.0,0.0,0.0,0.0,0.0,0.0,0.0,0.023106605,0.021526419,1.0,1.0,0.0,0.0,0.04,0.07,0.0,0.77906406,1.0,1.0,0.08912546,0.0,0.0,0.0,0.0,0.0899798,0.0
0.0,0.0,0.029411765,0.2,0.0,0.0,0.0,0.0,0.0,0.0,0.0,0.0,0.0,0.0,0.0,0.0,0.0,0.0,0.0,0.0,0.0,0.002511084,0.017321967,0.01369863,0.18,0.0,0.82,1.0,0.03,0.06,0.0,0.7728653,1.0,1.0,0.092209004,0.0,0.001517579,0.0,0.0,0.08056003,0.0
0.0,0.0,0.61764705,0.2,0.0,0.0,0.0,0.0,0.0,0.0,0.0,0.0,0.0,0.0,0.0,0.0,0.0,0.0,0.0,0.0,0.0,0.0027243495,0.01766815,0.0332681,0.0,0.0,1.0,1.0,0.13,0.05,0.0,0.7722839,1.0,1.0,0.0915873,0.0,0.0023222417,0.0,0.0,0.07922205,0.0
0.0,1.0,0.36764705,0.0,1.6044403e-05,0.0,0.0,0.0,0.0,0.0,0.0,0.0,0.0,0.0,0.0,0.0,0.0,0.0,0.0,0.0,0.0,0.011310518,0.014175907,0.113502935,0.0,0.0,0.0,0.0,1.0,0.0,0.0,0.77630734,1.0,1.0,0.0957843,0.0,0.004923627,0.0,0.0,0.08209768,0.0
0.0,0.0,0.13235295,0.1,0.0,0.0,0.0,0.0,0.0,0.0,0.0,0.0,0.0,0.0,0.0,0.0,0.0,0.0,0.0,0.0,0.0,0.0,0.025824778,0.11545988,1.0,1.0,0.0,0.0,1.0,0.0,0.0,0.7674117,1.0,1.0,0.08283954,0.0,0.0,0.0,0.0,0.08196068,0.0
0.035935197,0.0,0.04411765,0.3,0.0008993779,0.0,0.0,0.0,0.0,0.0076381266,0.0,0.0,0.0,0.0,0.0,0.0,0.0,0.0,0.0,0.0,0.0,0.025147974,0.010481395,0.023483366,0.33,0.33,0.67,0.67,1.0,0.0,0.0,0.79527545,1.0,1.0,0.103514634,0.0,0.009489849,0.0,0.0,0.07241601,0.0
0.0,0.0,0.029411765,0.2,0.0,0.0,0.0,0.0,0.0,0.0,0.0,0.0,0.0,0.0,0.0,0.0,0.0,0.0,0.0,0.0,0.0,0.00064876676,0.017014958,0.031311154,0.0,0.0,1.0,1.0,0.14,0.07,0.0,0.7671169,1.0,1.0,0.09075343,0.0,0.0030971467,0.0,0.0,0.077043265,0.0
0.014415663,0.0,0.04411765,0.3,0.0010388114,0.0,0.0,0.0,0.0,0.0,0.0,0.0,0.0,0.0,0.0,0.0,0.0,0.0,0.0,0.0,0.0,0.005523205,0.010729305,0.021526419,0.0,0.0,1.0,1.0,1.0,0.0,0.0,0.7611319,1.0,1.0,0.09429889,0.0,0.009857714,0.0,0.0,0.06528005,0.0
8.663259e-05,0.0,0.22058824,0.0,4.1368454e-05,0.00021769383,0.0,0.0,0.0,0.0,0.0,0.0,0.0,0.0,0.0,0.0,0.0,0.0,0.0,0.0,0.0,0.0028932095,0.010961272,0.0039138943,0.0,0.0,0.0,0.0,1.0,0.0,0.0,0.75678945,1.0,1.0,0.0929211,0.0,0.009703994,0.0,0.0,0.065402746,0.0
0.013965174,0.0,0.04411765,0.3,0.0009226168,7.4298237e-07,0.0,0.0,0.0,0.024928004,0.0,0.0,0.0,0.0,0.0,0.0,0.001543209,0.0067952275,0.0,0.0,0.0,0.044176012,0.009629235,0.16046967,0.02,0.02,0.98,0.98,1.0,0.0,0.0,0.82803524,1.0,1.0,0.11297762,0.0,0.009178385,0.0,0.0,0.07872689,0.0
0.0,0.0,0.13235295,0.8,0.0,3.2691223e-05,0.0,0.0,0.0,0.018401504,0.0,0.0,0.0,0.0,0.0,0.0,0.0,0.0,0.0,0.0,0.0,0.02522114,0.019070566,0.0019569471,1.0,1.0,0.0,0.0,1.0,0.0,0.0,0.81703806,1.0,1.0,0.10207146,0.0,0.0,0.0,0.0,0.095108,0.0
0.0,0.0,0.029411765,0.2,0.0,0.0,0.0,0.0,0.0,0.0,0.0,0.0,0.0,0.0,0.0,0.0,0.0,0.0,0.0,0.0,0.0,0.0,0.017168835,0.01369863,0.0,0.0,1.0,1.0,0.05,0.06,0.0,0.7643788,1.0,1.0,0.08993419,0.0,0.0028199106,0.0,0.0,0.07692668,0.0
0.0,0.0,0.04411765,0.0,0.0008681168,0.0061771553,0.0,0.0,0.0,0.0,0.0,0.0,0.0,0.0,0.0,0.0,0.0,0.0,0.0,0.0,0.0,0.00701198,0.010772467,0.007827789,0.0,0.0,0.0,0.0,1.0,0.0,0.0,0.7637783,1.0,1.0,0.09495469,0.0,0.009769678,0.0,0.0,0.06611362,0.0
0.0,0.0,0.0882353,0.2,0.0,0.0,0.0,0.0,0.0,0.0,0.0,0.0,0.0,0.0,0.0,0.0,0.0,0.0,0.0,0.0,0.0,0.0044018924,0.016758494,0.031311154,0.0,0.0,1.0,1.0,0.07,0.07,0.0,0.7747297,1.0,1.0,0.09313073,0.0,0.0021906644,0.0,0.0,0.07998043,0.0
0.0,0.0,0.1764706,0.1,0.0,0.0,0.0,0.0,0.0,0.0,0.0,0.0,0.0,0.0,0.0,0.0,0.0,0.0,0.0,0.0,0.0,0.0,0.023508884,0.011741683,1.0,1.0,0.0,0.0,0.04,0.09,0.0,0.77330947,1.0,1.0,0.08710369,0.0,0.0,0.0,0.0,0.088153034,0.0
0.13261718,0.0,0.13235295,0.0,0.0,3.2691223e-05,0.0,0.0,0.0,0.0,0.0,0.0,0.0,0.0,0.0,0.0,0.0,0.0,0.0,0.0,0.0,0.0,0.019438393,0.0019569471,0.0,0.0,0.0,0.0,1.0,0.0,0.0,0.7525184,1.0,1.0,0.08434681,0.0,0.0022524446,0.0,0.0,0.08138126,0.0
0.0,0.0,0.029411765,0.2,0.0,0.0,0.0,0.0,0.0,0.0,0.0,0.0,0.0,0.0,0.0,0.0,0.0,0.0,0.0,0.0,0.0,0.0,0.017183825,0.0019569471,0.0,0.0,1.0,1.0,0.0,0.06,0.0,0.76483536,1.0,1.0,0.09012499,0.0,0.0022586137,0.0,0.0,0.07795298,0.0
0.0,0.0,0.30882353,0.2,0.0,0.0,0.0,0.0,0.0,0.0,0.0,0.0,0.0,0.0,0.0,0.0,0.0,0.0,0.0,0.0,0.0,0.002618581,0.016858831,0.02739726,0.0,0.0,1.0,1.0,0.07,0.07,0.0,0.7714827,1.0,1.0,0.09216214,0.0,0.0023588985,0.0,0.0,0.07905373,0.0
0.0,0.0,0.029411765,0.1,0.0,0.0,0.0,0.0,0.0,0.0,0.0,0.0,0.0,0.0,0.0,0.0,0.0,0.0,0.0,0.0,0.0,0.0,0.023345105,0.009784736,1.0,1.0,0.0,0.0,0.02,0.06,0.0,0.7743689,1.0,1.0,0.087625764,0.0,0.0,0.0,0.0,0.08873302,0.0
0.0,0.0,0.44117647,0.2,0.0,0.0,0.0,0.0,0.0,0.0,0.0,0.0,0.0,0.0,0.0,0.0,0.0,0.0,0.0,0.0,0.0,0.0,0.017152324,0.019569471,0.0,0.0,1.0,1.0,0.08,0.06,0.0,0.76355624,1.0,1.0,0.089701556,0.0,0.0030578673,0.0,0.0,0.07634887,0.0
0.0,0.0,0.3529412,0.2,0.0,0.0,0.0,0.0,0.0,0.0,0.0,0.0,0.0,0.0,0.0,0.0,0.0,0.0,0.0,0.0,0.0,0.0,0.017373644,0.0039138943,0.0,0.0,1.0,1.0,0.02,0.07,0.0,0.7609699,1.0,1.0,0.08880707,0.0,0.0030086935,0.0,0.0,0.07607597,0.0
0.0,0.0,0.029411765,0.2,0.0,0.0,0.0,0.0,0.0,0.0,0.0,0.0,0.0,0.0,0.0,0.0,0.0,0.0,0.0,0.0,0.0,0.0006439984,0.016973391,0.029354207,0.0,0.0,1.0,1.0,0.1,0.05,0.0,0.7673565,1.0,1.0,0.090891235,0.0,0.0029232055,0.0,0.0,0.077263445,0.0
0.0,0.0,0.029411765,0.2,0.0,0.0,0.0,0.0,0.0,0.0,0.0,0.0,0.0,0.0,0.0,0.0,0.0,0.0,0.0,0.0,0.0,0.0019026399,0.016937904,0.017612524,0.0,0.0,1.0,1.0,0.04,0.06,0.0,0.7705194,1.0,1.0,0.09185692,0.0,0.0022218376,0.0,0.0,0.07904348,0.0
0.0,0.0,0.5588235,0.5,0.0,0.0,0.0,0.0,0.0,0.0,0.0,0.0,0.0,0.0,0.0,0.0,0.0,0.0,0.0,0.0,0.0,0.0,0.017318442,0.0019569471,0.0,0.0,1.0,1.0,0.01,0.06,0.0,0.76088655,1.0,1.0,0.08888944,0.0,0.0027329773,0.0,0.0,0.07642588,0.0
0.0,0.0,0.029411765,0.1,0.0,0.0,0.0,0.0,0.0,0.0004223585,0.0,0.0,0.0,0.0,0.0,0.0,0.0,0.0,0.0,0.0,0.0,0.0008340478,0.022920765,0.039138943,1.0,1.0,0.0,0.0,0.07,0.06,0.0,0.78463197,1.0,1.0,0.09075003,0.0,0.0,0.0,0.0,0.09111801,0.0
0.0,0.0,0.029411765,0.2,0.0,0.0,0.0,0.0,0.0,0.0,0.0,0.0,0.0,0.0,0.0,0.0,0.0,0.0,0.0,0.0,0.0,0.0024392307,0.01681503,0.021526419,0.0,0.0,1.0,1.0,0.04,0.06,0.0,0.7717123,1.0,1.0,0.09233225,0.0,0.0019845217,0.0,0.0,0.07958174,0.0
0.0,1.0,0.36764705,0.0,8.08587e-06,0.0,0.0,0.0,0.0,0.0,0.0,0.0,0.0,0.0,0.0,0.0,0.0,0.0,0.0,0.0,0.0,0.0046138465,0.016987257,1.0,0.0,0.0,0.0,0.0,1.0,0.0,0.0,0.77277076,1.0,1.0,0.092508785,0.0,0.0018937737,0.0,0.0,0.08425772,0.0
0.0,0.0,0.04411765,0.0,0.0008681168,0.0061771553,0.0,0.0,0.0,0.0,0.0,0.0,0.0,0.0,0.0,0.0,0.0,0.0,0.0,0.0,0.0,0.0008509457,0.010927059,0.0058708414,0.0,0.0,0.0,0.0,1.0,0.0,0.0,0.7531259,1.0,1.0,0.09200203,0.0,0.009823531,0.0,0.0,0.06421524,0.0
0.0,0.0,0.029411765,0.2,0.0,0.0,0.0,0.0,0.0,0.0,0.0,0.0,0.0,0.0,0.0,0.0,0.0,0.0,0.0,0.0,0.0,0.0024296641,0.017164849,0.03522505,0.0,0.0,1.0,1.0,0.13,0.06,0.0,0.7708409,1.0,1.0,0.09163781,0.0,0.002721399,0.0,0.0,0.07834712,0.0
0.0,0.0,0.029411765,0.1,0.0,0.0,0.0,0.0,0.0,0.0,0.0,0.0,0.0,0.0,0.0,0.0,0.0,0.0,0.0,0.0,0.0,0.0,0.020363532,0.023483366,0.44,0.67,0.56,0.33,0.11,0.06,0.0,0.7640034,1.0,1.0,0.08716672,0.0,0.0,0.0,0.0,0.081243575,0.0
0.0,0.0,0.029411765,0.2,0.0,0.0,0.0,0.0,0.0,0.0,0.0,0.0,0.0,0.0,0.0,0.0,0.0,0.0,0.0,0.0,0.0,0.0026408732,0.016856678,0.02739726,0.0,0.0,1.0,1.0,0.07,0.07,0.0,0.77153003,1.0,1.0,0.09217777,0.0,0.0023518652,0.0,0.0,0.07907325,0.0
0.0,1.0,0.36764705,0.0,1.6044403e-05,0.0,0.0,0.0,0.0,0.0051163733,0.0,0.0,0.0,0.0,0.0,0.0,0.0,0.0,0.0,0.0,0.0,0.01695317,0.014887452,0.70841485,0.0,0.0,0.0,0.0,1.0,0.0,0.0,0.78843963,1.0,1.0,0.09841817,0.0,0.003486678,0.0,0.0,0.08757791,0.0
0.0,0.0,0.42647058,0.2,0.0,0.0,0.0,0.0,0.0,0.0,0.0,0.0,0.0,0.0,0.0,0.0,0.0,0.0,0.0,0.0,0.0,0.0,0.017343506,0.0039138943,0.0,0.0,1.0,1.0,0.02,0.07,0.0,0.7606735,1.0,1.0,0.08877582,0.0,0.0029404461,0.0,0.0,0.076051116,0.0
0.0,0.0,0.5441176,0.5,0.0,0.0,0.0,0.0,0.0,0.0,0.0,0.0,0.0,0.0,0.0,0.0,0.0,0.0,0.0,0.0,0.0,0.005130589,0.01659412,0.037181996,0.0,0.0,1.0,1.0,0.07,0.06,0.0,0.7762197,1.0,1.0,0.09372721,0.0,0.0019728243,0.0,0.0,0.080450684,0.0
0.0,0.0,0.04411765,0.1,0.0,0.0,0.0,0.0,0.0,0.0,0.0,0.0,0.0,0.0,0.0,0.0,0.0,0.0,0.0,0.0,0.0,0.0,0.020882048,0.029354207,0.37,0.87,0.63,0.13,0.14,0.07,0.0,0.7619207,1.0,1.0,0.086225145,0.0,0.0,0.0,0.0,0.0810734,0.0
0.0,0.0,0.029411765,0.2,0.0,0.0,0.0,0.0,0.0,0.0,0.0,0.0,0.0,0.0,0.0,0.0,0.0,0.0,0.0,0.0,0.0,0.0057519674,0.016615026,0.039138943,0.0,0.0,1.0,1.0,0.08,0.07,0.0,0.77706194,1.0,1.0,0.09389513,0.0,0.0021357834,0.0,0.0,0.080412954,0.0
0.0,1.0,0.36764705,0.0,8.08587e-06,0.0,0.0,0.0,0.0,0.0,0.0,0.0,0.0,0.0,0.0,0.0,0.0,0.0,0.0,0.0,0.0,0.0,0.017858043,1.0,0.0,0.0,0.0,0.0,1.0,0.0,0.0,0.7616421,1.0,1.0,0.08877637,0.0,0.0016548783,0.0,0.0,0.08153018,0.0
0.0,0.0,0.029411765,0.2,0.0,0.0,0.0,0.0,0.0,0.0,0.0,0.0,0.0,0.0,0.0,0.0,0.0,0.0,0.0,0.0,0.0,0.0,0.017094068,0.009784736,0.0,0.0,1.0,1.0,0.03,0.08,0.0,0.766942,1.0,1.0,0.09074848,0.0,0.0023493916,0.0,0.0,0.07819587,0.0
0.12686476,0.0,0.13235295,0.0,0.0,3.2691223e-05,0.0,0.0,0.0,0.016159356,0.0,0.0,0.0,0.0,0.0,0.0,0.0,0.0,0.0,0.0,0.0,0.026162595,0.018034853,0.0019569471,0.0,0.0,0.0,0.0,1.0,0.0,0.0,0.8122457,1.0,1.0,0.10133802,0.0,0.0018392205,0.0,0.0,0.09358215,0.0
1.7326518e-05,0.0,0.22058824,0.0,4.1368454e-05,0.00021769383,0.0,0.0,0.0,0.0,0.0,0.0,0.0,0.0,0.0,0.0,0.0,0.0,0.0,0.0,0.0,0.0022321641,0.010992289,0.0039138943,0.0,0.0,0.33,0.0,0.67,0.67,0.0,0.7556373,1.0,1.0,0.092586,0.0,0.009699941,0.0,0.0,0.06529853,0.0
0.0,0.0,0.14705883,0.5,0.0,0.0,0.0,0.0,0.0,0.0,0.0,0.0,0.0,0.0,0.0,0.0,0.0,0.0,0.0,0.0,0.0,0.000174582,0.017046891,0.0058708414,0.0,0.0,1.0,1.0,0.01,0.06,0.0,0.76792836,1.0,1.0,0.09110934,0.0,0.0020010024,0.0,0.0,0.0789133,0.0
0.0,0.0,0.029411765,0.2,0.0,0.0,0.0,0.0,0.0,0.0,0.0,0.0,0.0,0.0,0.0,0.0,0.0,0.0,0.0,0.0,0.0,0.0,0.017370053,0.0019569471,0.0,0.0,1.0,1.0,0.01,0.07,0.0,0.7607086,1.0,1.0,0.08876423,0.0,0.0028716773,0.0,0.0,0.07625568,0.0
1.7326518e-05,0.0,0.22058824,0.0,4.1368454e-05,0.00021769383,0.0,0.0,0.0,0.0,0.0,0.0,0.0,0.0,0.0,0.0,0.0,0.0,0.0,0.0,0.0,0.0022087693,0.010993868,0.0039138943,0.0,0.0,0.0,0.0,1.0,0.0,0.0,0.75559473,1.0,1.0,0.09257307,0.0,0.009704426,0.0,0.0,0.06527406,0.0
0.0140691325,0.0,0.04411765,0.3,0.0009102015,0.0,0.0,0.0,0.0,0.052395076,0.0,0.0,0.0,0.0,0.0,0.0027534366,0.0046785027,0.030831307,0.0,0.0,0.0,0.07505995,0.008742593,0.08806262,0.02,0.02,0.98,0.98,1.0,0.0,0.0,0.88115335,1.0,1.0,0.12779722,0.0,0.00913614,0.0,0.0,0.08744326,0.0
0.0,0.0,0.029411765,0.1,0.0,0.0,0.0,0.0,0.0,0.0,0.0,0.0,0.0,0.0,0.0,0.0,0.0,0.0,0.0,0.0,0.0,0.0,0.023492336,0.007827789,1.0,1.0,0.0,0.0,0.02,0.08,0.0,0.77301526,1.0,1.0,0.0870712,0.0,0.0,0.0,0.0,0.08815727,0.0
0.0,0.0,0.04411765,0.2,0.0,0.0,0.0,0.0,0.0,0.0039394796,0.0,0.0,0.0,0.0,0.0,0.0,0.0,0.0,0.0,0.0,0.0,0.014785767,0.016140103,0.03522505,0.0,0.0,1.0,1.0,0.32,0.07,0.0,0.7898356,1.0,1.0,0.09740197,0.0,0.003789276,0.0,0.0,0.080592036,0.0
0.0,0.0,0.029411765,0.2,0.0,0.0,0.0,0.0,0.0,0.0,0.0,0.0,0.0,0.0,0.0,0.0,0.0,0.0,0.0,0.0,0.0,0.0006683469,0.016961262,0.031311154,0.0,0.0,1.0,1.0,0.11,0.06,0.0,0.7673422,1.0,1.0,0.09089426,0.0,0.0029514134,0.0,0.0,0.07723293,0.0
0.0,1.0,0.36764705,0.0,8.08587e-06,0.0,0.0,0.0,0.0,0.00083741546,0.0,0.0,0.0,0.0,0.0,0.0,0.0,0.0,0.0,0.0,0.0,0.0133048,0.014451861,0.32681018,0.0,0.0,0.0,0.0,1.0,0.0,0.0,0.78045774,1.0,1.0,0.0966376,0.0,0.0044637322,0.0,0.0,0.084165126,0.0
0.0,0.0,0.029411765,0.2,0.0,0.0,0.0,0.0,0.0,0.0,0.0,0.0,0.0,0.0,0.0,0.0,0.0,0.0,0.0,0.0,0.0,0.00063705444,0.017031215,0.007827789,0.0,0.0,1.0,1.0,0.02,0.07,0.0,0.76861656,1.0,1.0,0.09129297,0.0,0.0020745844,0.0,0.0,0.07890919,0.0
0.0,0.0,0.25,0.5,0.0,0.0,0.0,0.0,0.0,0.0,0.0,0.0,0.0,0.0,0.0,0.0,0.0,0.0,0.0,0.0,0.0,0.0025146604,0.016873844,0.039138943,0.0,0.0,1.0,1.0,0.15,0.06,0.0,0.770362,1.0,1.0,0.09175234,0.0,0.0030188411,0.0,0.0,0.07775429,0.0
0.0,0.0,0.32352942,0.1,0.0,0.0,0.0,0.0,0.0,0.0,0.0,0.0,0.0,0.0,0.0,0.0,0.0,0.0,0.0,0.0,0.0,0.0,0.023515299,0.0039138943,1.0,1.0,0.0,0.0,0.01,0.09,0.0,0.77253366,1.0,1.0,0.08692657,0.0,0.0,0.0,0.0,0.08810347,0.0
0.0,0.0,0.029411765,0.2,0.0,0.0,0.0,0.0,0.0,0.0,0.0,0.0,0.0,0.0,0.0,0.0,0.0,0.0,0.0,0.0,0.0,0.0009164512,0.016989276,0.031311154,0.0,0.0,1.0,1.0,0.12,0.05,0.0,0.767686,1.0,1.0,0.09094112,0.0,0.0030125827,0.0,0.0,0.07727739,0.0
0.0,0.0,0.04411765,0.1,0.0,0.0,0.0,0.0,0.0,0.022616237,0.0,0.0,0.0,0.0,0.0,0.0,0.0,0.0013093948,0.0,0.0,0.0,0.03777522,0.014153369,0.019569471,1.0,1.0,0.0,0.0,1.0,0.0,0.0,0.82510865,1.0,1.0,0.10819157,0.0,0.005644977,0.0,0.0,0.08545378,0.0
0.0,1.0,0.36764705,0.0,8.08587e-06,0.0,0.0,0.0,0.0,0.0,0.0,0.0,0.0,0.0,0.0,0.0,0.0,0.0,0.0,0.0,0.0,0.0,0.0181294,1.0,0.0,0.0,0.0,0.0,1.0,0.0,0.0,0.7581785,1.0,1.0,0.08761614,0.0,0.0015678108,0.0,0.0,0.080655634,0.0
0.0,0.0,0.029411765,0.2,0.0,0.0,0.0,0.0,0.0,0.0,0.0,0.0,0.0,0.0,0.0,0.0,0.0,0.0,0.0,0.0,0.0,0.0048609376,0.016629681,0.03522505,0.0,0.0,1.0,1.0,0.07,0.06,0.0,0.77571225,1.0,1.0,0.093552165,0.0,0.0020221323,0.0,0.0,0.080266625,0.0
0.0,0.0,0.029411765,0.2,0.0,0.0,0.0,0.0,0.0,0.0,0.0,0.0,0.0,0.0,0.0,0.0,0.0,0.0,0.0,0.0,0.0,0.0011094809,0.016966946,0.0039138943,0.0,0.0,1.0,1.0,0.01,0.06,0.0,0.7699822,1.0,1.0,0.09177888,0.0,0.0016697794,0.0,0.0,0.079782724,0.0
0.0,1.0,0.36764705,0.0,1.6426413e-05,0.0,0.0,0.0,0.0,0.0,0.0,0.0,0.0,0.0,0.0,0.0,0.0,0.0,0.0,0.0,0.0,0.010496348,0.01507964,0.21330725,0.0,0.0,0.0,0.0,1.0,0.0,0.0,0.7768581,1.0,1.0,0.0949906,0.0,0.004230529,0.0,0.0,0.08428407,0.0
0.0,0.0,0.029411765,0.2,0.0,0.0,0.0,0.0,0.0,0.0,0.0,0.0,0.0,0.0,0.0,0.0,0.0,0.0,0.0,0.0,0.0,0.0,0.017116606,0.0039138943,0.0,0.0,1.0,1.0,0.01,0.06,0.0,0.7657014,1.0,1.0,0.0904338,0.0,0.0021934807,0.0,0.0,0.07811904,0.0
0.0,0.0,0.029411765,0.2,0.0,0.0,0.0,0.0,0.0,0.0,0.0,0.0,0.0,0.0,0.0,0.0,0.0,0.0,0.0,0.0,0.0,0.0007932484,0.017015636,0.015655577,0.0,0.0,1.0,1.0,0.04,0.06,0.0,0.7684556,1.0,1.0,0.091219746,0.0,0.0023525804,0.0,0.0,0.07848182,0.0
0.0,1.0,0.36764705,0.0,1.6044403e-05,0.0,0.0,0.0,0.0,0.0,0.0,0.0,0.0,0.0,0.0,0.0,0.0,0.0,0.0,0.0,0.0,0.011793643,0.014259465,0.17025441,0.0,0.0,0.0,0.0,1.0,0.0,0.0,0.77733004,1.0,1.0,0.09598031,0.0,0.0048008114,0.0,0.0,0.082644016,0.0
0.0,0.0,0.029411765,0.1,0.0,0.0,0.0,0.0,0.0,0.0,0.0,0.0,0.0,0.0,0.0,0.0,0.0,0.0,0.0,0.0,0.0,0.0,0.02103968,0.02739726,0.12,1.0,0.88,0.0,0.12,0.06,0.0,0.75631845,1.0,1.0,0.08465689,0.0,0.0,0.0,0.0,0.07968265,0.0
0.035605993,0.0,0.04411765,0.3,0.001155006,0.0,0.0,0.0,0.0,0.024667352,0.0,0.0,0.0,0.0,0.0,0.0,0.0012229756,0.007213205,0.0,0.0,0.0,0.04419425,0.0098923,0.017612524,0.0,0.0,1.0,1.0,1.0,0.0,0.0,0.82808614,1.0,1.0,0.11271682,0.0,0.009389982,0.0,0.0,0.07799819,0.0
0.015559213,0.0,0.04411765,0.3,0.0012247227,0.0,0.0,0.0,0.0,0.03474778,0.0,0.0,0.0,0.0,0.0,0.0,0.0027338937,0.01628068,0.0,0.0,0.0,0.055592358,0.009227373,0.04892368,0.0,0.0,1.0,1.0,1.0,0.0,0.0,0.84740925,1.0,1.0,0.11844776,0.0,0.009467393,0.0,0.0,0.080694735,0.0
1.7326518e-05,0.0,0.22058824,0.0,4.1368454e-05,0.00021769383,0.0,0.0,0.0,0.0,0.0,0.0,0.0,0.0,0.0,0.0,0.0,0.0,0.0,0.0,0.0,0.002639383,0.011029407,0.0058708414,0.0,0.0,0.25,0.0,0.75,0.5,0.0,0.7564,1.0,1.0,0.09274813,0.0,0.009635046,0.0,0.0,0.06574598,0.0
0.0,1.0,0.36764705,0.0,1.6426413e-05,0.0,0.0,0.0,0.0,0.006581545,0.0,0.0,0.0,0.0,0.0,0.0,0.0,0.0,0.0,0.0,0.0,0.018088281,0.0150022805,0.8297456,0.0,0.0,0.0,0.0,1.0,0.0,0.0,0.79122996,1.0,1.0,0.09911018,0.0,0.0030663759,0.0,0.0,0.08845493,0.0
0.12658754,0.0,0.13235295,0.0,0.0,3.2691223e-05,0.0,0.0,0.0,0.0,0.0,0.0,0.0,0.0,0.0,0.0,0.0,0.0,0.0,0.0,0.0,0.0,0.017877646,0.0019569471,0.0,0.0,0.0,0.0,1.0,0.0,0.0,0.7402384,1.0,1.0,0.08238553,0.0,0.0041878074,0.0,0.0,0.075340986,0.0
0.0,0.0,0.029411765,0.2,0.0,0.0,0.0,0.0,0.0,0.0,0.0,0.0,0.0,0.0,0.0,0.0,0.0,0.0,0.0,0.0,0.0,0.0013180077,0.016950764,0.031311154,0.0,0.0,1.0,1.0,0.11,0.05,0.0,0.7685399,1.0,1.0,0.091222666,0.0,0.0028857589,0.0,0.0,0.07762852,0.0
0.013670623,0.0,0.04411765,0.3,3.9537994e-05,7.4298237e-07,0.0,0.0,0.0,0.000559777,0.0,0.0,0.0,0.0,0.0,0.0,0.0,0.0,0.0,0.0,0.0,0.01732859,0.010400586,0.05479452,0.0,0.0,1.0,1.0,1.0,0.0,0.0,0.78155696,1.0,1.0,0.09999145,0.0,0.009656593,0.0,0.0,0.06940061,0.0
0.0,0.0,0.13235295,0.8,0.0,3.2691223e-05,0.0,0.0,0.0,0.026443243,0.0,0.0,0.0,0.0,0.0,0.0,0.0,0.0,0.0,0.0,0.0,0.035068125,0.01880277,0.0019569471,1.0,1.0,0.0,0.0,1.0,0.0,0.0,0.832497,1.0,1.0,0.10627621,0.0,0.0,0.0,0.0,0.09815776,0.0
0.0,0.0,0.029411765,0.2,0.0,0.0,0.0,0.0,0.0,0.0,0.0,0.0,0.0,0.0,0.0,0.0,0.0,0.0,0.0,0.0,0.0,0.0,0.01709316,0.025440313,0.0,0.0,1.0,1.0,0.11,0.06,0.0,0.76464295,1.0,1.0,0.09003203,0.0,0.0031244606,0.0,0.0,0.07645917,0.0
0.0,0.0,0.029411765,0.1,0.0,0.0,0.0,0.0,0.0,0.0,0.0,0.0,0.0,0.0,0.0,0.0,0.0,0.0,0.0,0.0,0.0,0.0,0.023214534,0.009784736,1.0,1.0,0.0,0.0,0.02,0.06,0.0,0.7761408,1.0,1.0,0.08826765,0.0,0.0,0.0,0.0,0.08937165,0.0
0.0,0.0,0.029411765,0.2,0.0,0.0,0.0,0.0,0.0,0.0,0.0,0.0,0.0,0.0,0.0,0.0,0.0,0.0,0.0,0.0,0.0,0.0033331215,0.01685191,0.025440313,0.0,0.0,1.0,1.0,0.06,0.07,0.0,0.77288425,1.0,1.0,0.09255006,0.0,0.002236843,0.0,0.0,0.079557925,0.0
0.0,0.0,0.029411765,0.2,0.0,0.0,0.0,0.0,0.0,0.0,0.0,0.0,0.0,0.0,0.0,0.0,0.0,0.0,0.0,0.0,0.0,0.004151821,0.016740426,0.029354207,0.0,0.0,1.0,1.0,0.06,0.07,0.0,0.7744477,1.0,1.0,0.09309655,0.0,0.002094224,0.0,0.0,0.079986125,0.0
0.0,0.0,0.029411765,0.2,0.0,0.0,0.0,0.0,0.0,0.0,0.0,0.0,0.0,0.0,0.0,0.0,0.0,0.0,0.0,0.0,0.0,0.0018397272,0.016924463,0.021526419,0.0,0.0,1.0,1.0,0.05,0.07,0.0,0.77025366,1.0,1.0,0.09178472,0.0,0.0023134202,0.0,0.0,0.07888484,0.0
0.0,0.0,0.29411766,0.2,0.0,0.0,0.0,0.0,0.0,0.0,0.0,0.0,0.0,0.0,0.0,0.0,0.0,0.0,0.0,0.0,0.0,0.00041997433,0.017023347,0.0058708414,0.0,0.0,1.0,1.0,0.01,0.07,0.0,0.76845014,1.0,1.0,0.09128139,0.0,0.0019235015,0.0,0.0,0.07912794,0.0
0.0,0.0,0.04411765,0.0,0.0008681168,0.0061771553,0.0,0.0,0.0,0.0,0.0,0.0,0.0,0.0,0.0,0.0,0.0,0.0,0.0,0.0,0.0,0.0027232468,0.010843463,0.029354207,0.0,0.0,0.0,0.0,1.0,0.0,0.2,0.75635004,1.0,1.0,0.09293296,0.0,0.00981541,0.0,0.0,0.06471419,0.0
0.0,0.0,0.04411765,0.0,0.0008681168,0.0061771553,0.0,0.0,0.0,0.0,0.0,0.0,0.0,0.0,0.0,0.0,0.0,0.0,0.0,0.0,0.0,0.008121878,0.010717124,0.015655577,0.0,0.0,0.0,0.0,1.0,0.0,0.25,0.7657007,1.0,1.0,0.09551706,0.0,0.009754524,0.0,0.0,0.06642452,0.0
0.0,0.0,0.04411765,0.1,0.0,0.0,0.0,0.0,0.0,0.057050645,0.0,0.0,0.0,0.0,0.0,0.0,0.0023460016,0.024680078,0.0,0.0,0.0,0.071186155,0.016463444,0.21526419,1.0,1.0,0.0,0.0,1.0,0.0,0.0,0.89066863,1.0,1.0,0.12364111,0.0,0.0009922236,0.0,0.0,0.107266754,0.0
0.0,0.0,0.029411765,0.2,0.0,0.0,0.0,0.0,0.0,0.0,0.0,0.0,0.0,0.0,0.0,0.0,0.0,0.0,0.0,0.0,0.0,0.0,0.017128833,0.023483366,0.0,0.0,1.0,1.0,0.11,0.06,0.0,0.76413536,1.0,1.0,0.089856975,0.0,0.0031737387,0.0,0.0,0.07627514,0.0
0.0,0.0,0.5294118,0.1,0.0,0.0,0.0,0.0,0.0,0.0,0.0,0.0,0.0,0.0,0.0,0.0,0.0,0.0,0.0,0.0,0.0,0.0,0.022975147,0.029354207,1.0,1.0,0.0,0.0,0.05,0.06,0.0,0.78239226,1.0,1.0,0.09013655,0.0,0.0,0.0,0.0,0.09074876,0.0
0.0,0.0,0.6911765,0.1,0.0,0.0,0.0,0.0,0.0,0.0,0.0,0.0,0.0,0.0,0.0,0.0,0.0,0.0,0.0,0.0,0.0,0.0,0.023624316,0.017612524,1.0,1.0,0.0,0.0,0.08,0.07,0.0,0.77152085,1.0,1.0,0.08646696,0.0,0.0,0.0,0.0,0.08737159,0.0
0.0,0.0,0.029411765,0.2,0.0,0.0,0.0,0.0,0.0,0.0,0.0,0.0,0.0,0.0,0.0,0.0,0.0,0.0,0.0,0.0,0.0,0.001624316,0.01695007,0.0332681,0.0,0.0,1.0,1.0,0.13,0.06,0.0,0.768896,1.0,1.0,0.091296785,0.0,0.0030086637,0.0,0.0,0.077487886,0.0
0.0,0.0,0.029411765,0.2,0.0,0.0,0.0,0.0,0.0,0.0,0.0,0.0,0.0,0.0,0.0,0.0,0.0,0.0,0.0,0.0,0.0,0.00029966235,0.017011784,0.007827789,0.0,0.0,1.0,1.0,0.02,0.06,0.0,0.76808286,1.0,1.0,0.091183506,0.0,0.0020415932,0.0,0.0,0.07878667,0.0
0.0,0.0,0.029411765,0.2,0.0,0.0,0.0,0.0,0.0,0.0,0.0,0.0,0.0,0.0,0.0,0.0,0.0,0.0,0.0,0.0,0.0,0.0025542974,0.01691746,0.019569471,0.0,0.0,1.0,1.0,0.04,0.07,0.0,0.7716553,1.0,1.0,0.092172675,0.0,0.0021914095,0.0,0.0,0.079389006,0.0
0.0,0.0,0.029411765,0.2,0.0,0.0,0.0,0.0,0.0,0.0,0.0,0.0,0.0,0.0,0.0,0.0,0.0,0.0,0.0,0.0,0.0,0.0,0.01730863,0.011741683,0.0,0.0,1.0,1.0,0.06,0.06,0.0,0.7609395,1.0,1.0,0.08884337,0.0,0.0031550378,0.0,0.0,0.07579926,0.0
0.0,1.0,0.36764705,0.0,1.6426413e-05,0.0,0.0,0.0,0.0,0.0,0.0,0.0,0.0,0.0,0.0,0.0,0.0,0.0,0.0,0.0,0.0,0.0069381297,0.016262136,0.23287672,0.0,0.0,0.0,0.0,1.0,0.0,0.0,0.7758895,1.0,1.0,0.09372758,0.0,0.0025667995,0.0,0.0,0.08465573,0.0
0.0,0.0,0.0,0.2,0.0,0.0,0.0,0.0,0.0,0.003728807,0.0,0.0,0.0,0.0,0.0,0.0,0.0,0.0,0.0,0.0,0.0,0.014378488,0.016143814,0.021526419,0.0,0.0,1.0,1.0,0.17,0.06,0.0,0.7892561,1.0,1.0,0.09727772,0.0,0.0036206692,0.0,0.0,0.08092058,0.0
0.0,0.0,0.029411765,0.2,0.0,0.0,0.0,0.0,0.0,0.0,0.0,0.0,0.0,0.0,0.0,0.0,0.0,0.0,0.0,0.0,0.0,0.0,0.017137535,0.019569471,0.0,0.0,1.0,1.0,0.08,0.06,0.0,0.7648488,1.0,1.0,0.09006127,0.0,0.0029781014,0.0,0.0,0.07678345,0.0
0.0,0.0,0.04411765,0.1,0.0,0.0,0.0,0.0,0.0,0.04445055,0.0,0.0,0.0,0.0,0.0,0.0,0.0019427016,0.018937826,0.0,0.0,0.0,0.061283797,0.013674229,0.08806262,0.87,0.87,0.11,0.11,1.0,0.0,0.0,0.86668336,1.0,1.0,0.11966627,0.0,0.0047713965,0.0,0.0,0.09442875,0.0
0.0,0.0,0.029411765,0.2,0.0,0.0,0.0,0.0,0.0,0.0,0.0,0.0,0.0,0.0,0.0,0.0,0.0,0.0,0.0,0.0,0.0,0.0,0.017137706,0.019569471,0.0,0.0,1.0,1.0,0.08,0.08,0.0,0.7658092,1.0,1.0,0.09031149,0.0,0.0029476434,0.0,0.0,0.0770815,0.0
1.7326518e-05,0.0,0.22058824,0.0,4.1368454e-05,0.00019391839,0.0,0.0,0.0,0.0,0.0,0.0,0.0,0.0,0.0,0.0,0.0,0.0,0.0,0.0,0.0,0.0026971698,0.011007734,0.0019569471,0.0,0.0,0.0,0.0,1.0,0.0,0.0,0.756459,1.0,1.0,0.09278623,0.0,0.009692743,0.0,0.0,0.06547016,0.0
0.012960236,0.0,0.04411765,0.3,0.0014571119,0.0,0.0,0.0,0.0,0.0,0.0,0.0,0.0,0.0,0.0,0.0,0.0,0.0,0.0,0.0,0.0,0.0,0.011769101,0.0039138943,0.0,0.0,1.0,1.0,1.0,0.0,0.0,0.7463012,1.0,1.0,0.08939675,0.0,0.0097696185,0.0,0.0,0.06296101,0.0
0.0,0.0,0.30882353,0.1,0.0,0.0,0.0,0.0,0.0,0.0,0.0,0.0,0.0,0.0,0.0,0.0,0.0,0.0,0.0,0.0,0.0,0.0006516278,0.021901548,0.03522505,0.82,0.83,0.18,0.17,0.07,0.06,0.0,0.7815528,1.0,1.0,0.090759926,0.0,0.0,0.0,0.0,0.08914548,0.0
0.0,0.0,0.04411765,0.1,0.0,0.0,0.0,0.0,0.0,0.03111726,0.0,0.0,0.0,0.0,0.0,0.0,0.0012652278,0.010371119,0.0,0.0,0.0,0.047973692,0.012840554,0.091976516,0.04,0.04,0.96,0.96,1.0,0.0,0.0,0.8414904,1.0,1.0,0.1137752,0.0,0.0062550306,0.0,0.0,0.085516036,0.0
0.0,0.0,0.3382353,0.1,0.0,0.0,0.0,0.0,0.0,0.0,0.0,0.0,0.0,0.0,0.0,0.0,0.0,0.0,0.0,0.0,0.0,0.0,0.023479246,0.007827789,1.0,1.0,0.0,0.0,0.02,0.09,0.0,0.773795,1.0,1.0,0.0872862,0.0,0.0,0.0,0.0,0.088342845,0.0
0.0,0.0,0.029411765,0.2,0.0,0.0,0.0,0.0,0.0,0.0,0.0,0.0,0.0,0.0,0.0,0.0,0.0,0.0,0.0,0.0,0.0,0.0027292967,0.016787164,0.021526419,0.0,0.0,1.0,1.0,0.04,0.06,0.0,0.772329,1.0,1.0,0.09253564,0.0,0.0018929392,0.0,0.0,0.079835355,0.0
0.0,0.0,0.029411765,0.2,0.0,0.0,0.0,0.0,0.0,0.0,0.0,0.0,0.0,0.0,0.0,0.0,0.0,0.0,0.0,0.0,0.0,0.0,0.01713971,0.019569471,0.0,0.0,1.0,1.0,0.08,0.07,0.0,0.76480126,1.0,1.0,0.09004564,0.0,0.0029851347,0.0,0.0,0.07676393,0.0
0.0,0.0,0.4852941,0.2,0.0,0.0,0.0,0.0,0.0,0.0,0.0,0.0,0.0,0.0,0.0,0.0,0.0,0.0,0.0,0.0,0.0,0.0033343136,0.01678104,0.021526419,0.0,0.0,1.0,1.0,0.04,0.06,0.0,0.7734318,1.0,1.0,0.09283269,0.0,0.0018412918,0.0,0.0,0.08019194,0.0
0.0,0.0,0.4852941,0.2,0.0,0.0,0.0,0.0,0.0,0.0,0.0,0.0,0.0,0.0,0.0,0.0,0.0,0.0,0.0,0.0,0.0,0.0051130354,0.016638428,0.031311154,0.0,0.0,1.0,1.0,0.05,0.06,0.0,0.7764257,1.0,1.0,0.09375646,0.0,0.0018264651,0.0,0.0,0.08077493,0.0
0.0,1.0,0.36764705,0.0,1.6426413e-05,0.0,0.0,0.0,0.0,0.0,0.0,0.0,0.0,0.0,0.0,0.0,0.0,0.0,0.0,0.0,0.0,0.0,0.017800264,1.0,0.0,0.0,0.0,0.0,1.0,0.0,0.0,0.7550901,1.0,1.0,0.08713936,0.0,0.0024140626,0.0,0.0,0.079680204,0.0
0.0,0.0,0.7647059,0.2,0.0,0.0,0.0,0.0,0.0,0.0,0.0,0.0,0.0,0.0,0.0,0.0,0.0,0.0,0.0,0.0,0.0,0.004707545,0.016696297,0.03522505,0.0,0.0,1.0,1.0,0.08,0.07,0.0,0.7752023,1.0,1.0,0.09331746,0.0,0.0022101551,0.0,0.0,0.07995993,0.0
0.0,0.0,0.029411765,0.1,0.0,0.0,0.0,0.0,0.0,0.0,0.0,0.0,0.0,0.0,0.0,0.0,0.0,0.0,0.0,0.0,0.0,0.0,0.023504712,0.009784736,1.0,1.0,0.0,0.0,0.03,0.1,0.0,0.7740098,1.0,1.0,0.0872932,0.0,0.0,0.0,0.0,0.088317424,0.0
0.015663173,0.0,0.04411765,0.3,0.0009226168,0.0,0.0,0.0,0.0,0.0,0.0,0.0,0.0,0.0,0.0,0.0,0.0,0.0,0.0,0.0,0.0,0.0030319989,0.010846026,0.009784736,0.0,0.0,1.0,1.0,1.0,0.0,0.0,0.7568799,1.0,1.0,0.09306439,0.0,0.009850681,0.0,0.0,0.0646694,0.0
0.0,0.0,0.5735294,0.1,0.0,0.0,0.0,0.0,0.0,0.0,0.0,0.0,0.0,0.0,0.0,0.0,0.0,0.0,0.0,0.0,0.0,0.0,0.023653634,0.011741683,1.0,1.0,0.0,0.0,0.14,0.19,0.0,0.77616453,1.0,1.0,0.08759796,0.0,0.0,0.0,0.0,0.08841869,0.0
0.0,1.0,0.36764705,0.0,1.6044403e-05,0.0,0.0,0.0,0.0,0.008613914,0.0,0.0,0.0,0.0,0.0,0.0,0.0,0.0,0.0,0.0,0.0,0.019662768,0.015161596,0.99804306,0.0,0.0,0.0,0.0,1.0,0.0,0.0,0.79510057,1.0,1.0,0.10007007,0.0,0.0024833232,0.0,0.0,0.08967152,0.0
0.0,0.0,0.029411765,0.2,0.0,0.0,0.0,0.0,0.0,0.0,0.0,0.0,0.0,0.0,0.0,0.0,0.0,0.0,0.0,0.0,0.0,0.003508836,0.01678323,0.025440313,0.0,0.0,1.0,1.0,0.05,0.06,0.0,0.7734417,1.0,1.0,0.09280034,0.0,0.0020417422,0.0,0.0,0.07988417,0.0
0.0,0.0,0.029411765,0.2,0.0,0.0,0.0,0.0,0.0,0.0,0.0,0.0,0.0,0.0,0.0,0.0,0.0,0.0,0.0,0.0,0.0,0.0046899617,0.016740605,0.029354207,0.0,0.0,1.0,1.0,0.06,0.07,0.0,0.775408,1.0,1.0,0.09334672,0.0,0.0020638257,0.0,0.0,0.08028418,0.0
0.0,1.0,0.36764705,0.0,1.6426413e-05,0.0,0.0,0.0,0.0,0.0059907734,0.0,0.0,0.0,0.0,0.0,0.0,0.0,0.0,0.0,0.0,0.0,0.017630577,0.014955945,0.7808219,0.0,0.0,0.0,0.0,1.0,0.0,0.0,0.79010487,1.0,1.0,0.09883111,0.0,0.0032358468,0.0,0.0,0.08810133,0.0
0.0,0.0,0.029411765,0.1,0.0,0.0,0.0,0.0,0.0,0.0,0.0,0.0,0.0,0.0,0.0,0.0,0.0,0.0,0.0,0.0,0.0,0.0,0.02347786,0.031311154,1.0,1.0,0.0,0.0,0.13,0.07,0.0,0.7749262,1.0,1.0,0.08749611,0.0,0.0,0.0,0.0,0.08814606,0.0
1.7326518e-05,0.0,0.22058824,0.0,4.1368454e-05,0.00021769383,0.0,0.0,0.0,0.0,0.0,0.0,0.0,0.0,0.0,0.0,0.0,0.0,0.0,0.0,0.0,0.0027205646,0.011006147,0.0039138943,0.0,0.0,0.0,0.0,1.0,0.0,0.0,0.75650156,1.0,1.0,0.09279918,0.0,0.009688288,0.0,0.0,0.06549463,0.0
0.0,0.0,0.029411765,0.2,0.0,0.0,0.0,0.0,0.0,0.0,0.0,0.0,0.0,0.0,0.0,0.0,0.0,0.0,0.0,0.0,0.0,0.0,0.021742962,0.029354207,0.89,0.73,0.11,0.27,0.11,0.07,0.0,0.77371264,1.0,1.0,0.08859458,0.0,0.0,0.0,0.0,0.08584717,0.0
0.0,0.0,0.75,0.1,0.0,0.0,0.0,0.0,0.0,0.0,0.0,0.0,0.0,0.0,0.0,0.0,0.0,0.0,0.0,0.0,0.0,0.0,0.023490675,0.021526419,1.0,1.0,0.0,0.0,0.07,0.05,0.0,0.77325034,1.0,1.0,0.087086834,0.0,0.0,0.0,0.0,0.08797997,0.0
0.0,0.0,0.029411765,0.2,0.0,0.0,0.0,0.0,0.0,0.0,0.0,0.0,0.0,0.0,0.0,0.0,0.0,0.0,0.0,0.0,0.0,0.0020301044,0.017887197,0.031311154,0.0,0.0,1.0,1.0,0.14,0.05,0.0,0.77128184,1.0,1.0,0.09111535,0.0,0.0022806972,0.0,0.0,0.07914743,0.0
1.7326518e-05,0.0,0.22058824,0.0,4.1368454e-05,0.00021769383,0.0,0.0,0.0,0.0,0.0,0.0,0.0,0.0,0.0,0.0,0.0,0.0,0.0,0.0,0.0,0.0038734674,0.011129141,0.0058708414,0.0,0.0,0.0,0.0,1.0,0.0,0.0,0.7586818,1.0,1.0,0.09324261,0.0,0.009462029,0.0,0.0,0.0670158,0.0
0.0,0.0,0.029411765,0.2,0.0,0.0,0.0,0.0,0.0,0.0,0.0,0.0,0.0,0.0,0.0,0.0,0.0,0.0,0.0,0.0,0.0,0.0013186932,0.017012268,0.029354207,0.0,0.0,1.0,1.0,0.12,0.07,0.0,0.76842356,1.0,1.0,0.09111009,0.0,0.002989173,0.0,0.0,0.07750845,0.0
0.0,0.0,0.029411765,0.2,0.0,0.0,0.0,0.0,0.0,0.0,0.0,0.0,0.0,0.0,0.0,0.0,0.0,0.0,0.0,0.0,0.0,0.0029957294,0.016832434,0.025440313,0.0,0.0,1.0,1.0,0.06,0.06,0.0,0.77235067,1.0,1.0,0.09244063,0.0,0.002203852,0.0,0.0,0.07943547,0.0
0.0,1.0,0.36764705,0.0,8.276875e-06,0.0,0.0,0.0,0.0,0.0028073192,0.0,0.0,0.0,0.0,0.0,0.0,0.0,0.0,0.0,0.0,0.0,0.015061587,0.014675587,0.5088063,0.0,0.0,0.0,0.0,1.0,0.0,0.0,0.78409374,1.0,1.0,0.097401686,0.0,0.004071906,0.0,0.0,0.08593342,0.0
0.0,0.0,0.029411765,0.2,0.0,0.0,0.0,0.0,0.0,0.0,0.0,0.0,0.0,0.0,0.0,0.0,0.0,0.0,0.0,0.0,0.0,0.00018426776,0.017040595,0.02739726,0.0,0.0,1.0,1.0,0.11,0.06,0.0,0.76649034,1.0,1.0,0.09058244,0.0,0.0029883385,0.0,0.0,0.077097416,0.0
0.0,0.0,0.029411765,0.2,0.0,0.0,0.0,0.0,0.0,0.0,0.0,0.0,0.0,0.0,0.0,0.0,0.0,0.0,0.0,0.0,0.0,0.0,0.017201744,0.019569471,0.0,0.0,1.0,1.0,0.11,0.06,0.0,0.7634257,1.0,1.0,0.08959202,0.0,0.0031894892,0.0,0.0,0.07619825,0.0
0.13121372,0.0,0.13235295,0.0,0.0,3.2691223e-05,0.0,0.0,0.0,0.0,0.0,0.0,0.0,0.0,0.0,0.0,0.0,0.0,0.0,0.0,0.0,0.0,0.018834554,0.0019569471,0.0,0.0,0.0,0.0,1.0,0.0,0.0,0.75707257,1.0,1.0,0.0859975,0.0,0.0029246658,0.0,0.0,0.08168143,0.0
0.0,0.0,0.029411765,0.1,0.0,0.0,0.0,0.0,0.0,0.0,0.0,0.0,0.0,0.0,0.0,0.0,0.0,0.0,0.0,0.0,0.0,0.0,0.023671463,0.009784736,1.0,1.0,0.0,0.0,0.04,0.07,0.0,0.7675704,1.0,1.0,0.08539378,0.0,0.0,0.0,0.0,0.086699575,0.0
0.0,0.0,0.22058824,0.5,0.0,0.0,0.0,0.0,0.0,0.0,0.0,0.0,0.0,0.0,0.0,0.0,0.0,0.0,0.0,0.0,0.0,0.00015032291,0.01705841,0.011741683,0.0,0.0,1.0,1.0,0.03,0.07,0.0,0.76744974,1.0,1.0,0.09092357,0.0,0.0023000985,0.0,0.0,0.0783799,0.0
0.0,0.0,0.04411765,0.1,0.0,0.0,0.0,0.0,0.0,0.05754444,0.0,0.0,0.0,0.0,0.0,0.0,0.002468422,0.025411338,0.0,0.0,0.0,0.07197803,0.016262263,0.2035225,1.0,1.0,0.0,0.0,1.0,0.0,0.0,0.8916403,1.0,1.0,0.12407071,0.0,0.0012016445,0.0,0.0,0.10692212,0.0
0.0,0.0,0.029411765,0.2,0.0,0.0,0.0,0.0,0.0,0.0,0.0,0.0,0.0,0.0,0.0,0.0,0.0,0.0,0.0,0.0,0.0,0.0,0.017327294,0.0058708414,0.0,0.0,1.0,1.0,0.03,0.07,0.0,0.7617146,1.0,1.0,0.08906033,0.0,0.0029241294,0.0,0.0,0.0763576,0.0
0.035709955,0.0,0.04411765,0.3,0.001155006,0.0,0.0,0.0,0.0,0.013337761,0.0,0.0,0.0,0.0,0.0,0.0,0.0,0.0,0.0,0.0,0.0,0.031533897,0.010279164,0.017612524,0.0,0.0,1.0,1.0,1.0,0.0,0.0,0.8062501,1.0,1.0,0.10659551,0.0,0.009465367,0.0,0.0,0.074291945,0.0
0.0,0.0,0.0882353,0.2,0.0,0.0,0.0,0.0,0.0,0.0,0.0,0.0,0.0,0.0,0.0,0.0,0.0,0.0,0.0,0.0,0.0,0.005532205,0.01655554,0.037181996,0.0,0.0,1.0,1.0,0.06,0.05,0.0,0.7770736,1.0,1.0,0.094008796,0.0,0.0018459707,0.0,0.0,0.080801845,0.0
0.0,0.0,0.029411765,0.2,0.0,0.0,0.0,0.0,0.0,0.0,0.0,0.0,0.0,0.0,0.0,0.0,0.0,0.0,0.0,0.0,0.0,0.0,0.017382368,0.0058708414,0.0,0.0,1.0,1.0,0.03,0.07,0.0,0.7598593,1.0,1.0,0.08850228,0.0,0.003036797,0.0,0.0,0.075859666,0.0
0.0,0.0,0.029411765,0.2,0.0,0.0,0.0,0.0,0.0,0.0,0.0,0.0,0.0,0.0,0.0,0.0,0.0,0.0,0.0,0.0,0.0,0.0,0.017136708,0.0332681,0.0,0.0,1.0,1.0,0.13,0.06,0.0,0.76032066,1.0,1.0,0.08884495,0.0,0.0031418055,0.0,0.0,0.07581672,0.0
0.0,0.0,0.029411765,0.1,0.0,0.0,0.0,0.0,0.0,0.0,0.0,0.0,0.0,0.0,0.0,0.0,0.0,0.0,0.0,0.0,0.0,0.0,0.023404054,0.019569471,1.0,1.0,0.0,0.0,0.06,0.09,0.0,0.77627516,1.0,1.0,0.08798348,0.0,0.0,0.0,0.0,0.08879134,0.0
0.015645847,0.0,0.04411765,0.3,3.9537994e-05,0.0,0.0,0.0,0.0,0.006126195,0.0,0.0,0.0,0.0,0.0,0.0,0.0,0.0,0.0,0.0,0.0,0.023462892,0.010158025,0.105675146,0.02,0.02,0.96,0.96,1.0,0.0,0.0,0.7921281,1.0,1.0,0.103014745,0.0,0.009552702,0.0,0.0,0.071462244,0.0
0.0,0.0,0.63235295,0.1,0.0,0.0,0.0,0.0,0.0,0.0,0.0,0.0,0.0,0.0,0.0,0.0,0.0,0.0,0.0,0.0,0.0,0.0,0.023728266,0.0039138943,1.0,1.0,0.0,0.0,0.05,0.2,0.0,0.7744626,1.0,1.0,0.0870853,0.0,0.0,0.0,0.0,0.088035375,0.0
0.0,1.0,0.36764705,0.0,1.6044403e-05,0.0,0.0,0.0,0.0,0.0,0.0,0.0,0.0,0.0,0.0,0.0,0.0,0.0,0.0,0.0,0.0,0.010914445,0.014015809,0.039138943,0.0,0.0,0.0,0.0,1.0,0.0,0.0,0.77537477,1.0,1.0,0.095682286,0.0,0.0050870925,0.0,0.0,0.0814001,0.0
0.0,0.0,0.25,0.5,0.0,0.0,0.0,0.0,0.0,0.0,0.0,0.0,0.0,0.0,0.0,0.0,0.0,0.0,0.0,0.0,0.0,0.0,0.01732067,0.0058708414,0.0,0.0,1.0,1.0,0.03,0.06,0.0,0.76089644,1.0,1.0,0.08885708,0.0,0.0029334575,0.0,0.0,0.07611811,0.0
0.0,0.0,0.4852941,0.2,0.0,0.0,0.0,0.0,0.0,0.0,0.0,0.0,0.0,0.0,0.0,0.0,0.0,0.0,0.0,0.0,0.0,0.0041944087,0.016745545,0.03522505,0.0,0.0,1.0,1.0,0.08,0.06,0.0,0.77411115,1.0,1.0,0.09295768,0.0,0.0023721755,0.0,0.0,0.079511255,0.0
1.7326518e-05,0.0,0.22058824,0.0,4.1368454e-05,0.00021769383,0.0,0.0,0.0,0.0,0.0,0.0,0.0,0.0,0.0,0.0,0.0,0.0,0.0,0.0,0.0,0.0,0.013277352,0.0058708414,0.0,0.0,0.0,0.0,1.0,0.0,0.0,0.753059,1.0,1.0,0.08981738,0.0,0.007439688,0.0,0.0,0.07305226,0.0
0.0,0.0,0.029411765,0.1,0.0,0.0,0.0,0.0,0.0,0.0,0.0,0.0,0.0,0.0,0.0,0.0,0.0,0.0,0.0,0.0,0.0,0.0,0.020543925,0.03522505,0.59,0.67,0.41,0.33,0.13,0.06,0.0,0.77043045,1.0,1.0,0.0887431,0.0,0.0,0.0,0.0,0.08341923,0.0
0.0,0.0,0.1764706,0.2,0.0,0.0,0.0,0.0,0.0,0.0,0.0,0.0,0.0,0.0,0.0,0.0,0.0,0.0,0.0,0.0,0.0,0.0,0.0170689,0.011741683,0.0,0.0,1.0,1.0,0.03,0.07,0.0,0.7662519,1.0,1.0,0.09059521,0.0,0.0023657829,0.0,0.0,0.07798427,0.0
0.0,0.0,0.19117647,0.2,0.0,0.0,0.0,0.0,0.0,0.0,0.0,0.0,0.0,0.0,0.0,0.0,0.0,0.0,0.0,0.0,0.0,0.0,0.017175391,0.0019569471,0.0,0.0,1.0,1.0,0.0,0.07,0.0,0.7659855,1.0,1.0,0.09043776,0.0,0.0021999925,0.0,0.0,0.078329146,0.0
0.0,0.0,0.029411765,0.1,0.0,0.0,0.0,0.0,0.0,0.0,0.0,0.0,0.0,0.0,0.0,0.0,0.0,0.0,0.0,0.0,0.0,0.0,0.023766376,0.0039138943,1.0,1.0,0.0,0.0,0.05,0.19,0.0,0.7727419,1.0,1.0,0.08659693,0.0,0.0,0.0,0.0,0.0876061,0.0
0.0,0.0,0.25,0.1,0.0,0.0,0.0,0.0,0.0,0.0,0.0,0.0,0.0,0.0,0.0,0.0,0.0,0.0,0.0,0.0,0.0,0.0,0.023704119,0.007827789,1.0,1.0,0.0,0.0,0.11,0.19,0.0,0.7755629,1.0,1.0,0.0873866,0.0,0.0,0.0,0.0,0.08821663,0.0
0.0,1.0,0.36764705,0.0,1.6426413e-05,0.0,0.0,0.0,0.0,0.0,0.0,0.0,0.0,0.0,0.0,0.0,0.0,0.0,0.0,0.0,0.0,0.0,0.019287236,1.0,0.0,0.0,0.0,0.0,1.0,0.0,0.0,0.7323582,1.0,1.0,0.07981079,0.0,0.002369687,0.0,0.0,0.07394531,0.0
1.7326518e-05,0.0,0.22058824,0.0,4.1368454e-05,0.00021769383,0.0,0.0,0.0,0.0,0.0,0.0,0.0,0.0,0.0,0.0,0.0,0.0,0.0,0.0,0.0,0.0,0.013650052,0.0058708414,0.0,0.0,0.0,0.0,1.0,0.0,0.0,0.75206673,1.0,1.0,0.08928818,0.0,0.0069855303,0.0,0.0,0.072954446,0.0
0.0,0.0,0.13235295,0.8,0.0,3.2691223e-05,0.0,0.0,0.0,0.0,0.0,0.0,0.0,0.0,0.0,0.0,0.0,0.0,0.0,0.0,0.0,0.0,0.021265343,0.0019569471,1.0,1.0,0.0,0.0,1.0,0.0,0.0,0.7075803,1.0,1.0,0.07065689,0.0,0.0032114238,0.0,0.0,0.07125381,0.0
0.0,0.0,0.0,0.2,0.0,0.0,0.0,0.0,0.0,0.0,0.0,0.0,0.0,0.0,0.0,0.0,0.0,0.0,0.0,0.0,0.0,0.0,0.01708477,0.021526419,0.0,0.0,1.0,1.0,0.08,0.06,0.0,0.76573575,1.0,1.0,0.09036147,0.0,0.0028724223,0.0,0.0,0.07712358,0.0
0.0,0.0,0.029411765,0.2,0.0,0.0,0.0,0.0,0.0,0.0,0.0,0.0,0.0,0.0,0.0,0.0,0.0,0.0,0.0,0.0,0.0,0.005242169,0.016583368,0.037181996,0.0,0.0,1.0,1.0,0.07,0.06,0.0,0.77645695,1.0,1.0,0.093805425,0.0,0.0019376427,0.0,0.0,0.0805482,0.0
0.0,0.0,0.029411765,0.1,0.0,0.0,0.0,0.0,0.0,0.0,0.0,0.0,0.0,0.0,0.0,0.0,0.0,0.0,0.0,0.0,0.0,0.0,0.022890463,0.01369863,0.87,1.0,0.13,0.0,0.02,0.06,0.0,0.77594066,1.0,1.0,0.08851939,0.0,0.0,0.0,0.0,0.088983744,0.0
0.0,0.0,0.029411765,0.1,0.0,0.0,0.0,0.0,0.0,0.0,0.0,0.0,0.0,0.0,0.0,0.0,0.0,0.0,0.0,0.0,0.0,0.0,0.023323998,0.039138943,1.0,1.0,0.0,0.0,0.13,0.06,0.0,0.77737224,1.0,1.0,0.08830304,0.0,0.0,0.0,0.0,0.08880541,0.0
0.0,0.0,0.029411765,0.2,0.0,0.0,0.0,0.0,0.0,0.0,0.0,0.0,0.0,0.0,0.0,0.0,0.0,0.0,0.0,0.0,0.0,0.005936414,0.016568564,0.037181996,0.0,0.0,1.0,1.0,0.07,0.06,0.0,0.7777494,1.0,1.0,0.09416511,0.0,0.0018578321,0.0,0.0,0.080982804,0.0
0.0,0.0,0.029411765,0.1,0.0,0.0,0.0,0.0,0.0,0.0,0.0,0.0,0.0,0.0,0.0,0.0,0.0,0.0,0.0,0.0,0.0,0.0,0.023365848,0.007827789,1.0,1.0,0.0,0.0,0.02,0.07,0.0,0.7741283,1.0,1.0,0.08754196,0.0,0.0,0.0,0.0,0.08865383,0.0
0.01244044,0.0,0.04411765,0.3,0.0013641563,0.0,0.0,0.0,0.0,0.0,0.0,0.0,0.0,0.0,0.0,0.0,0.0,0.0,0.0,0.0,0.0,0.0066283345,0.010694668,0.025440313,0.0,0.0,1.0,1.0,1.0,0.0,0.0,0.7630398,1.0,1.0,0.09483469,0.0,0.009841755,0.0,0.0,0.06564969,0.0
0.0,0.0,0.029411765,0.2,0.0,0.0,0.0,0.0,0.0,0.0,0.0,0.0,0.0,0.0,0.0,0.0,0.0,0.0,0.0,0.0,0.0,0.0012673736,0.016984321,0.0332681,0.0,0.0,1.0,1.0,0.15,0.06,0.0,0.768137,1.0,1.0,0.091046505,0.0,0.003121391,0.0,0.0,0.07717571,0.0
0.0,0.0,0.029411765,0.1,0.0,0.0,0.0,0.0,0.0,0.0,0.0,0.0,0.0,0.0,0.0,0.0,0.0,0.0,0.0,0.0,0.0,1.8805265e-05,0.023109496,0.039138943,1.0,1.0,0.0,0.0,0.1,0.08,0.0,0.78267324,1.0,1.0,0.089972936,0.0,0.0,0.0,0.0,0.09031668,0.0
0.0,0.0,0.029411765,0.1,0.0,0.0,0.0,0.0,0.0,0.0,0.0,0.0,0.0,0.0,0.0,0.0,0.0,0.0,0.0,0.0,0.0,0.0,0.02323386,0.023483366,1.0,1.0,0.0,0.0,0.05,0.05,0.0,0.77815187,1.0,1.0,0.08870103,0.0,0.0,0.0,0.0,0.08944327,0.0
0.0,0.0,0.5294118,0.2,0.0,0.0,0.0,0.0,0.0,0.0020371377,0.0,0.0,0.0,0.0,0.0,0.0,0.0,0.0,0.0,0.0,0.0,0.00879094,0.018356018,0.037181996,0.71,0.0,0.29,1.0,0.07,0.06,0.0,0.7860912,1.0,1.0,0.09482633,0.0,0.00033527613,0.0,0.0,0.0850991,0.0
0.0,0.0,0.04411765,0.0,0.0008681168,0.0061771553,0.0,0.0,0.0,0.0,0.0,0.0,0.0,0.0,0.0,0.0,0.0,0.0,0.0,0.0,0.0,0.009757638,0.010621913,0.039138943,0.0,0.0,0.0,0.0,1.0,0.0,0.15,0.7684829,1.0,1.0,0.09634065,0.0,0.009773195,0.0,0.0,0.06676704,0.0
0.0,0.0,0.029411765,0.2,0.0,0.0,0.0,0.0,0.0,0.0,0.0,0.0,0.0,0.0,0.0,0.0,0.0,0.0,0.0,0.0,0.0,0.0,0.018419787,0.017612524,0.0,0.0,1.0,1.0,0.06,0.06,0.0,0.7488259,1.0,1.0,0.084628634,0.0,0.0028224885,0.0,0.0,0.07440415,0.0
0.0,0.0,0.029411765,0.2,0.0,0.0,0.0,0.0,0.0,0.0,0.0,0.0,0.0,0.0,0.0,0.0,0.0,0.0,0.0,0.0,0.0,0.0,0.020509288,0.023483366,0.09,0.92,0.91,0.08,0.05,0.06,0.0,0.7645978,1.0,1.0,0.087452255,0.0,0.0,0.0,0.0,0.08223024,0.0
0.0,0.0,0.13235295,0.1,0.0,0.0,0.0,0.0,0.0,0.0045615137,0.0,0.0,0.0,0.0,0.0,0.0,0.0,0.0,0.0,0.0,0.0,0.009749234,0.021910802,0.25831702,1.0,1.0,0.0,0.0,1.0,0.0,0.0,0.7928834,1.0,1.0,0.09313183,0.0,0.0,0.0,0.0,0.09067494,0.0
0.0,0.0,0.04411765,0.1,0.0,0.0,0.0,0.0,0.0,0.0,0.0,0.0,0.0,0.0,0.0,0.0,0.0,0.0,0.0,0.0,0.0,0.0,0.014789961,0.099804305,0.02,0.02,0.98,0.98,1.0,0.0,0.0,0.7535628,1.0,1.0,0.08883684,0.0,0.0062975734,0.0,0.0,0.069615036,0.0
0.13180283,0.0,0.13235295,0.0,0.0,3.2691223e-05,0.0,0.0,0.0,0.027975768,0.0,0.0,0.0,0.0,0.0,0.0,0.0,0.0,0.0,0.0,0.0,0.036283433,0.01902628,0.0019569471,0.0,0.0,0.0,0.0,1.0,0.0,0.0,0.8355863,1.0,1.0,0.10693721,0.0,0.0,0.0,0.0,0.0989258,0.0
0.0,0.0,0.04411765,0.3,0.0008681168,0.0061771553,0.0,0.0,0.0,0.0,0.0,0.0,0.0,0.0,0.0,0.0,0.0,0.0,0.0,0.0,0.0,0.009026438,0.010657579,0.0039138943,0.0,0.0,0.5,0.5,1.0,0.0,0.0,0.76720333,1.0,1.0,0.09596678,0.0,0.009782687,0.0,0.0,0.066589415,0.0
0.0,0.0,0.1764706,0.2,0.0,0.0,0.0,0.0,0.0,0.0,0.0,0.0,0.0,0.0,0.0,0.0,0.0,0.0,0.0,0.0,0.0,0.00091153383,0.017037176,0.011741683,0.0,0.0,1.0,1.0,0.03,0.07,0.0,0.76888454,1.0,1.0,0.09133022,0.0,0.0021991879,0.0,0.0,0.07887307,0.0
0.0,1.0,0.36764705,0.0,1.6044403e-05,0.0,0.0,0.0,0.0,0.0011763275,0.0,0.0,0.0,0.0,0.0,0.0,0.0,0.0,0.0,0.0,0.0,0.013607055,0.014490403,0.35812134,0.0,0.0,0.0,0.0,1.0,0.0,0.0,0.7810832,1.0,1.0,0.09676901,0.0,0.0043963045,0.0,0.0,0.08446941,0.0
0.0,0.0,0.029411765,0.1,0.0,0.0,0.0,0.0,0.0,0.0,0.0,0.0,0.0,0.0,0.0,0.0,0.0,0.0,0.0,0.0,0.0,0.0,0.023402698,0.039138943,1.0,1.0,0.0,0.0,0.17,0.06,0.0,0.7774892,1.0,1.0,0.08822998,0.0,0.0,0.0,0.0,0.08863929,0.0
0.0,0.0,0.029411765,0.2,0.0,0.0,0.0,0.0,0.0,0.0,0.0,0.0,0.0,0.0,0.0,0.0,0.0,0.0,0.0,0.0,0.0,0.0015816987,0.016944386,0.03522505,0.0,0.0,1.0,1.0,0.14,0.06,0.0,0.76873946,1.0,1.0,0.091252856,0.0,0.0030580163,0.0,0.0,0.07739875,0.0
0.0,0.0,0.029411765,0.2,0.0,0.0,0.0,0.0,0.0,0.0,0.0,0.0,0.0,0.0,0.0,0.0,0.0,0.0,0.0,0.0,0.0,0.0014421046,0.016944207,0.009784736,0.0,0.0,1.0,1.0,0.02,0.06,0.0,0.7702625,1.0,1.0,0.09184342,0.0,0.0018561333,0.0,0.0,0.07956147,0.0
0.0,0.0,0.29411766,0.1,0.0,0.0,0.0,0.0,0.0,0.0,0.0,0.0,0.0,0.0,0.0,0.0,0.0,0.0,0.0,0.0,0.0,0.0,0.023342617,0.0058708414,1.0,1.0,0.0,0.0,0.01,0.07,0.0,0.77363086,1.0,1.0,0.08745573,0.0,0.0,0.0,0.0,0.08868238,0.0
1.7326518e-05,0.0,0.22058824,0.0,4.1368454e-05,0.00021769383,0.0,0.0,0.0,0.0,0.0,0.0,0.0,0.0,0.0,0.0,0.0,0.0,0.0,0.0,0.0,0.0,0.012981452,0.0039138943,0.0,0.0,0.0,0.0,1.0,0.0,0.0,0.7537806,1.0,1.0,0.09025162,0.0,0.007698074,0.0,0.0,0.07287148,0.0
0.0,0.0,0.029411765,0.1,0.0,0.0,0.0,0.0,0.0,0.0,0.0,0.0,0.0,0.0,0.0,0.0,0.0,0.0,0.0,0.0,0.0,0.0,0.023240022,0.011741683,1.0,1.0,0.0,0.0,0.02,0.07,0.0,0.7763556,1.0,1.0,0.08827465,0.0,0.0,0.0,0.0,0.08934626,0.0
0.12838951,0.0,0.13235295,0.0,0.0,3.2691223e-05,0.0,0.0,0.0,0.0,0.0,0.0,0.0,0.0,0.0,0.0,0.0,0.0,0.0,0.0,0.0,0.0,0.018332519,0.0019569471,0.0,0.0,0.0,0.0,1.0,0.0,0.0,0.73431325,1.0,1.0,0.0803686,0.0,0.004085019,0.0,0.0,0.0753755,0.0
0.13958243,0.0,0.13235295,0.0,0.0,1.1144735e-05,0.0,0.0,0.0,0.0,0.0,0.0,0.0,0.0,0.0,0.0,0.0,0.0,0.0,0.0,0.0,0.0,0.02092199,0.0019569471,0.0,0.0,0.0,0.0,1.0,0.0,0.0,0.7302774,1.0,1.0,0.07734241,0.0,0.0012366474,0.0,0.0,0.07676813,0.0
0.0,1.0,0.36764705,0.0,1.6426413e-05,0.0,0.0,0.0,0.0,0.0,0.0,0.0,0.0,0.0,0.0,0.0,0.0,0.0,0.0,0.0,0.0,0.011352271,0.014192782,0.12133072,0.0,0.0,0.0,0.0,1.0,0.0,0.0,0.7764056,1.0,1.0,0.09579504,0.0,0.004906401,0.0,0.0,0.08217114,0.0
0.0,0.0,0.029411765,0.2,0.0,0.0,0.0,0.0,0.0,0.0,0.0,0.0,0.0,0.0,0.0,0.0,0.0,0.0,0.0,0.0,0.0,0.0,0.017141663,0.023483366,0.0,0.0,1.0,1.0,0.12,0.06,0.0,0.7638507,1.0,1.0,0.08976313,0.0,0.0032160133,0.0,0.0,0.07615808,0.0
0.0,0.0,0.029411765,0.1,0.0,0.0,0.0,0.0,0.0,0.0,0.0,0.0,0.0,0.0,0.0,0.0,0.0,0.0,0.0,0.0,0.0,0.0,0.023336172,0.011741683,1.0,1.0,0.0,0.0,0.03,0.07,0.0,0.7744483,1.0,1.0,0.087651245,0.0,0.0,0.0,0.0,0.08875424,0.0
0.035675302,0.0,0.04411765,0.3,0.001155006,0.0,0.0,0.0,0.0,0.02850911,0.0,0.0,0.0,0.0,0.0,0.0,0.0016686991,0.010480106,0.0,0.0,0.0,0.04847434,0.009763189,0.021526419,0.0,0.0,1.0,1.0,1.0,0.0,0.0,0.8354633,1.0,1.0,0.114782475,0.0,0.009353131,0.0,0.0,0.07932988,0.0
0.0,0.0,0.029411765,0.1,0.0,0.0,0.0,0.0,0.0,0.0,0.0,0.0,0.0,0.0,0.0,0.0,0.0,0.0,0.0,0.0,0.0,0.0,0.023369119,0.025440313,1.0,1.0,0.0,0.0,0.08,0.09,0.0,0.77687657,1.0,1.0,0.088168226,0.0,0.0,0.0,0.0,0.08888081,0.0
0.0,0.0,0.029411765,0.2,0.0,0.0,0.0,0.0,0.0,0.0,0.0,0.0,0.0,0.0,0.0,0.0,0.0,0.0,0.0,0.0,0.0,0.0050177574,0.016676322,0.0332681,0.0,0.0,1.0,1.0,0.07,0.07,0.0,0.7759279,1.0,1.0,0.093549035,0.0,0.0020762384,0.0,0.0,0.080283076,0.0
0.0,0.0,0.029411765,0.2,0.0,0.0,0.0,0.0,0.0,0.0,0.0,0.0,0.0,0.0,0.0,0.0,0.0,0.0,0.0,0.0,0.0,0.0016483963,0.017028049,0.009784736,0.0,0.0,1.0,1.0,0.02,0.08,0.0,0.7703334,1.0,1.0,0.09173379,0.0,0.0020700842,0.0,0.0,0.079396755,0.0
0.0,1.0,0.36764705,0.0,1.6426413e-05,0.0,0.0,0.0,0.0,0.0006198883,0.0,0.0,0.0,0.0,0.0,0.0,0.0,0.0,0.0,0.0,0.0,0.010714799,0.016109139,1.0,0.0,0.0,0.0,0.0,1.0,0.0,0.0,0.7807915,1.0,1.0,0.09544972,0.0,0.002434358,0.0,0.0,0.086058676,0.0
0.0,0.0,0.5735294,0.2,0.0,0.0,0.0,0.0,0.0,0.0,0.0,0.0,0.0,0.0,0.0,0.0,0.0,0.0,0.0,0.0,0.0,0.0021772683,0.016854383,0.039138943,0.0,0.0,1.0,1.0,0.14,0.05,0.0,0.76982844,1.0,1.0,0.09164288,0.0,0.0029858798,0.0,0.0,0.07763186,0.0
0.0,0.0,0.029411765,0.1,0.0,0.0,0.0,0.0,0.0,0.0,0.0,0.0,0.0,0.0,0.0,0.0,0.0,0.0,0.0,0.0,0.0,0.0,0.02369757,0.011741683,1.0,1.0,0.0,0.0,0.14,0.19,0.0,0.7743635,1.0,1.0,0.0870805,0.0,0.0,0.0,0.0,0.08796039,0.0
0.0,0.0,0.029411765,0.2,0.0,0.0,0.0,0.0,0.0,0.0,0.0,0.0,0.0,0.0,0.0,0.0,0.0,0.0,0.0,0.0,0.0,0.0016632378,0.016932093,0.015655577,0.0,0.0,1.0,1.0,0.03,0.07,0.0,0.7703055,1.0,1.0,0.091829784,0.0,0.0020777732,0.0,0.0,0.07924268,0.0
0.0,0.0,0.9117647,0.1,0.0,0.0,0.0,0.0,0.0,0.0,0.0,0.0,0.0,0.0,0.0,0.0,0.0,0.0,0.0,0.0,0.0,0.0,0.023237385,0.02739726,1.0,1.0,0.0,0.0,0.07,0.08,0.0,0.7792258,1.0,1.0,0.08894845,0.0,0.0,0.0,0.0,0.08962461,0.0
0.0,0.0,0.029411765,0.2,0.0,0.0,0.0,0.0,0.0,0.0,0.0,0.0,0.0,0.0,0.0,0.0,0.0,0.0,0.0,0.0,0.0,0.0,0.020874433,0.009784736,0.0,0.0,1.0,1.0,0.02,0.07,0.0,0.72043777,1.0,1.0,0.074889325,0.0,0.0023087412,0.0,0.0,0.06928572,0.0
0.0,0.0,0.029411765,0.2,0.0,0.0,0.0,0.0,0.0,0.0,0.0,0.0,0.0,0.0,0.0,0.0,0.0,0.0,0.0,0.0,0.0,0.005440891,0.016574122,0.03522505,0.0,0.0,1.0,1.0,0.06,0.06,0.0,0.7769455,1.0,1.0,0.09395882,0.0,0.0018388778,0.0,0.0,0.08077386,0.0
0.0,0.5,0.029411765,0.0,0.0,0.0,0.0,0.0,0.0,0.0,0.0,0.0,0.0,0.0,0.0,0.0,0.0,0.0,0.0,0.0,0.0,0.0,0.03560049,0.0019569471,0.0,0.0,0.0,0.0,1.0,0.0,0.0,0.63777167,0.9208495,1.0,0.037229143,0.0,0.005855128,0.0,0.0,0.062396795,0.0
0.0,0.0,0.25,0.5,0.0,0.0,0.0,0.0,0.0,0.0,0.0,0.0,0.0,0.0,0.0,0.0,0.0,0.0,0.0,0.0,0.0,0.0012064576,0.016961463,0.031311154,0.0,0.0,1.0,1.0,0.11,0.06,0.0,0.7683027,1.0,1.0,0.09114445,0.0,0.0029209554,0.0,0.0,0.07753095,0.0
0.0,1.0,0.36764705,0.0,1.6426413e-05,0.0,0.0,0.0,0.0,0.008985102,0.0,0.0,0.0,0.0,0.0,0.0,0.0,0.0,0.0,0.0,0.0,0.020038992,0.015131816,0.9960861,0.0,0.0,0.0,0.0,1.0,0.0,0.0,0.7957758,1.0,1.0,0.10027783,0.0,0.00245817,0.0,0.0,0.089838,0.0
0.0,0.0,0.029411765,0.2,0.0,0.0,0.0,0.0,0.0,0.0,0.0,0.0,0.0,0.0,0.0,0.0,0.0,0.0,0.0,0.0,0.0,0.0,0.017239392,0.009784736,0.0,0.0,1.0,1.0,0.04,0.06,0.0,0.7627561,1.0,1.0,0.089434676,0.0,0.002859056,0.0,0.0,0.07657111,0.0
0.0,0.0,0.029411765,0.2,0.0,0.0,0.0,0.0,0.0,0.0,0.0,0.0,0.0,0.0,0.0,0.0,0.0,0.0,0.0,0.0,0.0,0.0,0.01706326,0.029354207,0.0,0.0,1.0,1.0,0.14,0.06,0.0,0.76536417,1.0,1.0,0.0902343,0.0,0.0032191724,0.0,0.0,0.07644406,0.0
0.14048341,0.0,0.13235295,0.0,0.0,1.1144735e-05,0.0,0.0,0.0,0.0,0.0,0.0,0.0,0.0,0.0,0.0,0.0,0.0,0.0,0.0,0.0,0.0,0.034131326,0.0019569471,0.0,0.0,0.0,0.0,1.0,0.0,0.0,0.63913816,0.9226566,1.0,0.038233347,0.0,0.009297594,0.0,0.0,0.061108038,0.0
0.0,0.0,0.029411765,0.2,0.0,0.0,0.0,0.0,0.0,0.0,0.0,0.0,0.0,0.0,0.0,0.0,0.0,0.0,0.0,0.0,0.0,0.0005325377,0.016983487,0.037181996,0.0,0.0,1.0,1.0,0.19,0.06,0.0,0.76662636,1.0,1.0,0.090630315,0.0,0.0032857955,0.0,0.0,0.07660189,0.0
0.0,0.0,0.3382353,0.2,0.0,0.0,0.0,0.0,0.0,0.0,0.0,0.0,0.0,0.0,0.0,0.0,0.0,0.0,0.0,0.0,0.0,0.0,0.01715754,0.021526419,0.0,0.0,1.0,1.0,0.1,0.07,0.0,0.76412296,1.0,1.0,0.089829646,0.0,0.0031119883,0.0,0.0,0.0764603,0.0
0.0,0.0,0.029411765,0.2,0.0,0.0,0.0,0.0,0.0,0.0,0.0,0.0,0.0,0.0,0.0,0.0,0.0,0.0,0.0,0.0,0.0,0.0,0.017205209,0.0019569471,0.0,0.0,1.0,1.0,0.01,0.09,0.0,0.764361,1.0,1.0,0.089968555,0.0,0.0023290515,0.0,0.0,0.077757865,0.0
0.0,0.0,0.5588235,0.5,0.0,0.0,0.0,0.0,0.0,0.0,0.0,0.0,0.0,0.0,0.0,0.0,0.0,0.0,0.0,0.0,0.0,0.0020258427,0.016911596,0.0332681,0.0,0.0,1.0,1.0,0.11,0.05,0.0,0.76974976,1.0,1.0,0.09157825,0.0,0.00288181,0.0,0.0,0.07783908,0.0
0.0,0.0,0.029411765,0.2,0.0,0.0,0.0,0.0,0.0,0.0,0.0,0.0,0.0,0.0,0.0,0.0,0.0,0.0,0.0,0.0,0.0,0.00034829974,0.016988166,0.0039138943,0.0,0.0,1.0,1.0,0.01,0.06,0.0,0.7685474,1.0,1.0,0.091372274,0.0,0.0017706603,0.0,0.0,0.079289585,0.0
0.0,0.0,0.029411765,0.1,0.0,0.0,0.0,0.0,0.0,0.0,0.0,0.0,0.0,0.0,0.0,0.0,0.0,0.0,0.0,0.0,0.0,3.799796e-05,0.023164675,0.039138943,1.0,1.0,0.0,0.0,0.11,0.09,0.0,0.78252673,1.0,1.0,0.089852355,0.0,0.0,0.0,0.0,0.090168506,0.0
0.0,0.0,0.13235295,0.8,0.0,3.2691223e-05,0.0,0.0,0.0,0.017724693,0.0,0.0,0.0,0.0,0.0,0.0,0.0,0.0,0.0,0.0,0.0,0.024475336,0.019033767,0.0019569471,1.0,1.0,0.0,0.0,1.0,0.0,0.0,0.8157009,1.0,1.0,0.1017543,0.0,0.0,0.0,0.0,0.094804615,0.0
0.0,0.0,0.029411765,0.2,0.0,0.0,0.0,0.0,0.0,0.0,0.0,0.0,0.0,0.0,0.0,0.0,0.0,0.0,0.0,0.0,0.0,7.274747e-05,0.017051302,0.02739726,0.0,0.0,1.0,1.0,0.11,0.06,0.0,0.76625323,1.0,1.0,0.09050421,0.0,0.0030235797,0.0,0.0,0.07699984,0.0
0.0,1.0,0.36764705,0.0,1.6426413e-05,0.0,0.0,0.0,0.0,0.0031250715,0.0,0.0,0.0,0.0,0.0,0.0,0.0,0.0,0.0,0.0,0.0,0.015344948,0.014711618,0.53816044,0.0,0.0,0.0,0.0,1.0,0.0,0.0,0.7846801,1.0,1.0,0.09752492,0.0,0.0040086955,0.0,0.0,0.086218625,0.0
0.0,0.0,0.029411765,0.2,0.0,0.0,0.0,0.0,0.0,0.0,0.0,0.0,0.0,0.0,0.0,0.0,0.0,0.0,0.0,0.0,0.0,0.004748136,0.016711354,0.039138943,0.0,0.0,1.0,1.0,0.1,0.06,0.0,0.7749275,1.0,1.0,0.09319126,0.0,0.0024528354,0.0,0.0,0.07953516,0.0
0.0,0.0,0.13235295,0.8,0.0,3.2691223e-05,0.0,0.0,0.0,0.0,0.0,0.0,0.0,0.0,0.0,0.0,0.0,0.0,0.0,0.0,0.0,0.0,0.02069886,0.0019569471,1.0,1.0,0.0,0.0,1.0,0.0,0.0,0.7241664,1.0,1.0,0.07575185,0.0,0.002240792,0.0,0.0,0.07514754,0.0
0.0,0.0,0.029411765,0.2,0.0,0.0,0.0,0.0,0.0,0.0,0.0,0.0,0.0,0.0,0.0,0.0,0.0,0.0,0.0,0.0,0.0,0.004627615,0.017096788,0.031311154,0.02,0.06,0.98,0.94,0.06,0.06,0.0,0.77637446,1.0,1.0,0.09333264,0.0,0.0014525056,0.0,0.0,0.08167693,0.0
0.0,0.0,0.029411765,0.2,0.0,0.0,0.0,0.0,0.0,0.0,0.0,0.0,0.0,0.0,0.0,0.0,0.0,0.0,0.0,0.0,0.0,0.0012597144,0.016980655,0.01369863,0.0,0.0,1.0,1.0,0.03,0.07,0.0,0.76951337,1.0,1.0,0.09156079,0.0,0.0021693856,0.0,0.0,0.078941524,0.0
0.015628519,0.0,0.04411765,0.3,0.000876139,0.0,0.0,0.0,0.0,0.016222477,0.0,0.0,0.0,0.0,0.0,0.0,0.0006473586,0.0,0.0,0.0,0.0,0.034607828,0.009805515,0.15264188,0.01,0.01,0.97,0.97,1.0,0.0,0.0,0.8113786,1.0,1.0,0.108424895,0.0,0.009374961,0.0,0.0,0.07525575,0.0
0.13039938,0.0,0.13235295,0.0,0.0,3.2691223e-05,0.0,0.0,0.0,0.024817705,0.0,0.0,0.0,0.0,0.0,0.0,0.0,0.0,0.0,0.0,0.0,0.03369245,0.0186394,0.0019569471,0.0,0.0,0.0,0.0,1.0,0.0,0.0,0.8292694,1.0,1.0,0.105524875,0.0,7.031858e-05,0.0,0.0,0.097394764,0.0
0.13887204,0.0,0.13235295,0.0,0.0,3.2691223e-05,0.0,0.0,0.0,0.0,0.0,0.0,0.0,0.0,0.0,0.0,0.0,0.0,0.0,0.0,0.0,0.0,0.020912074,0.0019569471,0.0,0.0,0.0,0.0,1.0,0.0,0.0,0.72664464,1.0,1.0,0.0763179,0.0,0.0016472638,0.0,0.0,0.07585105,0.0
0.0,0.0,0.3382353,0.2,0.0,0.0,0.0,0.0,0.0,0.0,0.0,0.0,0.0,0.0,0.0,0.0,0.0,0.0,0.0,0.0,0.0,0.002701044,0.016818017,0.031311154,0.0,0.0,1.0,1.0,0.08,0.07,0.0,0.7714808,1.0,1.0,0.092192404,0.0,0.0024488568,0.0,0.0,0.07883808,0.0
0.0,0.0,0.029411765,0.1,0.0,0.0,0.0,0.0,0.0,0.0,0.0,0.0,0.0,0.0,0.0,0.0,0.0,0.0,0.0,0.0,0.0,0.0,0.023171484,0.023483366,1.0,1.0,0.0,0.0,0.05,0.07,0.0,0.77899754,1.0,1.0,0.089007385,0.0,0.0,0.0,0.0,0.089748025,0.0
0.0,0.0,0.13235295,0.1,0.0,0.0,0.0,0.0,0.0,0.03268072,0.0,0.0,0.0,0.0,0.0,0.0,0.0,0.0029611588,0.0,0.0,0.0,0.040588588,0.019954897,0.2935421,1.0,1.0,0.0,0.0,1.0,0.0,0.0,0.8450092,1.0,1.0,0.108698346,0.0,0.0,0.0,0.0,0.10234511,0.0
0.0,0.0,0.04411765,0.2,0.0,0.0,0.0,0.0,0.0,0.0,0.0,0.0,0.0,0.0,0.0,0.0,0.0,0.0,0.0,0.0,0.0,0.0024177134,0.01687868,0.019569471,0.0,0.0,1.0,1.0,0.04,0.07,0.0,0.77154875,1.0,1.0,0.09220406,0.0,0.0020949692,0.0,0.0,0.07944214,0.0
0.0,0.0,0.029411765,0.2,0.0,0.0,0.0,0.0,0.0,0.0,0.0,0.0,0.0,0.0,0.0,0.0,0.0,0.0,0.0,0.0,0.0,0.0,0.017235138,0.009784736,0.0,0.0,1.0,1.0,0.04,0.06,0.0,0.762851,1.0,1.0,0.08946597,0.0,0.0028449297,0.0,0.0,0.07661018,0.0
0.0,0.0,0.029411765,0.2,0.0,0.0,0.0,0.0,0.0,0.0,0.0,0.0,0.0,0.0,0.0,0.0,0.0,0.0,0.0,0.0,0.0,0.0027234256,0.01681593,0.031311154,0.0,0.0,1.0,1.0,0.08,0.06,0.0,0.77152824,1.0,1.0,0.09220805,0.0,0.0024418086,0.0,0.0,0.0788576,0.0
0.013965174,0.0,0.04411765,0.3,0.000876139,7.4298237e-07,0.0,0.0,0.0,0.024581641,0.0,0.0,0.0,0.0,0.0,0.0,0.0014912263,0.0064810812,0.0,0.0,0.0,0.04379493,0.0096402615,0.15655577,0.03,0.03,0.98,0.98,1.0,0.0,0.0,0.8273622,1.0,1.0,0.112787925,0.0,0.009185746,0.0,0.0,0.07862803,0.0
0.0,0.0,0.04411765,0.0,0.0008681168,0.0061771553,0.0,0.0,0.0,0.0,0.0,0.0,0.0,0.0,0.0,0.0,0.0,0.0,0.0,0.0,0.0,0.007167369,0.01067479,0.007827789,0.0,0.0,0.0,0.0,1.0,0.0,0.5,0.7639506,1.0,1.0,0.09509673,0.0,0.009840086,0.0,0.0,0.06579512,0.0
0.03598718,0.0,0.04411765,0.3,0.001155006,0.0,0.0,0.0,0.0,0.0,0.0,0.0,0.0,0.0,0.0,0.0,0.0,0.0,0.0,0.0,0.0,0.0067091286,0.011034757,0.019569471,0.0,0.0,1.0,1.0,1.0,0.0,0.0,0.7634057,1.0,1.0,0.09458954,0.0,0.009676829,0.0,0.0,0.06670272,0.0
0.0,0.0,0.029411765,0.2,0.0,0.0,0.0,0.0,0.0,0.0,0.0,0.0,0.0,0.0,0.0,0.0,0.0,0.0,0.0,0.0,0.0,0.0007533133,0.01706212,0.009784736,0.0,0.0,1.0,1.0,0.02,0.08,0.0,0.76861405,1.0,1.0,0.09123335,0.0,0.0022132844,0.0,0.0,0.07878655,0.0
0.0,0.0,0.29411766,0.1,0.0,0.0,0.0,0.0,0.0,0.0,0.0,0.0,0.0,0.0,0.0,0.0,0.0,0.0,0.0,0.0,0.0,0.0,0.023148067,0.039138943,1.0,1.0,0.0,0.0,0.1,0.08,0.0,0.7821497,1.0,1.0,0.08978329,0.0,0.0,0.0,0.0,0.090128064,0.0
0.0,0.0,0.029411765,0.2,0.0,0.0,0.0,0.0,0.0,0.0,0.0,0.0,0.0,0.0,0.0,0.0,0.0,0.0,0.0,0.0,0.0,0.0,0.017197378,0.015655577,0.0,0.0,1.0,1.0,0.07,0.07,0.0,0.7634634,1.0,1.0,0.08964003,0.0,0.0029819757,0.0,0.0,0.07652548,0.0
0.0,0.0,0.029411765,0.1,0.0,0.0,0.0,0.0,0.0,0.0,0.0,0.0,0.0,0.0,0.0,0.0,0.0,0.0,0.0,0.0,0.0,0.0,0.023159102,0.029354207,1.0,1.0,0.0,0.0,0.07,0.07,0.0,0.7798954,1.0,1.0,0.08923205,0.0,0.0,0.0,0.0,0.089848965,0.0
0.0,0.0,0.029411765,0.2,0.0,0.0,0.0,0.0,0.0,0.0,0.0,0.0,0.0,0.0,0.0,0.0,0.0,0.0,0.0,0.0,0.0,0.0004618466,0.01696743,0.0058708414,0.0,0.0,1.0,1.0,0.01,0.06,0.0,0.768723,1.0,1.0,0.0914379,0.0,0.0017707199,0.0,0.0,0.07933706,0.0
0.0,0.0,0.5588235,0.5,0.0,0.0,0.0,0.0,0.0,0.0,0.0,0.0,0.0,0.0,0.0,0.0,0.0,0.0,0.0,0.0,0.0,0.0,0.017132342,0.017612524,0.0,0.0,1.0,1.0,0.07,0.06,0.0,0.764282,1.0,1.0,0.08993318,0.0,0.0029239506,0.0,0.0,0.07667199,0.0
0.13310231,0.0,0.13235295,0.0,0.0,3.2691223e-05,0.0,0.0,0.0,0.0,0.0,0.0,0.0,0.0,0.0,0.0,0.0,0.0,0.0,0.0,0.0,0.0,0.019602664,0.0019569471,0.0,0.0,0.0,0.0,1.0,0.0,0.0,0.75669193,1.0,1.0,0.08533173,0.0,0.001975879,0.0,0.0,0.0822714,0.0
0.0,1.0,0.36764705,0.0,1.6044403e-05,0.0,0.0,0.0,0.0,0.008448482,0.0,0.0,0.0,0.0,0.0,0.0,0.0,0.0,0.0,0.0,0.0,0.019534618,0.015148625,0.9843444,0.0,0.0,0.0,0.0,1.0,0.0,0.0,0.7947855,1.0,1.0,0.09999191,0.0,0.0025307834,0.0,0.0,0.08957252,0.0
0.0,0.0,0.014705882,0.1,0.0,0.0,0.0,0.0,0.0,0.0,0.0,0.0,0.0,0.0,0.0,0.0,0.0,0.0,0.0,0.0,0.0,0.0,0.023184463,0.02739726,1.0,1.0,0.0,0.0,0.06,0.06,0.0,0.77813494,1.0,1.0,0.08875581,0.0,0.0,0.0,0.0,0.08951768,0.0
0.0,0.0,0.029411765,0.2,0.0,0.0,0.0,0.0,0.0,0.0,0.0,0.0,0.0,0.0,0.0,0.0,0.0,0.0,0.0,0.0,0.0,0.00019413233,0.016993232,0.0058708414,0.0,0.0,1.0,1.0,0.01,0.06,0.0,0.7681538,1.0,1.0,0.091250144,0.0,0.0018552691,0.0,0.0,0.07910293,0.0
1.7326518e-05,0.0,0.22058824,0.0,4.1368454e-05,0.00021769383,0.0,0.0,0.0,0.0,0.0,0.0,0.0,0.0,0.0,0.0,0.0,0.0,0.0,0.0,0.0,0.0059812963,0.011288255,0.0039138943,0.0,0.0,0.0,0.0,1.0,0.0,0.0,0.7625679,1.0,1.0,0.0940954,0.0,0.009172037,0.0,0.0,0.069156766,0.0
0.0,0.0,0.22058824,0.5,0.0,0.0,0.0,0.0,0.0,0.0,0.0,0.0,0.0,0.0,0.0,0.0,0.0,0.0,0.0,0.0,0.0,0.0009959936,0.01698701,0.009784736,0.0,0.0,1.0,1.0,0.02,0.06,0.0,0.7693138,1.0,1.0,0.0915306,0.0,0.0019970983,0.0,0.0,0.0791713,0.0
0.0,0.0,0.029411765,0.1,0.0,0.0,0.0,0.0,0.0,0.0,0.0,0.0,0.0,0.0,0.0,0.0,0.0,0.0,0.0,0.0,0.0,0.0,0.023460083,0.031311154,1.0,1.0,0.0,0.0,0.13,0.07,0.0,0.7751678,1.0,1.0,0.087583624,0.0,0.0,0.0,0.0,0.08823314,0.0
0.0,1.0,0.36764705,0.0,8.276875e-06,0.0,0.0,0.0,0.0,0.0,0.0,0.0,0.0,0.0,0.0,0.0,0.0,0.0,0.0,0.0,0.0,0.0,0.022744246,1.0,0.0,0.0,0.0,0.0,1.0,0.0,0.0,0.6916553,0.98991215,1.0,0.06550529,0.0,0.003495112,0.0,0.0,0.06696686,0.0
0.0,1.0,0.36764705,0.0,1.6426413e-05,0.0,0.0,0.0,0.0,0.0040056705,0.0,0.0,0.0,0.0,0.0,0.0,0.0,0.0,0.0,0.0,0.0,0.016092628,0.01480031,0.6164383,0.0,0.0,0.0,0.0,1.0,0.0,0.0,0.7863244,1.0,1.0,0.09789357,0.0,0.0038053393,0.0,0.0,0.08691302,0.0
0.0,0.0,0.029411765,0.2,0.0,0.0,0.0,0.0,0.0,0.0,0.0,0.0,0.0,0.0,0.0,0.0,0.0,0.0,0.0,0.0,0.0,0.0016466081,0.01694797,0.0332681,0.0,0.0,1.0,1.0,0.13,0.07,0.0,0.7689434,1.0,1.0,0.09131243,0.0,0.0030016005,0.0,0.0,0.07750741,0.0
1.7326518e-05,0.0,0.22058824,0.0,4.1368454e-05,0.00021769383,0.0,0.0,0.0,0.0,0.0,0.0,0.0,0.0,0.0,0.0,0.0,0.0,0.0,0.0,0.0,0.0050245225,0.011575937,0.0039138943,0.0,0.0,0.0,0.0,1.0,0.0,0.0,0.7609216,1.0,1.0,0.09336013,0.0,0.009061083,0.0,0.0,0.06999192,0.0
0.0,0.0,0.7794118,0.5,0.0,0.0,0.0,0.0,0.0,0.0,0.0,0.0,0.0,0.0,0.0,0.0,0.0,0.0,0.0,0.0,0.0,0.005130589,0.01659412,0.037181996,0.0,0.0,1.0,1.0,0.07,0.06,0.0,0.7762197,1.0,1.0,0.09372721,0.0,0.0019728243,0.0,0.0,0.080450684,0.0
0.0,0.0,0.029411765,0.2,0.0,0.0,0.0,0.0,0.0,0.0,0.0,0.0,0.0,0.0,0.0,0.0,0.0,0.0,0.0,0.0,0.0,0.006153524,0.016576521,0.039138943,0.0,0.0,1.0,1.0,0.07,0.07,0.0,0.77791584,1.0,1.0,0.09417667,0.0,0.0020088851,0.0,0.0,0.080764204,0.0
0.0,0.0,0.029411765,0.2,0.0,0.0,0.0,0.0,0.0,0.0,0.0,0.0,0.0,0.0,0.0,0.0,0.0,0.0,0.0,0.0,0.0,0.0012170672,0.016975023,0.015655577,0.0,0.0,1.0,1.0,0.04,0.07,0.0,0.76935685,1.0,1.0,0.09151689,0.0,0.0022186786,0.0,0.0,0.078852415,0.0
0.0,0.0,0.13235295,0.1,0.0,0.0,0.0,0.0,0.0,0.0,0.0,0.0,0.0,0.0,0.0,0.0,0.0,0.0,0.0,0.0,0.0,0.0,0.02333375,0.0058708414,1.0,1.0,0.0,0.0,0.01,0.07,0.0,0.77375185,1.0,1.0,0.08749951,0.0,0.0,0.0,0.0,0.088725895,0.0
0.0,0.0,0.3970588,0.2,0.0,0.0,0.0,0.0,0.0,0.0,0.0,0.0,0.0,0.0,0.0,0.0,0.0,0.0,0.0,0.0,0.0,0.0019918382,0.01692935,0.017612524,0.0,0.0,1.0,1.0,0.04,0.06,0.0,0.77070904,1.0,1.0,0.091919445,0.0,0.0021936446,0.0,0.0,0.07912153,0.0
0.0,0.0,0.13235295,0.5,0.0,0.0,0.0,0.0,0.0,0.0030895472,0.0,0.0,0.0,0.0,0.0,0.0,0.0,0.0,0.0,0.0,0.0,0.0142195225,0.01618477,0.0019569471,0.0,0.0,1.0,1.0,0.09,0.36,0.0,0.7883873,1.0,1.0,0.09693258,0.0,0.0040833354,0.0,0.0,0.079979986,0.0
0.0,0.0,0.04411765,0.1,0.0,0.0,0.0,0.0,0.0,0.027191252,0.0,0.0,0.0,0.0,0.0,0.0,0.0,0.004275441,0.0,0.0,0.0,0.042423844,0.014366381,0.029354207,1.0,1.0,0.0,0.0,1.0,0.0,0.0,0.833719,1.0,1.0,0.11026422,0.0,0.0052084923,0.0,0.0,0.08841938,0.0
0.0,0.0,0.029411765,0.1,0.0,0.0,0.0,0.0,0.0,0.0,0.0,0.0,0.0,0.0,0.0,0.0,0.0,0.0,0.0,0.0,0.0,0.0,0.021781437,0.011741683,0.83,0.67,0.17,0.33,0.03,0.08,0.0,0.777022,1.0,1.0,0.08956162,0.0,0.0,0.0,0.0,0.08776167,0.0
0.0,0.0,0.029411765,0.2,0.0,0.0,0.0,0.0,0.0,0.0,0.0,0.0,0.0,0.0,0.0,0.0,0.0,0.0,0.0,0.0,0.0,0.0021966398,0.016890727,0.01369863,0.0,0.0,1.0,1.0,0.03,0.06,0.0,0.7715056,1.0,1.0,0.092217766,0.0,0.0018733591,0.0,0.0,0.07976097,0.0
0.0,0.0,0.029411765,0.1,0.0,0.0,0.0,0.0,0.0,0.0,0.0,0.0,0.0,0.0,0.0,0.0,0.0,0.0,0.0,0.0,0.0,0.0,0.023078501,0.037181996,1.0,1.0,0.0,0.0,0.08,0.05,0.0,0.7816781,1.0,1.0,0.089773916,0.0,0.0,0.0,0.0,0.09026128,0.0
0.0,0.0,0.029411765,0.2,0.0,0.0,0.0,0.0,0.0,0.0,0.0,0.0,0.0,0.0,0.0,0.0,0.0,0.0,0.0,0.0,0.0,0.0,0.01711449,0.007827789,0.0,0.0,1.0,1.0,0.02,0.05,0.0,0.7658062,1.0,1.0,0.090432756,0.0,0.0023798496,0.0,0.0,0.07785028,0.0
0.0,0.0,0.029411765,0.2,0.0,0.0,0.0,0.0,0.0,0.0,0.0,0.0,0.0,0.0,0.0,0.0,0.0,0.0,0.0,0.0,0.0,0.0,0.017149076,0.0039138943,0.0,0.0,1.0,1.0,0.01,0.07,0.0,0.7669108,1.0,1.0,0.090699576,0.0,0.0022383034,0.0,0.0,0.078422576,0.0
0.0,0.0,0.04411765,0.1,0.0,0.0,0.0,0.0,0.0,0.057394385,0.0,0.0,0.0,0.0,0.0,0.0,0.0021078438,0.023940176,0.0,0.0,0.0,0.070518464,0.0173629,0.22896282,1.0,1.0,0.0,0.0,1.0,0.0,0.0,0.8914528,1.0,1.0,0.1230787,0.0,5.0529838e-05,0.0,0.0,0.109336466,0.0
0.0,0.0,0.029411765,0.2,0.0,0.0,0.0,0.0,0.0,0.0,0.0,0.0,0.0,0.0,0.0,0.0,0.0,0.0,0.0,0.0,0.0,0.00091445446,0.016999245,0.029354207,0.0,0.0,1.0,1.0,0.11,0.07,0.0,0.76774776,1.0,1.0,0.09095373,0.0,0.0029773414,0.0,0.0,0.07732743,0.0
0.0,0.0,0.04411765,0.0,0.0008681168,0.0061771553,0.0,0.0,0.0,0.0,0.0,0.0,0.0,0.0,0.0,0.0,0.0,0.0,0.0,0.0,0.0,0.0008509457,0.010927059,0.019569471,0.0,0.0,0.0,0.0,1.0,0.0,0.3,0.7531259,1.0,1.0,0.09200203,0.0,0.009823531,0.0,0.0,0.06421524,0.0
0.0,0.0,0.029411765,0.2,0.0,0.0,0.0,0.0,0.0,0.0,0.0,0.0,0.0,0.0,0.0,0.0,0.0,0.0,0.0,0.0,0.0,0.003848195,0.016792655,0.02739726,0.0,0.0,1.0,1.0,0.06,0.07,0.0,0.7739135,1.0,1.0,0.0928972,0.0,0.0021100044,0.0,0.0,0.07995656,0.0
0.0,0.0,0.029411765,0.2,0.0,0.0,0.0,0.0,0.0,0.0,0.0,0.0,0.0,0.0,0.0,0.0,0.0,0.0,0.0,0.0,0.0,0.00093379617,0.017034993,0.011741683,0.0,0.0,1.0,1.0,0.03,0.07,0.0,0.768932,1.0,1.0,0.09134584,0.0,0.0021921843,0.0,0.0,0.07889256,0.0
0.035969853,0.0,0.04411765,0.3,0.001155006,0.0,0.0,0.0,0.0,0.0,0.0,0.0,0.0,0.0,0.0,0.0,0.0,0.0,0.0,0.0,0.0,0.002369672,0.01117862,0.019569471,0.0,0.0,1.0,1.0,1.0,0.0,0.0,0.7559495,1.0,1.0,0.09248974,0.0,0.009700939,0.0,0.0,0.06539485,0.0
0.0,0.0,0.029411765,0.2,0.0,0.0,0.0,0.0,0.0,0.0,0.0,0.0,0.0,0.0,0.0,0.0,0.0,0.0,0.0,0.0,0.0,0.0,0.017252296,0.01369863,0.0,0.0,1.0,1.0,0.07,0.08,0.0,0.7625289,1.0,1.0,0.089324184,0.0,0.0030947328,0.0,0.0,0.076165795,0.0
0.0,1.0,0.36764705,0.0,1.6426413e-05,0.0,0.0,0.0,0.0,0.0001244247,0.0,0.0,0.0,0.0,0.0,0.0,0.0,0.0,0.0,0.0,0.0,0.012448192,0.014480613,0.2035225,0.0,0.0,0.0,0.0,1.0,0.0,0.0,0.7791599,1.0,1.0,0.09624442,0.0,0.004496798,0.0,0.0,0.08372021,0.0
0.0,0.0,0.029411765,0.1,0.0,0.0,0.0,0.0,0.0,0.0,0.0,0.0,0.0,0.0,0.0,0.0,0.0,0.0,0.0,0.0,0.0,0.0,0.022993438,0.023483366,1.0,1.0,0.0,0.0,0.04,0.05,0.0,0.7814139,1.0,1.0,0.089882754,0.0,0.0,0.0,0.0,0.09061885,0.0
1.7326518e-05,0.0,0.22058824,0.0,4.1368454e-05,0.00021769383,0.0,0.0,0.0,0.0,0.0,0.0,0.0,0.0,0.0,0.0,0.0,0.0,0.0,0.0,0.0,0.0025809407,0.012275189,0.0039138943,0.0,0.0,0.0,0.0,1.0,0.0,0.0,0.7568865,1.0,1.0,0.09158381,0.0,0.008739293,0.0,0.0,0.0718379,0.0
0.0,1.0,0.36764705,0.0,1.6426413e-05,0.0,0.0,0.0,0.0,0.0,0.0,0.0,0.0,0.0,0.0,0.0,0.0,0.0,0.0,0.0,0.0,0.011585802,0.014233045,0.14872798,0.0,0.0,0.0,0.0,1.0,0.0,0.0,0.7768998,1.0,1.0,0.09588992,0.0,0.0048471093,0.0,0.0,0.08243492,0.0
0.0,0.0,0.029411765,0.1,0.0,0.0,0.0,0.0,0.0,0.0,0.0,0.0,0.0,0.0,0.0,0.0,0.0,0.0,0.0,0.0,0.0,0.0,0.02348382,0.029354207,1.0,1.0,0.0,0.0,0.12,0.06,0.0,0.77488697,1.0,1.0,0.08748517,0.0,0.0,0.0,0.0,0.088139385,0.0
0.0,0.0,0.029411765,0.2,0.0,0.0,0.0,0.0,0.0,0.0,0.0,0.0,0.0,0.0,0.0,0.0,0.0,0.0,0.0,0.0,0.0,0.0,0.01708334,0.009784736,0.0,0.0,1.0,1.0,0.02,0.08,0.0,0.76717925,1.0,1.0,0.09082668,0.0,0.0023142248,0.0,0.0,0.07829332,0.0
0.015559213,0.0,0.04411765,0.3,0.0010155725,0.0,0.0,0.0,0.0,0.032060713,0.0,0.0,0.0,0.0,0.0,0.0,0.002429463,0.013897657,0.0,0.0,0.0,0.052557826,0.009312473,0.06066536,0.0,0.0,1.0,1.0,1.0,0.0,0.0,0.8421953,1.0,1.0,0.116995566,0.0,0.009461254,0.0,0.0,0.0798794,0.0
0.12984493,0.0,0.13235295,0.0,0.0,3.2691223e-05,0.0,0.0,0.0,0.0,0.0,0.0,0.0,0.0,0.0,0.0,0.0,0.0,0.0,0.0,0.0,0.0,0.01865381,0.0019569471,0.0,0.0,0.0,0.0,1.0,0.0,0.0,0.7380773,1.0,1.0,0.08112509,0.0,0.003514111,0.0,0.0,0.07716814,0.0
0.0,0.0,0.029411765,0.2,0.0,0.0,0.0,0.0,0.0,0.0,0.0,0.0,0.0,0.0,0.0,0.0,0.0,0.0,0.0,0.0,0.0,0.005687833,0.016672999,0.039138943,0.0,0.0,1.0,1.0,0.09,0.07,0.0,0.77674174,1.0,1.0,0.09372302,0.0,0.0022955984,0.0,0.0,0.08018434,0.0
0.0,0.0,0.029411765,0.2,0.0,0.0,0.0,0.0,0.0,0.0,0.0,0.0,0.0,0.0,0.0,0.0,0.0,0.0,0.0,0.0,0.0,0.004876375,0.016648673,0.037181996,0.01,0.0,0.99,1.0,0.07,0.06,0.0,0.77570903,1.0,1.0,0.09352801,0.0,0.0020462573,0.0,0.0,0.08024898,0.0
0.0,0.0,0.029411765,0.2,0.0,0.0,0.0,0.0,0.0,0.0,0.0,0.0,0.0,0.0,0.0,0.0,0.0,0.0,0.0,0.0,0.0,0.0001552403,0.01701048,0.031311154,0.0,0.0,1.0,1.0,0.13,0.06,0.0,0.7662513,1.0,1.0,0.090534486,0.0,0.003113538,0.0,0.0,0.07678416,0.0
0.0,1.0,0.36764705,0.0,1.6426413e-05,0.0,0.0,0.0,0.0,0.006227106,0.0,0.0,0.0,0.0,0.0,0.0,0.0,0.0,0.0,0.0,0.0,0.017813623,0.014974512,0.8003914,0.0,0.0,0.0,0.0,1.0,0.0,0.0,0.7905549,1.0,1.0,0.09894275,0.0,0.0031680465,0.0,0.0,0.0882428,0.0
0.0,0.0,0.029411765,0.2,0.0,0.0,0.0,0.0,0.0,0.0,0.0,0.0,0.0,0.0,0.0,0.0,0.0,0.0,0.0,0.0,0.0,0.003379017,0.016776681,0.021526419,0.0,0.0,1.0,1.0,0.04,0.06,0.0,0.7735268,1.0,1.0,0.09286406,0.0,0.0018272549,0.0,0.0,0.08023092,0.0
0.0,0.0,0.04411765,0.0,0.0008681168,0.0061771553,0.0,0.0,0.0,0.0,0.0,0.0,0.0,0.0,0.0,0.0,0.0,0.0,0.0,0.0,0.0,0.009757638,0.010621913,0.007827789,0.0,0.0,0.0,0.0,1.0,0.0,0.0,0.7684829,1.0,1.0,0.09634065,0.0,0.009773195,0.0,0.0,0.06676704,0.0
0.0,0.0,0.029411765,0.1,0.0,0.0,0.0,0.0,0.0,0.0,0.0,0.0,0.0,0.0,0.0,0.0,0.0,0.0,0.0,0.0,0.0,0.0,0.023236863,0.029354207,1.0,1.0,0.0,0.0,0.08,0.09,0.0,0.7800454,1.0,1.0,0.089151375,0.0,0.0,0.0,0.0,0.08971214,0.0
0.1255133,0.0,0.13235295,0.0,0.0,3.2691223e-05,0.0,0.0,0.0,0.0,0.0,0.0,0.0,0.0,0.0,0.0,0.0,0.0,0.0,0.0,0.0,0.0,0.017803945,0.0019569471,0.0,0.0,0.0,0.0,1.0,0.0,0.0,0.7637228,1.0,1.0,0.08866685,0.0,0.0036979914,0.0,0.0,0.080443025,0.0
0.0,0.0,0.13235295,0.8,0.0,3.2691223e-05,0.0,0.0,0.0,0.0,0.0,0.0,0.0,0.0,0.0,0.0,0.0,0.0,0.0,0.0,0.0,0.0,0.019833207,0.0019569471,1.0,1.0,0.0,0.0,1.0,0.0,0.0,0.74397933,1.0,1.0,0.081799366,0.0,0.0019856691,0.0,0.0,0.07965323,0.0
0.0,0.0,0.32352942,0.5,0.0,0.0,0.0,0.0,0.0,0.0,0.0,0.0,0.0,0.0,0.0,0.0,0.0,0.0,0.0,0.0,0.0,0.005515337,0.016660854,0.037181996,0.0,0.0,1.0,1.0,0.08,0.07,0.0,0.7766702,1.0,1.0,0.09374269,0.0,0.0021303743,0.0,0.0,0.08044204,0.0
0.0,0.0,0.5,0.5,0.0,0.0,0.0,0.0,0.0,0.0,0.0,0.0,0.0,0.0,0.0,0.0,0.0,0.0,0.0,0.0,0.0,0.0,0.017206669,0.0039138943,0.0,0.0,1.0,1.0,0.01,0.07,0.0,0.76466966,1.0,1.0,0.09002706,0.0,0.0024590343,0.0,0.0,0.07759777,0.0
0.0,1.0,0.36764705,0.0,1.6044403e-05,0.0,0.0,0.0,0.0,0.0,0.0,0.0,0.0,0.0,0.0,0.0,0.0,0.0,0.0,0.0,0.0,0.010883182,0.014003232,0.0332681,0.0,0.0,0.0,0.0,1.0,0.0,0.0,0.7753011,1.0,1.0,0.09567418,0.0,0.005099997,0.0,0.0,0.08134502,0.0
0.0,0.0,0.5,0.1,0.0,0.0,0.0,0.0,0.0,0.0,0.0,0.0,0.0,0.0,0.0,0.0,0.0,0.0,0.0,0.0,0.0,0.0,0.023407325,0.011741683,1.0,1.0,0.0,0.0,0.04,0.09,0.0,0.7764945,1.0,1.0,0.08805499,0.0,0.0,0.0,0.0,0.08901468,0.0
1.7326518e-05,0.0,0.22058824,0.0,4.1368454e-05,0.00021769383,0.0,0.0,0.0,0.0,0.0,0.0,0.0,0.0,0.0,0.0,0.0,0.0,0.0,0.0,0.0,0.0029225051,0.012433492,0.0058708414,0.0,0.0,0.0,0.0,1.0,0.0,0.0,0.75805104,1.0,1.0,0.09177805,0.0,0.008405209,0.0,0.0,0.07269579,0.0
0.0,0.0,0.04411765,0.0,0.0008681168,0.0061771553,0.0,0.0,0.0,0.0,0.0,0.0,0.0,0.0,0.0,0.0,0.0,0.0,0.0,0.0,0.0,0.0076409876,0.0106849,0.009784736,0.0,0.0,0.0,0.0,1.0,0.0,0.4,0.7648368,1.0,1.0,0.09532074,0.0,0.009787127,0.0,0.0,0.06612569,0.0
0.0,0.0,0.029411765,0.2,0.0,0.0,0.0,0.0,0.0,0.0,0.0,0.0,0.0,0.0,0.0,0.0,0.0,0.0,0.0,0.0,0.0,0.0,0.01731415,0.009784736,0.0,0.0,1.0,1.0,0.05,0.06,0.0,0.76013553,1.0,1.0,0.08863706,0.0,0.003136143,0.0,0.0,0.07559028,0.0
0.0,0.0,0.029411765,0.2,0.0,0.0,0.0,0.0,0.0,0.0,0.0,0.0,0.0,0.0,0.0,0.0,0.0,0.0,0.0,0.0,0.0,0.0022333562,0.016923927,0.037181996,0.0,0.0,1.0,1.0,0.15,0.06,0.0,0.7698754,1.0,1.0,0.09156864,0.0,0.0030275732,0.0,0.0,0.077744305,0.0
0.0,0.0,0.029411765,0.1,0.0,0.0,0.0,0.0,0.0,0.0,0.0,0.0,0.0,0.0,0.0,0.0,0.0,0.0,0.0,0.0,0.0,0.0,0.023505114,0.023483366,1.0,1.0,0.0,0.0,0.09,0.06,0.0,0.77386844,1.0,1.0,0.08721677,0.0,0.0,0.0,0.0,0.08799493,0.0
0.0,0.0,0.6911765,0.2,0.0,0.0,0.0,0.0,0.0,0.0,0.0,0.0,0.0,0.0,0.0,0.0,0.0,0.0,0.0,0.0,0.0,0.0,0.017272875,0.007827789,0.0,0.0,1.0,1.0,0.03,0.06,0.0,0.7622961,1.0,1.0,0.08927529,0.0,0.0029013306,0.0,0.0,0.07640657,0.0
1.7326518e-05,0.0,0.22058824,0.0,4.1368454e-05,0.00021769383,0.0,0.0,0.0,0.0,0.0,0.0,0.0,0.0,0.0,0.0,0.0,0.0,0.0,0.0,0.0,0.0,0.013478883,0.0058708414,0.0,0.0,0.0,0.0,1.0,0.0,0.0,0.7529756,1.0,1.0,0.089653455,0.0,0.007173881,0.0,0.0,0.073176414,0.0
0.0,0.0,0.029411765,0.2,0.0,0.0,0.0,0.0,0.0,0.0,0.0,0.0,0.0,0.0,0.0,0.0,0.0,0.0,0.0,0.0,0.0,0.0014253259,0.017049477,0.009784736,0.0,0.0,1.0,1.0,0.02,0.08,0.0,0.7698592,1.0,1.0,0.0915774,0.0,0.0021405518,0.0,0.0,0.0792017,0.0
0.0,0.0,0.47058824,0.2,0.0,0.0,0.0,0.0,0.0,0.0,0.0,0.0,0.0,0.0,0.0,0.0,0.0,0.0,0.0,0.0,0.0,0.0025244653,0.016826384,0.017612524,0.0,0.0,1.0,1.0,0.03,0.06,0.0,0.77202547,1.0,1.0,0.09242009,0.0,0.0018858314,0.0,0.0,0.079759866,0.0
0.0,0.0,0.04411765,0.0,0.0008681168,0.0061771553,0.0,0.0,0.0,0.0,0.0,0.0,0.0,0.0,0.0,0.0,0.0,0.0,0.0,0.0,0.0,0.006132424,0.0107046515,0.007827789,0.0,0.0,0.0,0.0,1.0,0.0,0.0,0.7621701,1.0,1.0,0.09459972,0.0,0.009842545,0.0,0.0,0.06549889,0.0
0.0,0.0,0.7941176,0.1,0.0,0.0,0.0,0.0,0.0,0.0,0.0,0.0,0.0,0.0,0.0,0.0,0.0,0.0,0.0,0.0,0.0,0.0,0.023767054,0.0039138943,1.0,1.0,0.0,0.0,0.02,0.07,0.0,0.76791346,1.0,1.0,0.08538782,0.0,0.0,0.0,0.0,0.08662927,0.0
0.0,0.0,0.029411765,0.2,0.0,0.0,0.0,0.0,0.0,0.0,0.0,0.0,0.0,0.0,0.0,0.0,0.0,0.0,0.0,0.0,0.0,0.0017023683,0.01682479,0.015655577,0.0,0.0,1.0,1.0,0.03,0.06,0.0,0.77075636,1.0,1.0,0.0921114,0.0,0.0017862469,0.0,0.0,0.07962197,0.0
0.0,1.0,0.36764705,0.0,1.6044403e-05,0.0,0.0,0.0,0.0,0.004052907,0.0,0.0,0.0,0.0,0.0,0.0,0.0,0.0,0.0,0.0,0.0,0.016129225,0.014803991,0.62035227,0.0,0.0,0.0,0.0,1.0,0.0,0.0,0.7864144,1.0,1.0,0.09791591,0.0,0.0037917644,0.0,0.0,0.0869413,0.0
0.035952527,0.0,0.04411765,0.3,0.001155006,0.0,0.0,0.0,0.0,0.0,0.0,0.0,0.0,0.0,0.0,0.0,0.0,0.0,0.0,0.0,0.0,0.0045924485,0.011097752,0.019569471,0.0,0.0,1.0,1.0,1.0,0.0,0.0,0.75975966,1.0,1.0,0.09356963,0.0,0.0096907765,0.0,0.0,0.06606132,0.0
0.0,0.0,0.029411765,0.2,0.0,0.0,0.0,0.0,0.0,0.0,0.0,0.0,0.0,0.0,0.0,0.0,0.0,0.0,0.0,0.0,0.0,0.0053740144,0.016580455,0.03522505,0.0,0.0,1.0,1.0,0.06,0.06,0.0,0.77680314,1.0,1.0,0.09391191,0.0,0.0018600821,0.0,0.0,0.0807153,0.0
0.0,0.0,0.14705883,0.1,0.0,0.0,0.0,0.0,0.0,0.002160877,0.0,0.0,0.0,0.0,0.0,0.0,0.0,0.0,0.0,0.0,0.0,0.005388856,0.022816695,0.023483366,1.0,1.0,0.0,0.0,0.24,0.08,0.0,0.7887995,1.0,1.0,0.091556065,0.0,0.0,0.0,0.0,0.090250194,0.0
0.0,0.0,0.029411765,0.5,0.0,0.0,0.0,0.0,0.0,0.0,0.0,0.0,0.0,0.0,0.0,0.0,0.0,0.0,0.0,0.0,0.0,0.0,0.01728724,0.011741683,0.0,0.0,1.0,1.0,0.06,0.07,0.0,0.7614138,1.0,1.0,0.0889998,0.0,0.0030845702,0.0,0.0,0.07599431,0.0
0.0,0.0,0.029411765,0.1,0.0,0.0,0.0,0.0,0.0,0.0,0.0,0.0,0.0,0.0,0.0,0.0,0.0,0.0,0.0,0.0,0.0,0.0,0.023450688,0.0332681,1.0,1.0,0.0,0.0,0.14,0.07,0.0,0.77610815,1.0,1.0,0.08783027,0.0,0.0,0.0,0.0,0.088364184,0.0
0.0,0.0,0.04411765,0.0,0.0008681168,0.0061771553,0.0,0.0,0.0,0.0,0.0,0.0,0.0,0.0,0.0,0.0,0.0,0.0,0.0,0.0,0.0,0.0065826774,0.010716379,0.009784736,0.0,0.0,0.25,0.2,1.0,0.0,0.4,0.76301384,1.0,1.0,0.09481075,0.0,0.009794131,0.0,0.0,0.06580499,0.0
0.0,0.0,0.13235295,0.1,0.0,0.0,0.0,0.0,0.0,0.060989916,0.0,0.0,0.0,0.0,0.0,0.0,0.002725795,0.02653116,0.0,0.0,0.0,0.07167831,0.019558072,0.2407045,1.0,1.0,0.0,0.0,1.0,0.0,0.0,0.8995347,1.0,1.0,0.12346185,0.0,0.0,0.0,0.0,0.11316919,0.0
0.0,0.0,0.04411765,0.1,0.0,0.0,0.0,0.0,0.0,0.05868864,0.0,0.0,0.0,0.0,0.0,0.0,0.002395384,0.024866283,0.0,0.0,0.0,0.071395874,0.017649606,0.25440314,1.0,1.0,0.0,0.0,1.0,0.0,0.0,0.89402807,1.0,1.0,0.12355345,0.0,0.0,0.0,0.0,0.11030924,0.0
0.0,0.0,0.029411765,0.1,0.0,0.0,0.0,0.0,0.0,0.0,0.0,0.0,0.0,0.0,0.0,0.0,0.0,0.0,0.0,0.0,0.0,0.0,0.023023106,0.02739726,1.0,1.0,0.0,0.0,0.05,0.06,0.0,0.7809284,1.0,1.0,0.089700244,0.0,0.0,0.0,0.0,0.09042901,0.0
0.015628519,0.0,0.04411765,0.3,0.00094585575,0.0,0.0,0.0,0.0,0.030062139,0.0,0.0,0.0,0.0,0.0,0.0,0.0021946132,0.01223737,0.0,0.0,0.0,0.050347567,0.009381697,0.052837573,0.0,0.0,1.0,1.0,1.0,0.0,0.0,0.83837914,1.0,1.0,0.11592392,0.0,0.009493202,0.0,0.0,0.079140246,0.0
0.0,0.0,0.029411765,0.5,0.0,0.0,0.0,0.0,0.0,0.0,0.0,0.0,0.0,0.0,0.0,0.0,0.0,0.0,0.0,0.0,0.0,0.0034426749,0.016851142,0.023483366,0.0,0.0,1.0,1.0,0.05,0.07,0.0,0.7731831,1.0,1.0,0.0926409,0.0,0.0021663904,0.0,0.0,0.079705566,0.0
0.0,0.0,0.029411765,0.2,0.0,0.0,0.0,0.0,0.0,0.0,0.0,0.0,0.0,0.0,0.0,0.0,0.0,0.0,0.0,0.0,0.0,0.0021131039,0.016912349,0.039138943,0.0,0.0,1.0,1.0,0.17,0.08,0.0,0.76950824,1.0,1.0,0.0914708,0.0,0.0031457096,0.0,0.0,0.07740313,0.0
0.015732478,0.0,0.04411765,0.3,0.0009923336,0.0,0.0,0.0,0.0,0.029062867,0.0,0.0,0.0,0.0,0.0,0.0,0.0020772144,0.0114071965,0.0,0.0,0.0,0.049242407,0.009416297,0.04892368,0.0,0.0,1.0,1.0,1.0,0.0,0.0,0.8364711,1.0,1.0,0.11538809,0.0,0.009509161,0.0,0.0,0.07877067,0.0
0.0,0.0,0.029411765,0.1,0.0,0.0,0.0,0.0,0.0,0.0,0.0,0.0,0.0,0.0,0.0,0.0,0.0,0.0,0.0,0.0,0.0,0.0,0.023296721,0.02739726,1.0,1.0,0.0,0.0,0.08,0.09,0.0,0.77842045,1.0,1.0,0.08865666,0.0,0.0,0.0,0.0,0.08933434,0.0
0.035796586,0.0,0.04411765,0.3,0.0008993779,0.0,0.0,0.0,0.0,0.034116477,0.0,0.0,0.0,0.0,0.0,0.0,0.0023133606,0.015326738,0.0,0.0,0.0,0.05475411,0.009578921,0.015655577,0.0,0.0,1.0,1.0,1.0,0.0,0.0,0.8462739,1.0,1.0,0.11780342,0.0,0.009324849,0.0,0.0,0.08118069,0.0
0.0,0.0,0.04411765,0.0,0.0008681168,0.0061771553,0.0,0.0,0.0,0.0,0.0,0.0,0.0,0.0,0.0,0.0,0.0,0.0,0.0,0.0,0.0,0.0063509047,0.010803483,0.058708414,0.0,0.0,0.0,0.0,1.0,0.0,0.13,0.7626262,1.0,1.0,0.094619624,0.0,0.00976561,0.0,0.0,0.06600928,0.0
0.0,0.0,0.029411765,0.1,0.0,0.0,0.0,0.0,0.0,0.0,0.0,0.0,0.0,0.0,0.0,0.0,0.0,0.0,0.0,0.0,0.0,0.0,0.023571707,0.0058708414,1.0,1.0,0.0,0.0,0.02,0.1,0.0,0.7717271,1.0,1.0,0.08663102,0.0,0.0,0.0,0.0,0.0878053,0.0
0.0,0.0,0.04411765,0.0,0.0008681168,0.0061771553,0.0,0.0,0.0,0.0,0.0,0.0,0.0,0.0,0.0,0.0,0.0,0.0,0.0,0.0,0.0,0.007664442,0.010683291,0.011741683,0.0,0.0,0.0,0.0,1.0,0.0,0.33,0.76487935,1.0,1.0,0.09533369,0.0,0.009782657,0.0,0.0,0.0661501,0.0
0.0,0.0,0.5,0.1,0.0,0.0,0.0,0.0,0.0,0.0,0.0,0.0,0.0,0.0,0.0,0.0,0.0,0.0,0.0,0.0,0.0,0.0,0.023227893,0.02739726,1.0,1.0,0.0,0.0,0.07,0.07,0.0,0.7781495,1.0,1.0,0.08869352,0.0,0.0,0.0,0.0,0.08942753,0.0
0.0,0.0,0.029411765,0.2,0.0,0.0,0.0,0.0,0.0,0.0,0.0,0.0,0.0,0.0,0.0,0.0,0.0,0.0,0.0,0.0,0.0,0.001975596,0.0169022,0.015655577,0.0,0.0,1.0,1.0,0.03,0.07,0.0,0.7709696,1.0,1.0,0.09204871,0.0,0.0019791424,0.0,0.0,0.079515815,0.0
0.036021832,0.0,0.04411765,0.3,0.001155006,0.0,0.0,0.0,0.0,0.0,0.0,0.0,0.0,0.0,0.0,0.0,0.0,0.0,0.0,0.0,0.0,0.014213413,0.010731384,0.021526419,0.0,0.0,1.0,1.0,1.0,0.0,0.0,0.7762599,1.0,1.0,0.098267175,0.0,0.00968568,0.0,0.0,0.06865287,0.0
0.0,0.0,0.029411765,0.1,0.0,0.0,0.0,0.0,0.0,0.0,0.0,0.0,0.0,0.0,0.0,0.0,0.0,0.0,0.0,0.0,0.0,0.0,0.020451553,0.03522505,0.17,0.83,0.83,0.17,0.14,0.06,0.0,0.7636229,1.0,1.0,0.08705739,0.0,0.0,0.0,0.0,0.081138134,0.0
0.015611193,0.0,0.04411765,0.3,0.0009226168,0.0,0.0,0.0,0.0,0.023621261,0.0,0.0,0.0,0.0,0.0,0.0,0.00149481,0.006133467,0.0,0.0,0.0,0.042910695,0.009564593,0.13894325,0.0,0.0,1.0,1.0,1.0,0.0,0.0,0.82566524,1.0,1.0,0.11241389,0.0,0.009350777,0.0,0.0,0.07765022,0.0
0.0,0.0,0.13235295,0.8,0.0,3.2691223e-05,0.0,0.0,0.0,0.0,0.0,0.0,0.0,0.0,0.0,0.0,0.0,0.0,0.0,0.0,0.0,0.0,0.02308318,0.0019569471,1.0,1.0,0.0,0.0,1.0,0.0,0.0,0.68878543,0.9862523,1.0,0.0637516,0.0,0.004039079,0.0,0.0,0.06728995,0.0
0.0,1.0,0.36764705,0.0,1.6426413e-05,0.0,0.0,0.0,0.0,0.0,0.0,0.0,0.0,0.0,0.0,0.0,0.0,0.0,0.0,0.0,0.0,0.0,0.020747729,1.0,0.0,0.0,0.0,0.0,1.0,0.0,0.0,0.70974684,1.0,1.0,0.07253512,0.0,0.0023542792,0.0,0.0,0.06823385,0.0
0.0,0.0,0.029411765,0.2,0.0,0.0,0.0,0.0,0.0,0.0,0.0,0.0,0.0,0.0,0.0,0.0,0.0,0.0,0.0,0.0,0.0,0.0,0.01713907,0.0058708414,0.0,0.0,1.0,1.0,0.01,0.08,0.0,0.76684916,1.0,1.0,0.09068697,0.0,0.0022736043,0.0,0.0,0.07837248,0.0
0.0,0.0,0.3970588,0.1,0.0,0.0,0.0,0.0,0.0,0.0,0.0,0.0,0.0,0.0,0.0,0.0,0.0,0.0,0.0,0.0,0.0,0.0,0.023550406,0.007827789,1.0,1.0,0.0,0.0,0.03,0.09,0.0,0.77282846,1.0,1.0,0.08693605,0.0,0.0,0.0,0.0,0.087994516,0.0
0.0,0.0,0.47058824,0.1,0.0,0.0,0.0,0.0,0.0,0.0,0.0,0.0,0.0,0.0,0.0,0.0,0.0,0.0,0.0,0.0,0.0,0.0,0.023388721,0.023483366,1.0,1.0,0.0,0.0,0.08,0.09,0.0,0.7772547,1.0,1.0,0.08824103,0.0,0.0,0.0,0.0,0.08892915,0.0
0.0,0.0,0.029411765,0.1,0.0,0.0,0.0,0.0,0.0,0.0,0.0,0.0,0.0,0.0,0.0,0.0,0.0,0.0,0.0,0.0,0.0,0.0,0.021671452,0.037181996,0.73,0.84,0.27,0.16,0.07,0.06,0.0,0.77957475,1.0,1.0,0.09043173,0.0,0.0,0.0,0.0,0.08838555,0.0
0.0,0.0,0.04411765,0.2,0.0,0.0,0.0,0.0,0.0,0.0,0.0,0.0,0.0,0.0,0.0,0.0,0.0,0.0,0.0,0.0,0.0,0.0044634044,0.01664894,0.031311154,0.0,0.0,1.0,1.0,0.06,0.06,0.0,0.775228,1.0,1.0,0.0934281,0.0,0.0018921793,0.0,0.0,0.08037931,0.0
0.0,0.0,0.20588236,0.2,0.0,0.0,0.0,0.0,0.0,0.0,0.0,0.0,0.0,0.0,0.0,0.0,0.0,0.0,0.0,0.0,0.0,0.0043931603,0.01673618,0.0332681,0.0,0.0,1.0,1.0,0.07,0.06,0.0,0.7745997,1.0,1.0,0.09311109,0.0,0.0022735596,0.0,0.0,0.07973683,0.0
0.0,0.0,0.029411765,0.1,0.0,0.0,0.0,0.0,0.0,0.0,0.0,0.0,0.0,0.0,0.0,0.0,0.0,0.0,0.0,0.0,0.0,0.0,0.023497917,0.02739726,1.0,1.0,0.0,0.0,0.12,0.07,0.0,0.77448475,1.0,1.0,0.08736596,0.0,0.0,0.0,0.0,0.08810678,0.0
0.0,0.0,0.029411765,0.1,0.0,0.0,0.0,0.0,0.0,0.0,0.0,0.0,0.0,0.0,0.0,0.0,0.0,0.0,0.0,0.0,0.0,0.0,0.02346789,0.0058708414,1.0,1.0,0.0,0.0,0.02,0.08,0.0,0.7731366,1.0,1.0,0.087141626,0.0,0.0,0.0,0.0,0.08831334,0.0
0.0,0.0,0.60294116,0.5,0.0,0.0,0.0,0.0,0.0,0.0,0.0,0.0,0.0,0.0,0.0,0.0,0.0,0.0,0.0,0.0,0.0,0.0,0.017126337,0.0058708414,0.0,0.0,1.0,1.0,0.01,0.07,0.0,0.76713383,1.0,1.0,0.09078076,0.0,0.00223127,0.0,0.0,0.07848954,0.0
0.0,0.0,0.029411765,0.2,0.0,0.0,0.0,0.0,0.0,0.0,0.0,0.0,0.0,0.0,0.0,0.0,0.0,0.0,0.0,0.0,0.0,0.0036650002,0.01676821,0.025440313,0.0,0.0,1.0,1.0,0.05,0.06,0.0,0.77377367,1.0,1.0,0.092909895,0.0,0.0019924492,0.0,0.0,0.080020726,0.0
0.0,0.0,0.04411765,0.0,0.0008681168,0.0061771553,0.0,0.0,0.0,0.0,0.0,0.0,0.0,0.0,0.0,0.0,0.0,0.0,0.0,0.0,0.0,0.009180218,0.010685593,0.023483366,0.0,0.0,0.6,0.25,1.0,0.0,0.25,0.76752365,1.0,1.0,0.09602701,0.0,0.009747624,0.0,0.0,0.06674519,0.0
0.0,0.0,0.029411765,0.2,0.0,0.0,0.0,0.0,0.0,0.0,0.0,0.0,0.0,0.0,0.0,0.0,0.0,0.0,0.0,0.0,0.0,0.0,0.01708965,0.0058708414,0.0,0.0,1.0,1.0,0.01,0.07,0.0,0.7669797,1.0,1.0,0.09079649,0.0,0.0021419525,0.0,0.0,0.07852316,0.0
0.0,0.0,0.04411765,0.1,0.0,0.0,0.0,0.0,0.0,0.056713402,0.0,0.0,0.0,0.0,0.0,0.0,0.002600804,0.025851786,0.0,0.0,0.0,0.07201657,0.015549138,0.16242662,1.0,1.0,0.0,0.0,1.0,0.0,0.0,0.89009356,1.0,1.0,0.12426657,0.0,0.0020643175,0.0,0.0,0.10468188,0.0
0.0,1.0,0.36764705,0.0,1.6426413e-05,0.0,0.0,0.0,0.0,0.0041238368,0.0,0.0,0.0,0.0,0.0,0.0,0.0,0.0,0.0,0.0,0.0,0.016184181,0.014809571,0.6262231,0.0,0.0,0.0,0.0,1.0,0.0,0.0,0.78654945,1.0,1.0,0.09794941,0.0,0.0037714243,0.0,0.0,0.08698377,0.0
0.0,0.0,0.20588236,0.2,0.0,0.0,0.0,0.0,0.0,0.0,0.0,0.0,0.0,0.0,0.0,0.0,0.0,0.0,0.0,0.0,0.0,0.0001976192,0.01710625,0.0039138943,0.0,0.0,1.0,1.0,0.01,0.08,0.0,0.76785946,1.0,1.0,0.09101241,0.0,0.0020973831,0.0,0.0,0.07881272,0.0
0.0,0.0,0.029411765,0.2,0.0,0.0,0.0,0.0,0.0,0.0,0.0,0.0,0.0,0.0,0.0,0.0,0.0,0.0,0.0,0.0,0.0,0.005914122,0.016570754,0.037181996,0.0,0.0,1.0,1.0,0.07,0.06,0.0,0.777702,1.0,1.0,0.09414946,0.0,0.0018648803,0.0,0.0,0.08096334,0.0
0.0,1.0,0.36764705,0.0,2.3557259e-05,0.0,0.0,0.33333334,0.0,0.0,0.0,0.0,0.0,0.0,0.0,0.0,0.0,0.0,0.0,0.0,0.0,0.0,0.031534083,0.0058708414,0.0,0.0,0.0,0.0,1.0,0.0,0.67,0.65203595,0.93990153,1.0,0.044868134,0.0,0.009352818,0.0,0.0,0.05908574,0.0
0.0,1.0,0.36764705,0.0,1.6426413e-05,0.0,0.0,0.0,0.0,0.0,0.0,0.0,0.0,0.0,0.0,0.0,0.0,0.0,0.0,0.0,0.0,0.011774749,0.014257051,0.16829745,0.0,0.0,0.0,0.0,1.0,0.0,0.0,0.7772908,1.0,1.0,0.09597211,0.0,0.0048049837,0.0,0.0,0.08262503,0.0
0.0,1.0,0.36764705,0.0,8.276875e-06,0.0,0.0,0.0,0.0,0.00041377544,0.0,0.0,0.0,0.0,0.0,0.0,0.0,0.0,0.0,0.0,0.0,0.012927026,0.014403775,0.28767124,0.0,0.0,0.0,0.0,1.0,0.0,0.0,0.77967584,1.0,1.0,0.096473254,0.0,0.0045479834,0.0,0.0,0.08378491,0.0
0.0,0.0,0.5,0.1,0.0,0.0,0.0,0.0,0.0,0.0,0.0,0.0,0.0,0.0,0.0,0.0,0.0,0.0,0.0,0.0,0.0,0.0,0.023359627,0.023483366,1.0,1.0,0.0,0.0,0.08,0.09,0.0,0.7788546,1.0,1.0,0.088685565,0.0,0.0,0.0,0.0,0.08931491,0.0
0.0,0.0,0.32352942,0.5,0.0,0.0,0.0,0.0,0.0,0.0,0.0,0.0,0.0,0.0,0.0,0.0,0.0,0.0,0.0,0.0,0.0,0.00060117245,0.017057806,0.0058708414,0.0,0.0,1.0,1.0,0.01,0.07,0.0,0.7686517,1.0,1.0,0.09128132,0.0,0.0020057708,0.0,0.0,0.07911381,0.0
0.0,0.0,0.60294116,0.5,0.0,0.0,0.0,0.0,0.0,0.0,0.0,0.0,0.0,0.0,0.0,0.0,0.0,0.0,0.0,0.0,0.0,0.0010831654,0.016988434,0.007827789,0.0,0.0,1.0,1.0,0.02,0.07,0.0,0.7695651,1.0,1.0,0.091605745,0.0,0.0019336343,0.0,0.0,0.07929936,0.0
0.0,0.0,0.029411765,0.2,0.0,0.0,0.0,0.0,0.0,0.0,0.0,0.0,0.0,0.0,0.0,0.0,0.0,0.0,0.0,0.0,0.0,0.0,0.017087422,0.009784736,0.0,0.0,1.0,1.0,0.02,0.06,0.0,0.7661239,1.0,1.0,0.09054523,0.0,0.0023587197,0.0,0.0,0.07795629,0.0
0.0,0.0,0.13235295,0.8,0.0,3.2691223e-05,0.0,0.0,0.0,0.011817008,0.0,0.0,0.0,0.0,0.0,0.0,0.0,0.0,0.0,0.0,0.0,0.017867833,0.01881624,0.0019569471,1.0,1.0,0.0,0.0,1.0,0.0,0.0,0.80408263,1.0,1.0,0.09891497,0.0,0.0,0.0,0.0,0.09227857,0.0
0.014190419,0.0,0.04411765,0.3,0.0009226168,0.0,0.0,0.0,0.0,0.0066848993,0.0,0.0,0.0,0.0,0.0,0.0,0.0,0.0,0.0,0.0,0.0,0.024076462,0.0101849735,0.08806262,0.0,0.0,1.0,1.0,1.0,0.0,0.0,0.7932178,1.0,1.0,0.10327121,0.0,0.009538263,0.0,0.0,0.07174024,0.0
0.0,0.0,0.3529412,0.2,0.0,0.0,0.0,0.0,0.0,0.0,0.0,0.0,0.0,0.0,0.0,0.0,0.0,0.0,0.0,0.0,0.0,0.00038304925,0.017031334,0.025440313,0.0,0.0,1.0,1.0,0.09,0.06,0.0,0.766979,1.0,1.0,0.090735815,0.0,0.0028895885,0.0,0.0,0.07732302,0.0
0.0,0.0,0.13235295,0.8,0.0,3.2691223e-05,0.0,0.0,0.0,0.024317712,0.0,0.0,0.0,0.0,0.0,0.0,0.0,0.0,0.0,0.0,0.0,0.032022595,0.018974341,0.0019569471,1.0,1.0,0.0,0.0,1.0,0.0,0.0,0.82843614,1.0,1.0,0.10513117,0.0,0.0,0.0,0.0,0.097426355,0.0
0.0,0.0,0.029411765,0.2,0.0,0.0,0.0,0.0,0.0,0.0,0.0,0.0,0.0,0.0,0.0,0.0,0.0,0.0,0.0,0.0,0.0,0.00019726157,0.019017756,0.039138943,0.16,0.4,0.84,0.6,0.15,0.06,0.0,0.77135146,1.0,1.0,0.09019969,0.0,0.0007567853,0.0,0.0,0.08184105,0.0
0.0,0.0,0.029411765,0.1,0.0,0.0,0.0,0.0,0.0,0.0,0.0,0.0,0.0,0.0,0.0,0.0,0.0,0.0,0.0,0.0,0.0,0.0,0.023028515,0.029354207,1.0,1.0,0.0,0.0,0.06,0.06,0.0,0.78166735,1.0,1.0,0.08987396,0.0,0.0,0.0,0.0,0.09048754,0.0
0.0,0.0,0.029411765,0.2,0.0,0.0,0.0,0.0,0.0,0.0,0.0,0.0,0.0,0.0,0.0,0.0,0.0,0.0,0.0,0.0,0.0,0.001023978,0.016997933,0.03522505,0.0,0.0,1.0,1.0,0.18,0.06,0.0,0.76755357,1.0,1.0,0.09086182,0.0,0.0032341331,0.0,0.0,0.07691106,0.0
0.0,0.0,0.5147059,0.2,0.0,0.0,0.0,0.0,0.0,0.0,0.0,0.0,0.0,0.0,0.0,0.0,0.0,0.0,0.0,0.0,0.0,0.0026262403,0.016863123,0.039138943,0.0,0.0,1.0,1.0,0.14,0.06,0.0,0.77059925,1.0,1.0,0.09183053,0.0,0.0029836446,0.0,0.0,0.07785183,0.0
0.0,0.0,0.029411765,0.1,0.0,0.0,0.0,0.0,0.0,0.0,0.0,0.0,0.0,0.0,0.0,0.0,0.0,0.0,0.0,0.0,0.0,0.0,0.023473151,0.031311154,1.0,1.0,0.0,0.0,0.12,0.05,0.0,0.7743881,1.0,1.0,0.0873686,0.0,0.0,0.0,0.0,0.088047445,0.0
0.0,0.0,0.19117647,0.2,0.0,0.0,0.0,0.0,0.0,0.0,0.0,0.0,0.0,0.0,0.0,0.0,0.0,0.0,0.0,0.0,0.0,0.0024556518,0.016842209,0.023483366,0.0,0.0,1.0,1.0,0.05,0.06,0.0,0.77145195,1.0,1.0,0.09220306,0.0,0.0021990538,0.0,0.0,0.07918745,0.0
0.0,0.0,0.029411765,0.1,0.0,0.0,0.0,0.0,0.0,0.0,0.0,0.0,0.0,0.0,0.0,0.0,0.0,0.0,0.0,0.0,0.0,0.0,0.023720294,0.007827789,1.0,1.0,0.0,0.0,0.04,0.07,0.0,0.7687173,1.0,1.0,0.085649185,0.0,0.0,0.0,0.0,0.086799115,0.0
0.0,0.0,0.7941176,0.2,0.0,0.0,0.0,0.0,0.0,0.0,0.0,0.0,0.0,0.0,0.0,0.0,0.0,0.0,0.0,0.0,0.0,0.0,0.017056055,0.023483366,0.0,0.0,1.0,1.0,0.09,0.06,0.0,0.765748,1.0,1.0,0.09038874,0.0,0.002934143,0.0,0.0,0.07693842,0.0
0.0,0.0,0.19117647,0.1,0.0,0.0,0.0,0.0,0.0,0.0,0.0,0.0,0.0,0.0,0.0,0.0,0.0,0.0,0.0,0.0,0.0,0.0,0.023464255,0.0039138943,1.0,1.0,0.0,0.0,0.01,0.06,0.0,0.7720212,1.0,1.0,0.08687589,0.0,0.0,0.0,0.0,0.0881097,0.0
0.0137919085,0.0,0.04411765,0.3,0.0008993779,0.0,0.0,0.0,0.0,0.020558625,0.0,0.0,0.0,0.0,0.0,0.0,0.0010175109,0.003151387,0.0,0.0,0.0,0.039351016,0.00978031,0.13894325,0.03,0.03,0.97,0.97,1.0,0.0,0.0,0.8196875,1.0,1.0,0.11063158,0.0,0.009254113,0.0,0.0,0.07712534,0.0
0.0,0.0,0.029411765,0.1,0.0,0.0,0.0,0.0,0.0,0.0,0.0,0.0,0.0,0.0,0.0,0.0,0.0,0.0,0.0,0.0,0.0,0.0,0.023331724,0.039138943,1.0,1.0,0.0,0.0,0.14,0.06,0.0,0.77787006,1.0,1.0,0.08841585,0.0,0.0,0.0,0.0,0.08888945,0.0
0.0,0.0,0.60294116,0.1,0.0,0.0,0.0,0.0,0.0,0.0,0.0,0.0,0.0,0.0,0.0,0.0,0.0,0.0,0.0,0.0,0.0,0.0,0.023197196,0.0039138943,1.0,1.0,0.0,0.0,0.01,0.06,0.0,0.7756456,1.0,1.0,0.08818891,0.0,0.0,0.0,0.0,0.08941591,0.0
0.0,0.0,0.029411765,0.2,0.0,0.0,0.0,0.0,0.0,0.0,0.0,0.0,0.0,0.0,0.0,0.0,0.0,0.0,0.0,0.0,0.0,0.00415653,0.016781986,0.031311154,0.0,0.0,1.0,1.0,0.07,0.07,0.0,0.77420795,1.0,1.0,0.09295871,0.0,0.00226821,0.0,0.0,0.079765886,0.0
0.0,0.0,0.029411765,0.2,0.0,0.0,0.0,0.0,0.0,0.0,0.0,0.0,0.0,0.0,0.0,0.0,0.0,0.0,0.0,0.0,0.0,0.0,0.017197385,0.015655577,0.0,0.0,1.0,1.0,0.06,0.06,0.0,0.76486075,1.0,1.0,0.090039216,0.0,0.0027695298,0.0,0.0,0.077116996,0.0
0.0,0.0,0.029411765,0.1,0.0,0.0,0.0,0.0,0.0,0.0,0.0,0.0,0.0,0.0,0.0,0.0,0.0,0.0,0.0,0.0,0.0,0.0,0.023259297,0.02739726,1.0,1.0,0.0,0.0,0.07,0.08,0.0,0.7783252,1.0,1.0,0.08868969,0.0,0.0,0.0,0.0,0.08939546,0.0
0.0,0.0,0.029411765,0.2,0.0,0.0,0.0,0.0,0.0,0.0,0.0,0.0,0.0,0.0,0.0,0.0,0.0,0.0,0.0,0.0,0.0,0.0007739067,0.016979836,0.0332681,0.0,0.0,1.0,1.0,0.14,0.06,0.0,0.7672715,1.0,1.0,0.09082761,0.0,0.0031377673,0.0,0.0,0.076916665,0.0
0.0,0.0,0.029411765,0.1,0.0,0.0,0.0,0.0,0.0,0.0,0.0,0.0,0.0,0.0,0.0,0.0,0.0,0.0,0.0,0.0,0.0,0.0,0.02356439,0.025440313,1.0,1.0,0.0,0.0,0.12,0.05,0.0,0.77302146,1.0,1.0,0.086906694,0.0,0.0,0.0,0.0,0.08768231,0.0
0.12797366,0.0,0.13235295,0.0,0.0,3.2691223e-05,0.0,0.0,0.0,0.0,0.0,0.0,0.0,0.0,0.0,0.0,0.0,0.0,0.0,0.0,0.0,0.0,0.018257692,0.0019569471,0.0,0.0,0.0,0.0,1.0,0.0,0.0,0.733927,1.0,1.0,0.0803264,0.0,0.0041790158,0.0,0.0,0.075113654,0.0
0.0,0.0,0.4852941,0.1,0.0,0.0,0.0,0.0,0.0,0.0,0.0,0.0,0.0,0.0,0.0,0.0,0.0,0.0,0.0,0.0,0.0,0.0,0.023466371,0.017612524,1.0,1.0,0.0,0.0,0.06,0.09,0.0,0.775471,1.0,1.0,0.08769544,0.0,0.0,0.0,0.0,0.088508934,0.0
0.0,0.0,0.89705884,0.2,0.0,0.0,0.0,0.0,0.0,0.0,0.0,0.0,0.0,0.0,0.0,0.0,0.0,0.0,0.0,0.0,0.0,0.004618287,0.016704865,0.03522505,0.0,0.0,1.0,1.0,0.08,0.06,0.0,0.7750125,1.0,1.0,0.09325489,0.0,0.0022383183,0.0,0.0,0.07988185,0.0
0.0,0.0,0.029411765,0.2,0.0,0.0,0.0,0.0,0.0,0.0,0.0,0.0,0.0,0.0,0.0,0.0,0.0,0.0,0.0,0.0,0.0,0.0,0.017133132,0.023483366,0.0,0.0,1.0,1.0,0.11,0.06,0.0,0.76404047,1.0,1.0,0.08982565,0.0,0.003187865,0.0,0.0,0.0762361,0.0
0.0,0.0,0.029411765,0.2,0.0,0.0,0.0,0.0,0.0,0.0,0.0,0.0,0.0,0.0,0.0,0.0,0.0,0.0,0.0,0.0,0.0,0.0027050376,0.01679872,0.02739726,0.0,0.0,1.0,1.0,0.06,0.06,0.0,0.77185035,1.0,1.0,0.09234991,0.0,0.0021920353,0.0,0.0,0.07930195,0.0
0.0,0.0,0.029411765,0.2,0.0,0.0,0.0,0.0,0.0,0.0,0.0,0.0,0.0,0.0,0.0,0.0,0.0,0.0,0.0,0.0,0.0,0.0,0.019129634,0.017612524,0.0,0.0,1.0,1.0,0.03,0.06,0.0,0.7429533,1.0,1.0,0.082520984,0.0,0.0019654632,0.0,0.0,0.074830145,0.0
0.0,0.0,0.13235295,0.8,0.0,3.2691223e-05,0.0,0.0,0.0,0.0,0.0,0.0,0.0,0.0,0.0,0.0,0.0,0.0,0.0,0.0,0.0,0.0,0.021817565,0.0019569471,1.0,1.0,0.0,0.0,1.0,0.0,0.0,0.6953565,0.9944229,1.0,0.066867195,0.0,0.0035894066,0.0,0.0,0.06813502,0.0
0.0,0.0,0.029411765,0.2,0.0,0.0,0.0,0.0,0.0,0.0,0.0,0.0,0.0,0.0,0.0,0.0,0.0,0.0,0.0,0.0,0.0,0.0011840761,0.01696419,0.023483366,0.0,0.0,1.0,1.0,0.07,0.06,0.0,0.76874816,1.0,1.0,0.09131151,0.0,0.0026007444,0.0,0.0,0.07807541,0.0
0.0,0.5,0.029411765,0.0,4.4567784e-07,0.0,0.0,1.0,0.0,0.0,0.0,0.0,0.0,0.0,0.0,0.0,0.0,0.0,0.0,0.0,0.0,0.0,0.02906277,0.019569471,0.0,0.0,0.0,0.0,1.0,0.0,0.0,0.66451895,0.9555108,1.0,0.0509974,0.0,0.0056362003,0.0,0.0,0.06350215,0.0
0.0,0.0,0.029411765,0.2,0.0,0.0,0.0,0.0,0.0,0.0,0.0,0.0,0.0,0.0,0.0,0.0,0.0,0.0,0.0,0.0,0.0,0.00043931603,0.01701194,0.0332681,0.0,0.0,1.0,1.0,0.16,0.06,0.0,0.7665601,1.0,1.0,0.090593,0.0,0.003243491,0.0,0.0,0.076624095,0.0
0.12769644,0.0,0.13235295,0.0,0.0,3.2691223e-05,0.0,0.0,0.0,0.017799228,0.0,0.0,0.0,0.0,0.0,0.0,0.0,0.0,0.0,0.0,0.0,0.027522981,0.01815112,0.0019569471,0.0,0.0,0.0,0.0,1.0,0.0,0.0,0.81546104,1.0,1.0,0.10213696,0.0,0.0014546663,0.0,0.0,0.09431097,0.0
0.013843888,0.0,0.04411765,0.3,0.001155006,0.0,0.0,0.0,0.0,0.0,0.0,0.0,0.0,0.0,0.0,0.0,0.0,0.0,0.0,0.0,0.0,0.005040467,0.011150435,0.02739726,0.0,0.0,1.0,1.0,1.0,0.0,0.0,0.7607466,1.0,1.0,0.09379514,0.0,0.009731352,0.0,0.0,0.065552235,0.0
0.0,0.0,0.45588234,0.1,0.0,0.0,0.0,0.0,0.0,0.0,0.0,0.0,0.0,0.0,0.0,0.0,0.0,0.0,0.0,0.0,0.0,0.0,0.02348429,0.025440313,1.0,1.0,0.0,0.0,0.09,0.07,0.0,0.7741089,1.0,1.0,0.08730062,0.0,0.0,0.0,0.0,0.08807421,0.0
0.0,0.0,0.029411765,0.2,0.0,0.0,0.0,0.0,0.0,0.0,0.0,0.0,0.0,0.0,0.0,0.0,0.0,0.0,0.0,0.0,0.0,0.0,0.017307825,0.0058708414,0.0,0.0,1.0,1.0,0.02,0.06,0.0,0.761181,1.0,1.0,0.088950954,0.0,0.0028911382,0.0,0.0,0.076235116,0.0
0.0,0.0,0.5588235,0.5,0.0,0.0,0.0,0.0,0.0,0.0,0.0,0.0,0.0,0.0,0.0,0.0,0.0,0.0,0.0,0.0,0.0,0.0020968318,0.016885221,0.037181996,0.0,0.0,1.0,1.0,0.13,0.06,0.0,0.7697687,1.0,1.0,0.09159999,0.0,0.0029312223,0.0,0.0,0.07779738,0.0
0.0,0.0,0.04411765,0.1,0.0,0.0,0.0,0.0,0.0,0.037970692,0.0,0.0,0.0,0.0,0.0,0.0,0.0013717711,0.014489114,0.0,0.0,0.0,0.05482298,0.013396375,0.07632094,0.62,0.62,0.36,0.36,1.0,0.0,0.0,0.85442746,1.0,1.0,0.1166568,0.0,0.0054837167,0.0,0.0,0.090501785,0.0
0.0,0.0,0.5294118,0.2,0.0,0.0,0.0,0.0,0.0,0.0,0.0,0.0,0.0,0.0,0.0,0.0,0.0,0.0,0.0,0.0,0.0,0.0,0.01725655,0.009784736,0.0,0.0,1.0,1.0,0.04,0.07,0.0,0.76237667,1.0,1.0,0.08930958,0.0,0.0029153973,0.0,0.0,0.07641512,0.0
0.0,0.0,0.44117647,0.2,0.0,0.0,0.0,0.0,0.0,0.0,0.0,0.0,0.0,0.0,0.0,0.0,0.0,0.0,0.0,0.0,0.0,0.0,0.017091796,0.02739726,0.0,0.0,1.0,1.0,0.13,0.07,0.0,0.76439154,1.0,1.0,0.08995684,0.0,0.0031878948,0.0,0.0,0.07633111,0.0
0.0,0.0,0.029411765,0.1,0.0,0.0,0.0,0.0,0.0,0.0,0.0,0.0,0.0,0.0,0.0,0.0,0.0,0.0,0.0,0.0,0.0,0.0,0.023508884,0.011741683,1.0,1.0,0.0,0.0,0.04,0.09,0.0,0.77330947,1.0,1.0,0.08710369,0.0,0.0,0.0,0.0,0.088153034,0.0
0.0,1.0,0.36764705,0.0,1.6044403e-05,0.0,0.0,0.0,0.0,0.0026802123,0.0,0.0,0.0,0.0,0.0,0.0,0.0,0.0,0.0,0.0,0.0,0.014948249,0.014661178,0.4970646,0.0,0.0,0.0,0.0,1.0,0.0,0.0,0.78385913,1.0,1.0,0.09735238,0.0,0.0040971637,0.0,0.0,0.085819334,0.0
0.0,1.0,0.36764705,0.0,8.08587e-06,0.0,0.0,0.0,0.0,0.0032522082,0.0,0.0,0.0,0.0,0.0,0.0,0.0,0.0,0.0,0.0,0.0,0.015458286,0.014726102,0.54990214,0.0,0.0,0.0,0.0,1.0,0.0,0.0,0.78491485,1.0,1.0,0.0975742,0.0,0.0039833933,0.0,0.0,0.08633271,0.0
0.0,0.0,0.029411765,0.1,0.0,0.0,0.0,0.0,0.0,0.0,0.0,0.0,0.0,0.0,0.0,0.0,0.0,0.0,0.0,0.0,0.0,0.0,0.023469135,0.009784736,1.0,1.0,0.0,0.0,0.03,0.1,0.0,0.7744931,1.0,1.0,0.08746826,0.0,0.0,0.0,0.0,0.08849162,0.0
0.0,0.0,0.029411765,0.2,0.0,0.0,0.0,0.0,0.0,0.0,0.0,0.0,0.0,0.0,0.0,0.0,0.0,0.0,0.0,0.0,0.0,0.00090277195,0.017014273,0.021526419,0.0,0.0,1.0,1.0,0.06,0.07,0.0,0.76826155,1.0,1.0,0.091127865,0.0,0.0026094466,0.0,0.0,0.078065395,0.0
0.0,0.0,0.029411765,0.2,0.0,0.0,0.0,0.0,0.0,0.0,0.0,0.0,0.0,0.0,0.0,0.0,0.0,0.0,0.0,0.0,0.0,0.0022101998,0.01686579,0.023483366,0.0,0.0,1.0,1.0,0.05,0.07,0.0,0.7709302,1.0,1.0,0.09203098,0.0,0.002276495,0.0,0.0,0.078972846,0.0
0.0,0.0,0.029411765,0.2,0.0,0.0,0.0,0.0,0.0,0.0,0.0,0.0,0.0,0.0,0.0,0.0,0.0,0.0,0.0,0.0,0.0,0.0017498136,0.016872048,0.015655577,0.0,0.0,1.0,1.0,0.03,0.05,0.0,0.7706733,1.0,1.0,0.092017524,0.0,0.00191091,0.0,0.0,0.07949081,0.0
0.0,0.0,0.13235295,0.5,0.0,0.0,0.0,0.0,0.0,0.0,0.0,0.0,0.0,0.0,0.0,0.0,0.0,0.0,0.0,0.0,0.0,0.0,0.017318033,0.007827789,0.0,0.0,1.0,1.0,0.04,0.08,0.0,0.76226044,1.0,1.0,0.08919703,0.0,0.0030188411,0.0,0.0,0.07629499,0.0
0.0,0.0,0.04411765,0.2,0.0,0.0,0.0,0.0,0.0,0.0,0.0,0.0,0.0,0.0,0.0,0.0,0.0,0.0,0.0,0.0,0.0,0.0018106997,0.016894318,0.025440313,0.0,0.0,1.0,1.0,0.06,0.06,0.0,0.77001476,1.0,1.0,0.091736875,0.0,0.0024386495,0.0,0.0,0.07857159,0.0
0.0,0.0,0.45588234,0.2,0.0,0.0,0.0,0.0,0.0,0.0,0.0,0.0,0.0,0.0,0.0,0.0,0.0,0.0,0.0,0.0,0.0,0.0026874542,0.01684305,0.021526419,0.0,0.0,1.0,1.0,0.04,0.06,0.0,0.7720562,1.0,1.0,0.092379145,0.0,0.002045691,0.0,0.0,0.07962614,0.0
0.0,0.0,0.7941176,0.2,0.0,0.0,0.0,0.0,0.0,0.0,0.0,0.0,0.0,0.0,0.0,0.0,0.0,0.0,0.0,0.0,0.0,0.0,0.01726649,0.007827789,0.0,0.0,1.0,1.0,0.03,0.07,0.0,0.7624383,1.0,1.0,0.0893222,0.0,0.002880171,0.0,0.0,0.0764651,0.0
0.0,0.0,0.04411765,0.1,0.0,0.0,0.0,0.0,0.0,0.044393808,0.0,0.0,0.0,0.0,0.0,0.0,0.001922898,0.018905044,0.0,0.0,0.0,0.06123811,0.013678446,0.08414873,0.86,0.86,0.12,0.12,1.0,0.0,0.0,0.86658645,1.0,1.0,0.11963449,0.0,0.0047855377,0.0,0.0,0.09438959,0.0
1.7326518e-05,0.0,0.22058824,0.0,4.1368454e-05,0.00021769383,0.0,0.0,0.0,0.0,0.0,0.0,0.0,0.0,0.0,0.0,0.0,0.0,0.0,0.0,0.0,0.0023412406,0.01257091,0.0058708414,0.0,0.0,0.0,0.0,1.0,0.0,0.0,0.7574738,1.0,1.0,0.09153151,0.0,0.008177474,0.0,0.0,0.07292646,0.0
0.0,0.0,0.42647058,0.2,0.0,0.0,0.0,0.0,0.0,0.0,0.0,0.0,0.0,0.0,0.0,0.0,0.0,0.0,0.0,0.0,0.0,0.0,0.01720076,0.01369863,0.0,0.0,1.0,1.0,0.05,0.06,0.0,0.7627069,1.0,1.0,0.08944938,0.0,0.0029560179,0.0,0.0,0.07633597,0.0
0.03577926,0.0,0.04411765,0.3,0.0008993779,0.0,0.0,0.0,0.0,0.035384446,0.0,0.0,0.0,0.0,0.0,0.0,0.0024707988,0.016444206,0.0,0.0,0.0,0.056170106,0.009537958,0.017612524,0.0,0.0,1.0,1.0,1.0,0.0,0.0,0.8487276,1.0,1.0,0.11849012,0.0,0.009315059,0.0,0.0,0.08157569,0.0
0.0,0.0,0.029411765,0.1,0.0,0.0,0.0,0.0,0.0,0.0,0.0,0.0,0.0,0.0,0.0,0.0,0.0,0.0,0.0,0.0,0.0,0.0,0.022370264,0.023483366,0.75,0.83,0.25,0.17,0.09,0.06,0.0,0.77154136,1.0,1.0,0.087519936,0.0,0.0,0.0,0.0,0.0860129,0.0
0.0,0.0,0.04411765,0.1,0.0,0.0,0.0,0.0,0.0,0.031143218,0.0,0.0,0.0,0.0,0.0,0.0,0.0012692288,0.010380089,0.0,0.0,0.0,0.047997117,0.01283896,0.09393346,0.06,0.06,0.94,0.94,1.0,0.0,0.0,0.84153295,1.0,1.0,0.11378818,0.0,0.0062505603,0.0,0.0,0.085540414,0.0
0.0,1.0,0.36764705,0.0,1.6426413e-05,0.0,0.0,0.0,0.0,0.0,0.0,0.0,0.0,0.0,0.0,0.0,0.0,0.0,0.0,0.0,0.0,0.0,0.023607947,0.99804306,0.0,0.0,0.0,0.0,1.0,0.0,0.0,0.68993866,0.98771137,1.0,0.06424414,0.0,0.0017655343,0.0,0.0,0.0680055,0.0
0.0,0.0,0.029411765,0.2,0.0,0.0,0.0,0.0,0.0,0.0,0.0,0.0,0.0,0.0,0.0,0.0,0.0,0.0,0.0,0.0,0.0,0.0,0.01718454,0.015655577,0.0,0.0,1.0,1.0,0.06,0.07,0.0,0.76374793,1.0,1.0,0.08973386,0.0,0.0029397309,0.0,0.0,0.07664251,0.0
0.0,0.0,0.13235295,0.8,0.0,3.2691223e-05,0.0,0.0,0.0,0.0,0.0,0.0,0.0,0.0,0.0,0.0,0.0,0.0,0.0,0.0,0.0,0.0,0.019778319,0.0019569471,1.0,1.0,0.0,0.0,1.0,0.0,0.0,0.75249064,1.0,1.0,0.084090106,0.0,0.0018714517,0.0,0.0,0.0814248,0.0
1.7326518e-05,0.0,0.22058824,0.0,4.1368454e-05,0.00021769383,0.0,0.0,0.0,0.0,0.0,0.0,0.0,0.0,0.0,0.0,0.0,0.0,0.0,0.0,0.0,0.0,0.013636932,0.0039138943,0.0,0.0,0.33,0.0,0.67,0.67,0.0,0.75225747,1.0,1.0,0.089349456,0.0,0.006988764,0.0,0.0,0.07300657,0.0
0.0,0.0,0.13235295,0.8,0.0,3.2691223e-05,0.0,0.0,0.0,0.022265196,0.0,0.0,0.0,0.0,0.0,0.0,0.0,0.0,0.0,0.0,0.0,0.029724568,0.019002445,0.0019569471,1.0,1.0,0.0,0.0,1.0,0.0,0.0,0.8244934,1.0,1.0,0.104070656,0.0,0.0,0.0,0.0,0.09659654,0.0
0.0,0.0,0.029411765,0.2,0.0,0.0,0.0,0.0,0.0,0.0,0.0,0.0,0.0,0.0,0.0,0.0,0.0,0.0,0.0,0.0,0.0,0.0,0.017198578,0.01369863,0.0,0.0,1.0,1.0,0.05,0.06,0.0,0.7627543,1.0,1.0,0.089465015,0.0,0.0029490143,0.0,0.0,0.07635549,0.0
0.0,0.0,0.04411765,0.1,0.0,0.0,0.0,0.0,0.0,0.040561557,0.0,0.0,0.0,0.0,0.0,0.0,0.0015514046,0.016288102,0.0,0.0,0.0,0.05744195,0.013529323,0.06849315,0.83,0.83,0.14,0.14,1.0,0.0,0.0,0.85936177,1.0,1.0,0.11784219,0.0,0.0052248985,0.0,0.0,0.092056125,0.0
0.0,0.0,0.029411765,0.1,0.0,0.0,0.0,0.0,0.0,0.0,0.0,0.0,0.0,0.0,0.0,0.0,0.0,0.0,0.0,0.0,0.0,0.0,0.023212604,0.0332681,1.0,1.0,0.0,0.0,0.09,0.08,0.0,0.7811456,1.0,1.0,0.08945268,0.0,0.0,0.0,0.0,0.08989343,0.0
0.0,0.0,0.04411765,0.2,0.0,0.0,0.0,0.0,0.0,0.0029166043,0.0,0.0,0.0,0.0,0.0,0.0,0.0,0.0,0.0,0.0,0.0,0.01375556,0.016201034,0.02739726,0.0,0.0,1.0,1.0,0.34,0.1,0.0,0.7879503,1.0,1.0,0.09683343,0.0,0.0038803369,0.0,0.0,0.08014044,0.0
0.0,1.0,0.36764705,0.0,1.6044403e-05,0.0,0.0,0.0,0.0,0.0012186766,0.0,0.0,0.0,0.0,0.0,0.0,0.0,0.0,0.0,0.0,0.0,0.0136448145,0.014495164,0.3620352,0.0,0.0,0.0,0.0,1.0,0.0,0.0,0.7811614,1.0,1.0,0.09678545,0.0,0.0043878704,0.0,0.0,0.084507406,0.0
0.0,0.0,0.029411765,0.2,0.0,0.0,0.0,0.0,0.0,0.0,0.0,0.0,0.0,0.0,0.0,0.0,0.0,0.0,0.0,0.0,0.0,0.004199028,0.016840987,0.02739726,0.01,0.0,0.99,1.0,0.06,0.08,0.0,0.7745055,1.0,1.0,0.09299507,0.0,0.0021319091,0.0,0.0,0.0801115,0.0
0.0,1.0,0.36764705,0.0,1.6426413e-05,0.0,0.0,0.0,0.0,0.0,0.0,0.0,0.0,0.0,0.0,0.0,0.0,0.0,0.0,0.0,0.0,0.0,0.034884006,0.99804306,0.0,0.0,0.0,0.0,1.0,0.0,0.0,0.6417546,0.92566204,1.0,0.03933298,0.0,0.00429751,0.0,0.0,0.064232916,0.0
0.0,0.0,0.029411765,0.2,0.0,0.0,0.0,0.0,0.0,0.0,0.0,0.0,0.0,0.0,0.0,0.0,0.0,0.0,0.0,0.0,0.0,0.0030423999,0.016818203,0.02739726,0.0,0.0,1.0,1.0,0.06,0.07,0.0,0.7723839,1.0,1.0,0.09245931,0.0,0.0022249967,0.0,0.0,0.07942435,0.0
0.0,0.0,0.7941176,0.1,0.0,0.0,0.0,0.0,0.0,0.0,0.0,0.0,0.0,0.0,0.0,0.0,0.0,0.0,0.0,0.0,0.0,0.0,0.023782209,0.0019569471,1.0,1.0,0.0,0.0,0.03,0.19,0.0,0.7729181,1.0,1.0,0.08661976,0.0,0.0,0.0,0.0,0.0876866,0.0
0.0,1.0,0.36764705,0.0,8.08587e-06,0.0,0.0,0.0,0.0,0.0,0.0,0.0,0.0,0.0,0.0,0.0,0.0,0.0,0.0,0.0,0.0,0.0112167,0.014137976,0.09589041,0.0,0.0,0.0,0.0,1.0,0.0,0.0,0.77608645,1.0,1.0,0.09576016,0.0,0.004962355,0.0,0.0,0.081932425,0.0
0.0,0.0,0.029411765,0.2,0.0,0.0,0.0,0.0,0.0,0.0,0.0,0.0,0.0,0.0,0.0,0.0,0.0,0.0,0.0,0.0,0.0,0.0,0.017110415,0.021526419,0.0,0.0,1.0,1.0,0.09,0.07,0.0,0.7651665,1.0,1.0,0.09017376,0.0,0.0029570013,0.0,0.0,0.076889426,0.0
0.0,0.0,0.04411765,0.1,0.0,0.0,0.0,0.0,0.0,0.039546758,0.0,0.0,0.0,0.0,0.0,0.0,0.0014387891,0.015601128,0.0,0.0,0.0,0.056447238,0.013496205,0.06066536,0.81,0.81,0.16,0.16,1.0,0.0,0.0,0.8574587,1.0,1.0,0.1173624,0.0,0.005348861,0.0,0.0,0.091433644,0.0
0.0,0.0,0.04411765,0.0,0.0008681168,0.0061771553,0.0,0.0,0.0,0.0,0.0,0.0,0.0,0.0,0.0,0.0,0.0,0.0,0.0,0.0,0.0,0.0008275211,0.010928668,0.0058708414,0.0,0.0,0.0,0.0,1.0,0.0,0.67,0.75308347,1.0,1.0,0.09198906,0.0,0.009828031,0.0,0.0,0.064190745,0.0
0.0,0.0,0.04411765,0.2,0.0,0.0,0.0,0.0,0.0,0.0,0.0,0.0,0.0,0.0,0.0,0.0,0.0,0.0,0.0,0.0,0.0,0.00491032,0.016667046,0.037181996,0.0,0.0,1.0,1.0,0.08,0.07,0.0,0.77556753,1.0,1.0,0.09344562,0.0,0.002181977,0.0,0.0,0.08008546,0.0
0.0,0.0,0.38235295,0.1,0.0,0.0,0.0,0.0,0.0,0.0009966791,0.0,0.0,0.0,0.0,0.0,0.0,0.0,0.0,0.0,0.0,0.0,0.0012792349,0.022849478,0.039138943,1.0,1.0,0.0,0.0,0.07,0.06,0.0,0.7855985,1.0,1.0,0.09110019,0.0,0.0,0.0,0.0,0.09146634,0.0
0.0,0.0,0.029411765,0.2,0.0,0.0,0.0,0.0,0.0,0.0,0.0,0.0,0.0,0.0,0.0,0.0,0.0,0.0,0.0,0.0,0.0,0.0,0.017100379,0.02739726,0.0,0.0,1.0,1.0,0.14,0.06,0.0,0.76420176,1.0,1.0,0.08989426,0.0,0.0032160282,0.0,0.0,0.07625309,0.0
0.14228536,0.0,0.13235295,0.0,0.0,1.1144735e-05,0.0,0.0,0.0,0.0,0.0,0.0,0.0,0.0,0.0,0.0,0.0,0.0,0.0,0.0,0.0,0.0,0.036832653,0.0019569471,0.0,0.0,0.0,0.0,1.0,0.0,0.0,0.62777543,0.9079534,1.0,0.032396607,0.0,0.009661555,0.0,0.0,0.060474604,0.0
0.0,0.0,0.6911765,0.2,0.0,0.0,0.0,0.0,0.0,0.0,0.0,0.0,0.0,0.0,0.0,0.0,0.0,0.0,0.0,0.0,0.0,0.0027600229,0.016850322,0.039138943,0.0,0.0,1.0,1.0,0.14,0.05,0.0,0.7708839,1.0,1.0,0.09192438,0.0,0.002941355,0.0,0.0,0.077968925,0.0
0.0,0.0,0.029411765,0.1,0.0,0.0,0.0,0.0,0.0,0.0,0.0,0.0,0.0,0.0,0.0,0.0,0.0,0.0,0.0,0.0,0.0,0.0,0.021152139,0.0058708414,0.17,1.0,0.83,0.0,0.01,0.08,0.0,0.7584052,1.0,1.0,0.08525538,0.0,0.0,0.0,0.0,0.08122763,0.0
0.015628519,0.0,0.04411765,0.3,0.0009226168,0.0,0.0,0.0,0.0,0.015197247,0.0,0.0,0.0,0.0,0.0,0.0,0.00052592903,0.0,0.0,0.0,0.0,0.033479273,0.009841733,0.14677104,0.01,0.01,0.97,0.97,1.0,0.0,0.0,0.809428,1.0,1.0,0.10787613,0.0,0.009395421,0.0,0.0,0.074861735,0.0
0.0,0.0,0.029411765,0.1,0.0,0.0,0.0,0.0,0.0,0.0,0.0,0.0,0.0,0.0,0.0,0.0,0.0,0.0,0.0,0.0,0.0,0.0,0.02334439,0.029354207,1.0,1.0,0.0,0.0,0.09,0.06,0.0,0.7767799,1.0,1.0,0.08817088,0.0,0.0,0.0,0.0,0.0888215,0.0
0.0,0.0,0.5,0.5,0.0,0.0,0.0,0.0,0.0,0.0,0.0,0.0,0.0,0.0,0.0,0.0,0.0,0.0,0.0,0.0,0.0,0.0,0.01778344,0.0039138943,0.01,0.0,0.99,1.0,0.03,0.06,0.0,0.74267423,1.0,1.0,0.08353878,0.0,0.0034958273,0.0,0.0,0.07209465,0.0
0.0,0.0,0.13235295,0.1,0.0,0.0,0.0,0.0,0.0,0.0,0.0,0.0,0.0,0.0,0.0,0.0,0.0,0.0,0.0,0.0,0.0,0.0,0.02337733,0.019569471,1.0,1.0,0.0,0.0,0.06,0.08,0.0,0.7766377,1.0,1.0,0.08811479,0.0,0.0,0.0,0.0,0.088921994,0.0
0.0,0.0,0.029411765,0.1,0.0,0.0,0.0,0.0,0.0,0.0,0.0,0.0,0.0,0.0,0.0,0.0,0.0,0.0,0.0,0.0,0.0,0.0,0.023191892,0.0332681,1.0,1.0,0.0,0.0,0.09,0.09,0.0,0.7814275,1.0,1.0,0.08955478,0.0,0.0,0.0,0.0,0.089995086,0.0
0.0,0.0,0.029411765,0.1,0.0,0.0,0.0,0.0,0.0,0.0,0.0,0.0,0.0,0.0,0.0,0.0,0.0,0.0,0.0,0.0,0.0,0.0,0.022912957,0.0058708414,0.82,1.0,0.18,0.0,0.01,0.07,0.0,0.76886725,1.0,1.0,0.08651676,0.0,0.0,0.0,0.0,0.08653024,0.0
0.0,0.0,0.13235295,0.8,0.0,3.2691223e-05,0.0,0.0,0.0,0.0013772845,0.0,0.0,0.0,0.0,0.0,0.0,0.0,0.0,0.0,0.0,0.0,0.00666824,0.018225528,0.0019569471,1.0,1.0,0.0,0.0,1.0,0.0,0.0,0.78343916,1.0,1.0,0.09400078,0.0,0.0,0.0,0.0,0.08767909,0.0
0.0,0.0,0.63235295,0.5,0.0,0.0,0.0,0.0,0.0,0.0,0.0,0.0,0.0,0.0,0.0,0.0,0.0,0.0,0.0,0.0,0.0,0.0005994141,0.016977645,0.029354207,0.0,0.0,1.0,1.0,0.1,0.06,0.0,0.7672616,1.0,1.0,0.09085994,0.0,0.0029373616,0.0,0.0,0.0772244,0.0
0.0,0.0,0.029411765,0.1,0.0,0.0,0.0,0.0,0.0,0.0,0.0,0.0,0.0,0.0,0.0,0.0,0.0,0.0,0.0,0.0,0.0,0.0,0.021422073,0.009784736,0.74,0.6,0.26,0.4,0.02,0.08,0.0,0.77612436,1.0,1.0,0.089614846,0.0,0.0,0.0,0.0,0.08710635,0.0
0.013947847,0.0,0.04411765,0.3,0.00094585575,7.4298237e-07,0.0,0.0,0.0,0.03692442,0.0,0.0,0.0,0.0,0.0,0.0,0.002879724,0.017727822,0.0,0.0,0.0,0.0578458,0.009265214,0.064579256,0.0,0.0,1.0,1.0,1.0,0.0,0.0,0.85147476,1.0,1.0,0.119482644,0.0,0.009301558,0.0,0.0,0.08201879,0.0
0.0,0.0,0.029411765,0.1,0.0,0.0,0.0,0.0,0.0,0.0,0.0,0.0,0.0,0.0,0.0,0.0,0.0,0.0,0.0,0.0,0.0,0.0,0.02344039,0.023483366,1.0,1.0,0.0,0.0,0.08,0.08,0.0,0.7759515,1.0,1.0,0.08783641,0.0,0.0,0.0,0.0,0.08855486,0.0
0.03591787,0.0,0.04411765,0.3,0.0008993779,0.0,0.0,0.0,0.0,0.008585691,0.0,0.0,0.0,0.0,0.0,0.0,0.0,0.0,0.0,0.0,0.0,0.026206285,0.010449894,0.023483366,0.25,0.25,0.75,0.75,1.0,0.0,0.0,0.7970984,1.0,1.0,0.10402454,0.0,0.009482905,0.0,0.0,0.07273671,0.0
0.0,0.0,0.029411765,0.2,0.0,0.0,0.0,0.0,0.0,0.0,0.0,0.0,0.0,0.0,0.0,0.0,0.0,0.0,0.0,0.0,0.0,0.0,0.017158002,0.017612524,0.0,0.0,1.0,1.0,0.07,0.06,0.0,0.7637129,1.0,1.0,0.089745484,0.0,0.0030085146,0.0,0.0,0.07643792,0.0
0.03583124,0.0,0.04411765,0.3,0.001155006,0.0,0.0,0.0,0.0,0.032247335,0.0,0.0,0.0,0.0,0.0,0.0,0.0020984337,0.013711214,0.0,0.0,0.0,0.052660912,0.009640396,0.017612524,0.0,0.0,1.0,1.0,1.0,0.0,0.0,0.84267044,1.0,1.0,0.1167964,0.0,0.009334296,0.0,0.0,0.08056381,0.0
0.0,0.0,0.029411765,0.2,0.0,0.0,0.0,0.0,0.0,0.0,0.0,0.0,0.0,0.0,0.0,0.0,0.0,0.0,0.0,0.0,0.0,0.00022891164,0.017036282,0.02739726,0.0,0.0,1.0,1.0,0.11,0.06,0.0,0.76658523,1.0,1.0,0.090613745,0.0,0.002974227,0.0,0.0,0.0771364,0.0
0.0,0.0,0.13235295,0.8,0.0,3.2691223e-05,0.0,0.0,0.0,0.0,0.0,0.0,0.0,0.0,0.0,0.0,0.0,0.0,0.0,0.0,0.0,0.0,0.019780442,0.0019569471,1.0,1.0,0.0,0.0,1.0,0.0,0.0,0.75474226,1.0,1.0,0.084688865,0.0,0.0017947406,0.0,0.0,0.081940055,0.0
0.015524561,0.0,0.04411765,0.3,0.0008872809,0.0,0.0,0.0,0.0,0.05627027,0.0,0.0,0.0,0.0,0.0,0.0035500675,0.004856758,0.033750117,0.0,0.0,0.0,0.079227835,0.008884862,0.052837573,0.3,0.3,0.7,0.7,1.0,0.0,0.0,0.88863444,1.0,1.0,0.12962496,0.0,0.008950397,0.0,0.0,0.08941877,0.0
0.0,0.0,0.029411765,0.2,0.0,0.0,0.0,0.0,0.0,0.0,0.0,0.0,0.0,0.0,0.0,0.0,0.0,0.0,0.0,0.0,0.0,0.0004452169,0.01698272,0.031311154,0.0,0.0,1.0,1.0,0.12,0.05,0.0,0.7668679,1.0,1.0,0.09073781,0.0,0.003021881,0.0,0.0,0.07703784,0.0
0.0,0.0,0.029411765,0.2,0.0,0.0,0.0,0.0,0.0,0.0,0.0,0.0,0.0,0.0,0.0,0.0,0.0,0.0,0.0,0.0,0.0,0.003303349,0.01676087,0.023483366,0.0,0.0,1.0,1.0,0.04,0.06,0.0,0.7732544,1.0,1.0,0.09279742,0.0,0.0019312501,0.0,0.0,0.079928786,0.0
0.0,0.0,0.44117647,0.2,0.0,0.0,0.0,0.0,0.0,0.0,0.0,0.0,0.0,0.0,0.0,0.0,0.0,0.0,0.0,0.0,0.0,0.0,0.017337114,0.007827789,0.0,0.0,1.0,1.0,0.04,0.07,0.0,0.7608731,1.0,1.0,0.088806055,0.0,0.0031127185,0.0,0.0,0.07582137,0.0
0.0,0.0,0.42647058,0.2,0.0,0.0,0.0,0.0,0.0,0.0,0.0,0.0,0.0,0.0,0.0,0.0,0.0,0.0,0.0,0.0,0.0,0.0,0.017412663,0.0019569471,0.0,0.0,1.0,1.0,0.01,0.07,0.0,0.75879943,1.0,1.0,0.08820116,0.0,0.0030430555,0.0,0.0,0.075567454,0.0
0.0,0.0,0.23529412,0.1,0.0,0.0,0.0,0.0,0.0,0.0,0.0,0.0,0.0,0.0,0.0,0.0,0.0,0.0,0.0,0.0,0.0,0.0,0.023330025,0.0019569471,1.0,1.0,0.0,0.0,0.0,0.07,0.0,0.77363265,1.0,1.0,0.08748614,0.0,0.0,0.0,0.0,0.088802785,0.0
0.0,0.0,0.029411765,0.1,0.0,0.0,0.0,0.0,0.0,0.0,0.0,0.0,0.0,0.0,0.0,0.0,0.0,0.0,0.0,0.0,0.0,0.0,0.026254535,0.0058708414,1.0,1.0,0.0,0.0,0.02,0.06,0.0,0.7151339,1.0,1.0,0.069160424,0.0,0.0,0.0,0.0,0.0735704,0.0
0.0,0.0,0.13235295,0.1,0.0,0.0,0.0,0.0,0.0,0.042386413,0.0,0.0,0.0,0.0,0.0,0.0,0.00068656355,0.011021912,0.0,0.0,0.0,0.051428348,0.019694693,0.23483366,1.0,1.0,0.0,0.0,1.0,0.0,0.0,0.86361885,1.0,1.0,0.1138215,0.0,0.0,0.0,0.0,0.105983675,0.0
0.015749805,0.0,0.04411765,0.3,1.6299076e-05,0.0,0.0,0.0,0.0,0.026645005,0.0,0.0,0.0,0.0,0.0,0.0,0.0018510744,0.008632958,0.0,0.0,0.0,0.04624957,0.009459116,0.15264188,0.0,0.0,1.0,1.0,1.0,0.0,0.0,0.83143187,1.0,1.0,0.11403436,0.0,0.009298399,0.0,0.0,0.07878336,0.0
0.0,0.0,0.6617647,0.5,0.0,0.0,0.0,0.0,0.0,0.0,0.0,0.0,0.0,0.0,0.0,0.0,0.0,0.0,0.0,0.0,0.0,0.0053970814,0.016639888,0.0332681,0.0,0.0,1.0,1.0,0.06,0.07,0.0,0.77673435,1.0,1.0,0.09381496,0.0,0.0019564778,0.0,0.0,0.080614746,0.0
0.013947847,0.0,0.04411765,0.3,0.0008993779,7.4298237e-07,0.0,0.0,0.0,0.04058659,0.0,0.0,0.0,0.0,0.0,0.0,0.0033421367,0.020826459,0.0,0.0,0.0,0.06189251,0.009125605,0.08023483,0.0,0.0,1.0,1.0,1.0,0.0,0.0,0.85847867,1.0,1.0,0.121464066,0.0,0.009244189,0.0,0.0,0.08330524,0.0
0.0,0.0,0.029411765,0.2,0.0,0.0,0.0,0.0,0.0,0.0,0.0,0.0,0.0,0.0,0.0,0.0,0.0,0.0,0.0,0.0,0.0,0.0,0.017113835,0.019569471,0.0,0.0,1.0,1.0,0.07,0.06,0.0,0.76441,1.0,1.0,0.0899831,0.0,0.002930954,0.0,0.0,0.07670003,0.0
1.7326518e-05,0.0,0.22058824,0.0,4.1368454e-05,0.00021769383,0.0,0.0,0.0,0.0,0.0,0.0,0.0,0.0,0.0,0.0,0.0,0.0,0.0,0.0,0.0,0.004679054,0.011665851,0.0039138943,0.0,0.0,0.0,0.0,1.0,0.0,0.0,0.7603457,1.0,1.0,0.093116246,0.0,0.009029508,0.0,0.0,0.07017556,0.0
0.0,0.0,0.029411765,0.1,0.0,0.0,0.0,0.0,0.0,0.0,0.0,0.0,0.0,0.0,0.0,0.0,0.0,0.0,0.0,0.0,0.0,0.0,0.023308985,0.015655577,1.0,1.0,0.0,0.0,0.04,0.07,0.0,0.77558887,1.0,1.0,0.08796709,0.0,0.0,0.0,0.0,0.08894995,0.0
0.0,0.0,0.029411765,0.2,0.0,0.0,0.0,0.0,0.0,0.0,0.0,0.0,0.0,0.0,0.0,0.0,0.0,0.0,0.0,0.0,0.0,0.0008222163,0.017046332,0.0039138943,0.0,0.0,1.0,1.0,0.01,0.07,0.0,0.7691877,1.0,1.0,0.091450386,0.0,0.0019000769,0.0,0.0,0.079358995,0.0
0.0,0.0,0.04411765,0.1,0.0,0.0,0.0,0.0,0.0,0.053364098,0.0,0.0,0.0,0.0,0.0,0.0,0.0027714893,0.025257707,0.0,0.0,0.0,0.07020575,0.014067225,0.10763209,1.0,1.0,0.0,0.0,1.0,0.0,0.0,0.8836465,1.0,1.0,0.12383119,0.0,0.0038128346,0.0,0.0,0.099594235,0.0
0.0,0.0,0.04411765,0.0,0.0008681168,0.0061771553,0.0,0.0,0.0,0.0,0.0,0.0,0.0,0.0,0.0,0.0,0.0,0.0,0.0,0.0,0.0,0.0,0.011358224,0.0058708414,0.0,0.0,0.0,0.0,1.0,0.0,0.0,0.7450819,1.0,1.0,0.08945797,0.0,0.009763956,0.0,0.0,0.063500315,0.0
0.015628519,0.0,0.04411765,0.3,0.0009226168,0.0,0.0,0.0,0.0,0.0020513833,0.0,0.0,0.0,0.0,0.0,0.0,0.0,0.0,0.0,0.0,0.0,0.018972099,0.0103012845,0.08414873,0.02,0.02,0.95,0.95,1.0,0.0,0.0,0.7843684,1.0,1.0,0.100832514,0.0,0.009630114,0.0,0.0,0.0699105,0.0
0.0,0.0,0.029411765,0.2,0.0,0.0,0.0,0.0,0.0,0.0,0.0,0.0,0.0,0.0,0.0,0.0,0.0,0.0,0.0,0.0,0.0,0.0,0.017373413,0.0039138943,0.0,0.0,1.0,1.0,0.02,0.07,0.0,0.7600094,1.0,1.0,0.08855688,0.0,0.0030391365,0.0,0.0,0.07577792,0.0
0.0,0.0,0.029411765,0.2,0.0,0.0,0.0,0.0,0.0,0.0,0.0,0.0,0.0,0.0,0.0,0.0,0.0,0.0,0.0,0.0,0.0,0.0,0.01709371,0.0019569471,0.0,0.0,1.0,1.0,0.0,0.06,0.0,0.7658671,1.0,1.0,0.09053173,0.0,0.001993075,0.0,0.0,0.07847428,0.0
0.013999826,0.0,0.04411765,0.3,0.00075994444,0.0,0.0,0.0,0.0,0.032291055,0.0,0.0,0.0,0.0,0.0,0.0,0.002386719,0.013023883,0.0,0.0,0.0,0.052378625,0.00938049,0.16634052,0.02,0.02,0.98,0.98,1.0,0.0,0.0,0.84215903,1.0,1.0,0.116932236,0.0,0.009107515,0.0,0.0,0.081315786,0.0
1.7326518e-05,0.0,0.22058824,0.0,4.1368454e-05,0.00021769383,0.0,0.0,0.0,0.0,0.0,0.0,0.0,0.0,0.0,0.0,0.0,0.0,0.0,0.0,0.0,0.0021025836,0.011011831,0.0039138943,0.0,0.0,0.0,0.0,1.0,0.0,0.0,0.7554307,1.0,1.0,0.09251308,0.0,0.009700656,0.0,0.0,0.06524894,0.0
0.0,0.0,0.029411765,0.2,0.0,0.0,0.0,0.0,0.0,0.0,0.0,0.0,0.0,0.0,0.0,0.0,0.0,0.0,0.0,0.0,0.0,0.003995657,0.016754888,0.037181996,0.0,0.0,1.0,1.0,0.09,0.07,0.0,0.77362275,1.0,1.0,0.092804305,0.0,0.0024708807,0.0,0.0,0.07928556,0.0
0.0,0.0,0.029411765,0.2,0.0,0.0,0.0,0.0,0.0,0.0,0.0,0.0,0.0,0.0,0.0,0.0,0.0,0.0,0.0,0.0,0.0,0.0014904737,0.016962945,0.0332681,0.0,0.0,1.0,1.0,0.13,0.06,0.0,0.7686113,1.0,1.0,0.09120291,0.0,0.0030509531,0.0,0.0,0.07737079,0.0
0.0,1.0,0.36764705,0.0,1.6044403e-05,0.0,0.0,0.0,0.0,0.0,0.0,0.0,0.0,0.0,0.0,0.0,0.0,0.0,0.0,0.0,0.0,0.0124925375,0.0143484995,0.24266145,0.0,0.0,0.0,0.0,1.0,0.0,0.0,0.7787765,1.0,1.0,0.09628426,0.0,0.004644856,0.0,0.0,0.08334759,0.0
0.0,0.0,0.073529415,0.1,0.0,0.0,0.0,0.0,0.0,0.0,0.0,0.0,0.0,0.0,0.0,0.0,0.0,0.0,0.0,0.0,0.0,0.0,0.02364602,0.011741683,1.0,1.0,0.0,0.0,0.05,0.07,0.0,0.7696413,1.0,1.0,0.08597734,0.0,0.0,0.0,0.0,0.087117225,0.0
0.0,0.0,0.04411765,0.0,0.0008681168,0.0061771553,0.0,0.0,0.0,0.0,0.0,0.0,0.0,0.0,0.0,0.0,0.0,0.0,0.0,0.0,0.0,0.0026405156,0.010859802,0.015655577,0.0,0.0,0.0,0.0,1.0,0.0,0.38,0.75622857,1.0,1.0,0.09288589,0.0,0.009807169,0.0,0.0,0.06471354,0.0
0.015541887,0.0,0.04411765,0.3,0.0011852484,0.0,0.0,0.0,0.0,0.03679815,0.0,0.0,0.0,0.0,0.0,0.0,0.0029766783,0.017958969,0.0,0.0,0.0,0.057849467,0.0091550425,0.06066536,0.0,0.0,1.0,1.0,1.0,0.0,0.0,0.8513104,1.0,1.0,0.11954535,0.0,0.00942643,0.0,0.0,0.08148283,0.0
0.0,0.0,0.04411765,0.1,0.0,0.0,0.0,0.0,0.0,0.033252656,0.0,0.0,0.0,0.0,0.0,0.0,0.0013513565,0.012493879,0.0,0.0,0.0,0.05045536,0.012939557,0.0019569471,1.0,1.0,0.0,0.0,1.0,0.0,0.0,0.8458829,1.0,1.0,0.11482655,0.0,0.006301701,0.0,0.0,0.08600214,0.0
0.0,0.0,0.029411765,0.2,0.0,0.0,0.0,0.0,0.0,0.0,0.0,0.0,0.0,0.0,0.0,0.0,0.0,0.0,0.0,0.0,0.0,0.0,0.017138414,0.021526419,0.0,0.0,1.0,1.0,0.1,0.07,0.0,0.7655103,1.0,1.0,0.09022065,0.0,0.0030181706,0.0,0.0,0.07693392,0.0
0.0,0.0,0.029411765,0.1,0.0,0.0,0.0,0.0,0.0,0.0,0.0,0.0,0.0,0.0,0.0,0.0,0.0,0.0,0.0,0.0,0.0,0.0,0.023555659,0.0039138943,1.0,1.0,0.0,0.0,0.01,0.11,0.0,0.7725885,1.0,1.0,0.08687892,0.0,0.0,0.0,0.0,0.088027924,0.0
0.0,0.0,0.6617647,0.5,0.0,0.0,0.0,0.0,0.0,0.0038515031,0.0,0.0,0.0,0.0,0.0,0.0,0.0,0.0,0.0,0.0,0.0,0.012611121,0.017061718,0.029354207,0.0,0.0,1.0,1.0,0.14,0.07,0.0,0.7889035,1.0,1.0,0.096415274,0.0,0.002101019,0.0,0.0,0.08456826,0.0
0.0,0.0,0.0,0.2,0.0,0.0,0.0,0.0,0.0,0.0,0.0,0.0,0.0,0.0,0.0,0.0,0.0,0.0,0.0,0.0,0.0,0.0054213405,0.016627803,0.03522505,0.0,0.0,1.0,1.0,0.07,0.06,0.0,0.77672005,1.0,1.0,0.09381797,0.0,0.0019846112,0.0,0.0,0.08058423,0.0
0.0,0.0,0.029411765,0.5,0.0,0.0,0.0,0.0,0.0,0.0,0.0,0.0,0.0,0.0,0.0,0.0,0.0,0.0,0.0,0.0,0.0,0.000623703,0.016965546,0.031311154,0.0,0.0,1.0,1.0,0.11,0.06,0.0,0.76724744,1.0,1.0,0.09086298,0.0,0.0029655248,0.0,0.0,0.077193886,0.0
0.0,0.0,0.029411765,0.2,0.0,0.0,0.0,0.0,0.0,0.0,0.0,0.0,0.0,0.0,0.0,0.0,0.0,0.0,0.0,0.0,0.0,0.00031214952,0.017057084,0.029354207,0.0,0.0,1.0,1.0,0.14,0.08,0.0,0.766467,1.0,1.0,0.0905314,0.0,0.0031675845,0.0,0.0,0.076800704,0.0
0.0,0.0,0.45588234,0.1,0.0,0.0,0.0,0.0,0.0,0.0,0.0,0.0,0.0,0.0,0.0,0.0,0.0,0.0,0.0,0.0,0.0,0.0,0.023329385,0.025440313,1.0,1.0,0.0,0.0,0.08,0.09,0.0,0.77801883,1.0,1.0,0.0885145,0.0,0.0,0.0,0.0,0.08919701,0.0
0.0,0.0,0.029411765,0.2,0.0,0.0,0.0,0.0,0.0,0.0,0.0,0.0,0.0,0.0,0.0,0.0,0.0,0.0,0.0,0.0,0.0,0.003841132,0.019250609,0.0019569471,0.87,0.0,0.13,1.0,0.0,0.06,0.0,0.778865,1.0,1.0,0.09213819,0.0,0.0,0.0,0.0,0.08455151,0.0
0.0,0.0,0.04411765,0.0,0.0008681168,0.0061771553,0.0,0.0,0.0,0.0,0.0,0.0,0.0,0.0,0.0,0.0,0.0,0.0,0.0,0.0,0.0,0.0045339763,0.010942087,0.007827789,0.0,0.0,0.0,0.0,1.0,0.0,0.0,0.75953805,1.0,1.0,0.09367069,0.0,0.00975582,0.0,0.0,0.06562692,0.0
0.0,1.0,0.36764705,0.0,1.6426413e-05,0.0,0.0,0.0,0.0,0.0057072043,0.0,0.0,0.0,0.0,0.0,0.0,0.0,0.0,0.0,0.0,0.0,0.017410874,0.01493372,0.7573385,0.0,0.0,0.0,0.0,1.0,0.0,0.0,0.78956485,1.0,1.0,0.09869721,0.0,0.0033171922,0.0,0.0,0.08793157,0.0
0.0,0.0,0.04411765,0.1,0.0,0.0,0.0,0.0,0.0,0.057762325,0.0,0.0,0.0,0.0,0.0,0.0,0.002119802,0.024622053,0.0,0.0,0.0,0.07144871,0.017022543,0.20156556,1.0,1.0,0.0,0.0,1.0,0.0,0.0,0.89214337,1.0,1.0,0.12353074,0.0,0.0004940629,0.0,0.0,0.108733,0.0
0.0,0.0,0.04411765,0.1,0.0,0.0,0.0,0.0,0.0,0.05698937,0.0,0.0,0.0,0.0,0.0,0.0,0.0017680228,0.023615837,0.0,0.0,0.0,0.06899229,0.018694289,0.13894325,1.0,1.0,0.0,0.0,1.0,0.0,0.0,0.89157593,1.0,1.0,0.121964596,0.0,0.0,0.0,0.0,0.11023304,0.0
0.0,0.0,0.029411765,0.2,0.0,0.0,0.0,0.0,0.0,0.0,0.0,0.0,0.0,0.0,0.0,0.0,0.0,0.0,0.0,0.0,0.0,0.002195865,0.016829252,0.015655577,0.0,0.0,1.0,1.0,0.03,0.05,0.0,0.77162194,1.0,1.0,0.09233033,0.0,0.0017699003,0.0,0.0,0.07988101,0.0
0.0,0.0,0.029411765,0.2,0.0,0.0,0.0,0.0,0.0,0.0,0.0,0.0,0.0,0.0,0.0,0.0,0.0,0.0,0.0,0.0,0.0,0.0026962757,0.016776465,0.029354207,0.0,0.0,1.0,1.0,0.06,0.06,0.0,0.7717204,1.0,1.0,0.09233021,0.0,0.0022749007,0.0,0.0,0.07905829,0.0
0.0,0.0,0.13235295,0.1,0.0,0.0,0.0,0.0,0.0,0.0,0.0,0.0,0.0,0.0,0.0,0.0,0.0,0.0,0.0,0.0,0.0,0.0,0.023203261,0.039138943,1.0,1.0,0.0,0.0,0.12,0.08,0.0,0.78200316,1.0,1.0,0.08966271,0.0,0.0,0.0,0.0,0.08997986,0.0
0.0,0.0,0.20588236,0.1,0.0,0.0,0.0,0.0,0.0,0.0,0.0,0.0,0.0,0.0,0.0,0.0,0.0,0.0,0.0,0.0,0.0,0.0,0.023392558,0.009784736,1.0,1.0,0.0,0.0,0.02,0.07,0.0,0.77372444,1.0,1.0,0.08739232,0.0,0.0,0.0,0.0,0.08850086,0.0
0.0,0.0,0.13235295,0.8,0.0,3.2691223e-05,0.0,0.0,0.0,0.0,0.0,0.0,0.0,0.0,0.0,0.0,0.0,0.0,0.0,0.0,0.0,0.0,0.019827724,0.0019569471,1.0,1.0,0.0,0.0,1.0,0.0,0.0,0.7498636,1.0,1.0,0.08335119,0.0,0.0018971711,0.0,0.0,0.08090171,0.0
0.13095382,0.0,0.13235295,0.0,0.0,3.2691223e-05,0.0,0.0,0.0,0.026431412,0.0,0.0,0.0,0.0,0.0,0.0,0.0,0.0,0.0,0.0,0.0,0.03508407,0.01881539,0.0019569471,0.0,0.0,0.0,0.0,1.0,0.0,0.0,0.83248305,1.0,1.0,0.10625335,0.0,0.0,0.0,0.0,0.09817508,0.0
0.0,1.0,0.36764705,0.0,1.6044403e-05,0.0,0.0,0.0,0.0,0.0035063624,0.0,0.0,0.0,0.0,0.0,0.0,0.0,0.0,0.0,0.0,0.0,0.015684962,0.014754944,0.57338554,0.0,0.0,0.0,0.0,1.0,0.0,0.0,0.78538394,1.0,1.0,0.09767278,0.0,0.0039328635,0.0,0.0,0.086560845,0.0
0.0,1.0,0.36764705,0.0,1.6426413e-05,0.0,0.0,0.0,0.0,0.0,0.0,0.0,0.0,0.0,0.0,0.0,0.0,0.0,0.0,0.0,0.0,0.0,0.0176979,0.99804306,0.0,0.0,0.0,0.0,1.0,0.0,0.0,0.7599304,1.0,1.0,0.088438325,0.0,0.0023486912,0.0,0.0,0.081560254,0.0
0.0,0.0,0.029411765,0.2,0.0,0.0,0.0,0.0,0.0,0.0,0.0,0.0,0.0,0.0,0.0,0.0,0.0,0.0,0.0,0.0,0.0,0.0005567968,0.016972035,0.031311154,0.0,0.0,1.0,1.0,0.12,0.06,0.0,0.7671051,1.0,1.0,0.09081601,0.0,0.0029866546,0.0,0.0,0.077135354,0.0
0.0,0.0,0.029411765,0.1,0.0,0.0,0.0,0.0,0.0,0.0,0.0,0.0,0.0,0.0,0.0,0.0,0.0,0.0,0.0,0.0,0.0,0.0,0.023722343,0.0019569471,1.0,1.0,0.0,0.0,0.01,0.06,0.0,0.76650083,1.0,1.0,0.08510514,0.0,0.0,0.0,0.0,0.086518854,0.0
0.0,0.0,0.029411765,0.1,0.0,0.0,0.0,0.0,0.0,0.0,0.0,0.0,0.0,0.0,0.0,0.0,0.0,0.0,0.0,0.0,0.0,0.0,0.023375824,0.0058708414,1.0,1.0,0.0,0.0,0.01,0.07,0.0,0.774385,1.0,1.0,0.087593906,0.0,0.0,0.0,0.0,0.0887633,0.0
0.0,1.0,0.36764705,0.0,1.6044403e-05,0.0,0.0,0.0,0.0,0.0071250796,0.0,0.0,0.0,0.0,0.0,0.0,0.0,0.0,0.0,0.0,0.0,0.018509328,0.015044898,0.8747554,0.0,0.0,0.0,0.0,1.0,0.0,0.0,0.7922652,1.0,1.0,0.099366866,0.0,0.0029104352,0.0,0.0,0.088780284,0.0
0.0,1.0,0.36764705,0.0,1.6426413e-05,0.0,0.0,0.0,0.0,0.0,0.0,0.0,0.0,0.0,0.0,0.0,0.0,0.0,0.0,0.0,0.0,0.010987401,0.014045343,0.052837573,0.0,0.0,0.0,0.0,1.0,0.0,0.0,0.77554655,1.0,1.0,0.09570109,0.0,0.0050569624,0.0,0.0,0.081528544,0.0
0.0,0.0,0.029411765,0.1,0.0,0.0,0.0,0.0,0.0,0.0,0.0,0.0,0.0,0.0,0.0,0.0,0.0,0.0,0.0,0.0,0.0,0.0,0.021664307,0.03522505,0.85,0.78,0.15,0.22,0.15,0.07,0.0,0.77272534,1.0,1.0,0.088399954,0.0,0.0,0.0,0.0,0.08531165,0.0
0.0,1.0,0.36764705,0.0,1.6426413e-05,0.0,0.0,0.0,0.0,0.0,0.0,0.0,0.0,0.0,0.0,0.0,0.0,0.0,0.0,0.0,0.0,0.011736959,0.014252305,0.16438356,0.0,0.0,0.0,0.0,1.0,0.0,0.0,0.77721274,1.0,1.0,0.09595566,0.0,0.004813403,0.0,0.0,0.082587,0.0
0.0,0.0,0.029411765,0.2,0.0,0.0,0.0,0.0,0.0,0.0,0.0,0.0,0.0,0.0,0.0,0.0,0.0,0.0,0.0,0.0,0.0,0.004555315,0.016691923,0.031311154,0.0,0.0,1.0,1.0,0.06,0.07,0.0,0.7752397,1.0,1.0,0.09336542,0.0,0.0020026565,0.0,0.0,0.08028725,0.0
0.0,0.0,0.029411765,0.2,0.0,0.0,0.0,0.0,0.0,0.0,0.0,0.0,0.0,0.0,0.0,0.0,0.0,0.0,0.0,0.0,0.0,0.0,0.017995998,0.009784736,0.0,0.0,1.0,1.0,0.04,0.06,0.0,0.76668787,1.0,1.0,0.08984288,0.0,0.0020869672,0.0,0.0,0.07854569,0.0
0.013947847,0.0,0.04411765,0.3,0.0009789632,7.4298237e-07,0.0,0.0,0.0,0.053420275,0.0,0.0,0.0,0.0,0.0,0.0030377954,0.004799992,0.03167048,0.0,0.0,0.0,0.076188505,0.008706391,0.09393346,0.02,0.02,0.98,0.98,1.0,0.0,0.0,0.88310397,1.0,1.0,0.128346,0.0,0.009115621,0.0,0.0,0.08783725,0.0
0.0,0.0,0.029411765,0.2,0.0,0.0,0.0,0.0,0.0,0.0,0.0,0.0,0.0,0.0,0.0,0.0,0.0,0.0,0.0,0.0,0.0,0.0,0.017148182,0.015655577,0.0,0.0,1.0,1.0,0.06,0.06,0.0,0.76455426,1.0,1.0,0.08999977,0.0,0.0028198957,0.0,0.0,0.07697418,0.0
0.0,0.0,0.029411765,0.2,0.0,0.0,0.0,0.0,0.0,0.0,0.0,0.0,0.0,0.0,0.0,0.0,0.0,0.0,0.0,0.0,0.0,0.0,0.017203033,0.0019569471,0.0,0.0,1.0,1.0,0.01,0.07,0.0,0.76440835,1.0,1.0,0.089984216,0.0,0.002322048,0.0,0.0,0.077777386,0.0
0.0,0.0,0.029411765,0.2,0.0,0.0,0.0,0.0,0.0,0.0,0.0,0.0,0.0,0.0,0.0,0.0,0.0,0.0,0.0,0.0,0.0,0.006836176,0.01654113,0.039138943,0.01,0.0,0.99,1.0,0.07,0.06,0.0,0.77939713,1.0,1.0,0.09463435,0.0,0.0017864257,0.0,0.0,0.08138186,0.0
0.0,1.0,0.36764705,0.0,1.6426413e-05,0.0,0.0,0.0,0.0,0.0,0.0,0.0,0.0,0.0,0.0,0.0,0.0,0.0,0.0,0.0,0.0,0.011081189,0.014083274,0.0704501,0.0,0.0,0.0,0.0,1.0,0.0,0.0,0.77576745,1.0,1.0,0.09572523,0.0,0.005018249,0.0,0.0,0.08169383,0.0
0.0,0.0,0.029411765,0.2,0.0,0.0,0.0,0.0,0.0,0.0,0.0,0.0,0.0,0.0,0.0,0.0,0.0,0.0,0.0,0.0,0.0,0.0013345778,0.016935498,0.0058708414,0.0,0.0,1.0,1.0,0.01,0.06,0.0,0.7703949,1.0,1.0,0.09192269,0.0,0.0016346127,0.0,0.0,0.07992774,0.0
0.0,0.0,0.029411765,0.2,0.0,0.0,0.0,0.0,0.0,0.0,0.0,0.0,0.0,0.0,0.0,0.0,0.0,0.0,0.0,0.0,0.0,0.0032106936,0.016903564,0.023483366,0.0,0.0,1.0,1.0,0.06,0.07,0.0,0.77271974,1.0,1.0,0.09245729,0.0,0.0022327304,0.0,0.0,0.079523414,0.0
0.0,0.0,0.5441176,0.1,0.0,0.0,0.0,0.0,0.0,0.0,0.0,0.0,0.0,0.0,0.0,0.0,0.0,0.0,0.0,0.0,0.0,0.0,0.023700438,0.0019569471,1.0,1.0,0.0,0.0,0.01,0.06,0.0,0.76740146,1.0,1.0,0.08536381,0.0,0.0,0.0,0.0,0.086747974,0.0
0.0,0.0,0.30882353,0.1,0.0,0.0,0.0,0.0,0.0,0.0,0.0,0.0,0.0,0.0,0.0,0.0,0.0,0.0,0.0,0.0,0.0,0.0,0.02335047,0.015655577,1.0,1.0,0.0,0.0,0.04,0.07,0.0,0.775025,1.0,1.0,0.08776287,0.0,0.0,0.0,0.0,0.088746846,0.0
0.0,0.0,0.029411765,0.2,0.0,0.0,0.0,0.0,0.0,0.0,0.0,0.0,0.0,0.0,0.0,0.0,0.0,0.0,0.0,0.0,0.0,0.00065740943,0.017038472,0.01369863,0.0,0.0,1.0,1.0,0.03,0.07,0.0,0.7682327,1.0,1.0,0.091138504,0.0,0.002359584,0.0,0.0,0.07841486,0.0
0.0,1.0,0.36764705,0.0,1.6044403e-05,0.0,0.0,0.0,0.0,0.0047618747,0.0,0.0,0.0,0.0,0.0,0.0,0.0,0.0,0.0,0.0,0.0,0.016678482,0.014859617,0.67906064,0.0,0.0,0.0,0.0,1.0,0.0,0.0,0.78776455,1.0,1.0,0.098250754,0.0,0.0035883635,0.0,0.0,0.08736569,0.0
0.0,0.0,0.04411765,0.2,0.0,0.0,0.0,0.0,0.0,0.0033373535,0.0,0.0,0.0,0.0,0.0,0.0,0.0,0.0,0.0,0.0,0.0,0.014213592,0.016161382,0.029354207,0.0,0.0,1.0,1.0,0.35,0.09,0.0,0.7887237,1.0,1.0,0.09708806,0.0,0.003850937,0.0,0.0,0.08030087,0.0
1.7326518e-05,0.0,0.22058824,0.0,4.1368454e-05,0.00021769383,0.0,0.0,0.0,0.0,0.0,0.0,0.0,0.0,0.0,0.0,0.0,0.0,0.0,0.0,0.0,0.0,0.013771661,0.0039138943,0.0,0.0,0.0,0.0,1.0,0.0,0.0,0.7507752,1.0,1.0,0.08886423,0.0,0.0068774372,0.0,0.0,0.07253304,0.0
0.0,0.0,0.029411765,0.2,0.0,0.0,0.0,0.0,0.0,0.0,0.0,0.0,0.0,0.0,0.0,0.0,0.0,0.0,0.0,0.0,0.0,0.0,0.017118894,0.025440313,0.0,0.0,1.0,1.0,0.13,0.06,0.0,0.7640737,1.0,1.0,0.08984434,0.0,0.0032090396,0.0,0.0,0.0762251,0.0
0.0,0.0,0.4117647,0.2,0.0,0.0,0.0,0.0,0.0,0.0,0.0,0.0,0.0,0.0,0.0,0.0,0.0,0.0,0.0,0.0,0.0,0.004127592,0.016751915,0.03522505,0.0,0.0,1.0,1.0,0.08,0.07,0.0,0.77396905,1.0,1.0,0.09291079,0.0,0.002393365,0.0,0.0,0.079452634,0.0
0.013947847,0.0,0.04411765,0.3,0.00094585575,0.0,0.0,0.0,0.0,0.0026101172,0.0,0.0,0.0,0.0,0.0,0.0,0.0,0.0,0.0,0.0,0.0,0.01958564,0.010328203,0.0665362,0.0,0.0,1.0,1.0,1.0,0.0,0.0,0.7854581,1.0,1.0,0.10108904,0.0,0.00961566,0.0,0.0,0.07018861,0.0
0.0,0.0,0.029411765,0.2,0.0,0.0,0.0,0.0,0.0,0.0,0.0,0.0,0.0,0.0,0.0,0.0,0.0,0.0,0.0,0.0,0.0,0.0,0.017101184,0.023483366,0.0,0.0,1.0,1.0,0.1,0.07,0.0,0.7657124,1.0,1.0,0.09031048,0.0,0.0030516982,0.0,0.0,0.07682684,0.0
0.0,0.0,0.029411765,0.2,0.0,0.0,0.0,0.0,0.0,0.0,0.0,0.0,0.0,0.0,0.0,0.0,0.0,0.0,0.0,0.0,0.0,0.0037232637,0.016738907,0.03522505,0.0,0.0,1.0,1.0,0.08,0.06,0.0,0.77329314,1.0,1.0,0.092754446,0.0,0.0023815185,0.0,0.0,0.079271644,0.0
0.0,0.0,0.13235295,0.1,0.0,0.0,0.0,0.0,0.0,0.0,0.0,0.0,0.0,0.0,0.0,0.0,0.0,0.0,0.0,0.0,0.0,0.0,0.022152826,0.017612524,1.0,1.0,0.0,0.0,0.23,0.1,0.0,0.7627628,1.0,1.0,0.0851272,0.0,0.0,0.0,0.0,0.08444196,0.0
0.0,0.0,0.25,0.5,0.0,0.0,0.0,0.0,0.0,0.0,0.0,0.0,0.0,0.0,0.0,0.0,0.0,0.0,0.0,0.0,0.0,0.0,0.017199531,0.015655577,0.0,0.0,1.0,1.0,0.07,0.07,0.0,0.7634158,1.0,1.0,0.0896244,0.0,0.0029890388,0.0,0.0,0.07650593,0.0
0.0,0.0,0.42647058,0.2,0.0,0.0,0.0,0.0,0.0,0.0,0.0,0.0,0.0,0.0,0.0,0.0,0.0,0.0,0.0,0.0,0.0,0.0028492808,0.016841747,0.039138943,0.0,0.0,1.0,1.0,0.13,0.06,0.0,0.7710736,1.0,1.0,0.09198695,0.0,0.002913192,0.0,0.0,0.07804698,0.0
0.13164689,0.0,0.13235295,0.0,0.0,3.2691223e-05,0.0,0.0,0.0,0.0,0.0,0.0,0.0,0.0,0.0,0.0,0.0,0.0,0.0,0.0,0.0,0.0,0.019150205,0.0019569471,0.0,0.0,0.0,0.0,1.0,0.0,0.0,0.7488332,1.0,1.0,0.08357596,0.0,0.0026919544,0.0,0.0,0.080518395,0.0
0.0,1.0,0.36764705,0.0,8.08587e-06,0.0,0.0,0.0,0.0,0.00057792664,0.0,0.0,0.0,0.0,0.0,0.0,0.0,0.0,0.0,0.0,0.0,0.009954214,0.016352795,1.0,0.0,0.0,0.0,0.0,1.0,0.0,0.0,0.78082514,1.0,1.0,0.09521773,0.0,0.0020591766,0.0,0.0,0.086198986,0.0
0.0,0.0,0.0882353,0.1,0.0,0.0,0.0,0.0,0.0,0.0,0.0,0.0,0.0,0.0,0.0,0.0,0.0,0.0,0.0,0.0,0.0,0.0,0.0237872,0.0039138943,1.0,1.0,0.0,0.0,0.02,0.06,0.0,0.76643443,1.0,1.0,0.08498705,0.0,0.0,0.0,0.0,0.08628711,0.0
0.0,0.0,0.029411765,0.2,0.0,0.0,0.0,0.0,0.0,0.0,0.0,0.0,0.0,0.0,0.0,0.0,0.0,0.0,0.0,0.0,0.0,0.0037596822,0.01686272,0.025440313,0.0,0.0,1.0,1.0,0.06,0.08,0.0,0.7736075,1.0,1.0,0.09272205,0.0,0.0022416264,0.0,0.0,0.079758465,0.0
0.015541887,0.0,0.04411765,0.3,0.0009789632,0.0,0.0,0.0,0.0,0.03677228,0.0,0.0,0.0,0.0,0.0,0.0,0.0029726774,0.017949998,0.0,0.0,0.0,0.0578261,0.009156555,0.058708414,0.0,0.0,1.0,1.0,1.0,0.0,0.0,0.85126793,1.0,1.0,0.11953243,0.0,0.00943099,0.0,0.0,0.08145839,0.0
1.7326518e-05,0.0,0.22058824,0.0,4.1368454e-05,0.00021769383,0.0,0.0,0.0,0.0,0.0,0.0,0.0,0.0,0.0,0.0,0.0,0.0,0.0,0.0,0.0,0.0,0.01389686,0.0058708414,0.0,0.0,0.0,0.0,1.0,0.0,0.0,0.7495754,1.0,1.0,0.08846318,0.0,0.0067557245,0.0,0.0,0.07214013,0.0
0.0,0.0,0.029411765,0.2,0.0,0.0,0.0,0.0,0.0,0.0,0.0,0.0,0.0,0.0,0.0,0.0,0.0,0.0,0.0,0.0,0.0,0.0,0.017172307,0.007827789,0.0,0.0,1.0,1.0,0.02,0.06,0.0,0.7645254,1.0,1.0,0.09001043,0.0,0.0025700778,0.0,0.0,0.077323556,0.0
0.0,0.0,0.14705883,0.5,0.0,0.0,0.0,0.0,0.0,0.0,0.0,0.0,0.0,0.0,0.0,0.0,0.0,0.0,0.0,0.0,0.0,0.00023674965,0.016998306,0.011741683,0.0,0.0,1.0,1.0,0.03,0.07,0.0,0.7678174,1.0,1.0,0.09111134,0.0,0.0021332055,0.0,0.0,0.07862806,0.0
0.0,0.0,0.5147059,0.1,0.0,0.0,0.0,0.0,0.0,0.0,0.0,0.0,0.0,0.0,0.0,0.0,0.0,0.0,0.0,0.0,0.0,0.0,0.023765676,0.0019569471,1.0,1.0,0.0,0.0,0.01,0.06,0.0,0.7665155,1.0,1.0,0.08504289,0.0,0.0,0.0,0.0,0.08642864,0.0
0.0,0.0,0.029411765,0.1,0.0,0.0,0.0,0.0,0.0,0.0,0.0,0.0,0.0,0.0,0.0,0.0,0.0,0.0,0.0,0.0,0.0,0.0,0.023374349,0.017612524,1.0,1.0,0.0,0.0,0.05,0.09,0.0,0.77671945,1.0,1.0,0.08814769,0.0,0.0,0.0,0.0,0.08895886,0.0
0.0,1.0,0.36764705,0.0,1.6426413e-05,0.0,0.0,0.0,0.0,0.0022777617,0.0,0.0,0.0,0.0,0.0,0.0,0.0,0.0,0.0,0.0,0.0,0.01458931,0.014615394,0.4598826,0.0,0.0,0.0,0.0,1.0,0.0,0.0,0.78311634,1.0,1.0,0.09719627,0.0,0.0041772574,0.0,0.0,0.08545807,0.0
0.0,0.0,0.029411765,0.2,0.0,0.0,0.0,0.0,0.0,0.0,0.0,0.0,0.0,0.0,0.0,0.0,0.0,0.0,0.0,0.0,0.0,0.0041490197,0.016688906,0.029354207,0.0,0.0,1.0,1.0,0.05,0.06,0.0,0.77462554,1.0,1.0,0.09322173,0.0,0.001955554,0.0,0.0,0.08015621,0.0
0.0,0.0,0.029411765,0.2,0.0,0.0,0.0,0.0,0.0,0.0,0.0,0.0,0.0,0.0,0.0,0.0,0.0,0.0,0.0,0.0,0.0,0.0,0.017173149,0.0058708414,0.0,0.0,1.0,1.0,0.02,0.06,0.0,0.7651298,1.0,1.0,0.0901865,0.0,0.0024167448,0.0,0.0,0.077762246,0.0
0.0,0.0,0.029411765,0.2,0.0,0.0,0.0,0.0,0.0,0.0,0.0,0.0,0.0,0.0,0.0,0.0,0.0,0.0,0.0,0.0,0.0,0.001088202,0.01693996,0.03522505,0.0,0.0,1.0,1.0,0.14,0.06,0.0,0.7678739,1.0,1.0,0.09103399,0.0,0.003074348,0.0,0.0,0.077139735,0.0
0.0,0.0,0.029411765,0.1,0.0,0.0,0.0,0.0,0.0,0.0,0.0,0.0,0.0,0.0,0.0,0.0,0.0,0.0,0.0,0.0,0.0,0.0001501143,0.022100613,0.0332681,0.78,0.88,0.22,0.12,0.06,0.06,0.0,0.7814064,1.0,1.0,0.090580426,0.0,0.0,0.0,0.0,0.0893608,0.0
0.0,0.0,0.04411765,0.0,0.0008681168,0.0061771553,0.0,0.0,0.0,0.0,0.0,0.0,0.0,0.0,0.0,0.0,0.0,0.0,0.0,0.0,0.0,0.0033842921,0.010812417,0.007827789,0.0,0.0,0.0,0.0,1.0,0.0,0.5,0.7575022,1.0,1.0,0.093268,0.0,0.009819508,0.0,0.0,0.06481844,0.0
0.0,0.0,0.5441176,0.5,0.0,0.0,0.0,0.0,0.0,0.0,0.0,0.0,0.0,0.0,0.0,0.0,0.0,0.0,0.0,0.0,0.0,3.8444996e-06,0.017067619,0.025440313,0.0,0.0,1.0,1.0,0.1,0.06,0.0,0.76617265,1.0,1.0,0.090469964,0.0,0.0030094683,0.0,0.0,0.07699138,0.0
0.0,0.0,0.20588236,0.1,0.0,0.0,0.0,0.0,0.0,0.0,0.0,0.0,0.0,0.0,0.0,0.0,0.0,0.0,0.0,0.0,0.0,0.0,0.02007915,0.0058708414,0.19,0.67,0.81,0.33,0.01,0.06,0.0,0.76594937,1.0,1.0,0.08815732,0.0,0.0,0.0,0.0,0.08273965,0.0
0.0,0.0,0.029411765,0.2,0.0,0.0,0.0,0.0,0.0,0.0,0.0,0.0,0.0,0.0,0.0,0.0,0.0,0.0,0.0,0.0,0.0,0.0,0.017410703,0.0019569471,0.0,0.0,1.0,1.0,0.01,0.07,0.0,0.75980735,1.0,1.0,0.088467024,0.0,0.0030055493,0.0,0.0,0.075885,0.0
0.0,0.0,0.029411765,0.1,0.0,0.0,0.0,0.0,0.0,0.0,0.0,0.0,0.0,0.0,0.0,0.0,0.0,0.0,0.0,0.0,0.0,0.0,0.023396127,0.011741683,1.0,1.0,0.0,0.0,0.03,0.08,0.0,0.77483976,1.0,1.0,0.08765807,0.0,0.0,0.0,0.0,0.088704556,0.0
0.0,1.0,0.36764705,0.0,8.276875e-06,0.0,0.0,0.0,0.0,0.0032522082,0.0,0.0,0.0,0.0,0.0,0.0,0.0,0.0,0.0,0.0,0.0,0.015458286,0.014726102,0.54990214,0.0,0.0,0.0,0.0,1.0,0.0,0.0,0.78491485,1.0,1.0,0.0975742,0.0,0.0039833933,0.0,0.0,0.08633271,0.0
0.0,1.0,0.36764705,0.0,1.6044403e-05,0.0,0.0,0.0,0.0,0.0032945275,0.0,0.0,0.0,0.0,0.0,0.0,0.0,0.0,0.0,0.0,0.0,0.015496075,0.014730804,0.553816,0.0,0.0,0.0,0.0,1.0,0.0,0.0,0.78499293,1.0,1.0,0.09759066,0.0,0.0039750636,0.0,0.0,0.08637068,0.0
0.0,0.0,0.13235295,0.8,0.0,3.2691223e-05,0.0,0.0,0.0,0.0,0.0,0.0,0.0,0.0,0.0,0.0,0.0,0.0,0.0,0.0,0.0,0.0,0.020314083,0.0019569471,1.0,1.0,0.0,0.0,1.0,0.0,0.0,0.73059237,1.0,1.0,0.07781627,0.0,0.0021494478,0.0,0.0,0.07667181,0.0
0.0,0.0,0.04411765,0.6,0.0008681168,0.0061771553,0.0,0.0,0.0,0.0,0.0,0.0,0.0,0.0,0.0,0.0,0.0,0.0,0.0,0.0,0.0,0.007167369,0.01067479,0.0058708414,0.33,0.33,0.0,0.0,1.0,0.0,0.0,0.7639506,1.0,1.0,0.09509673,0.0,0.009840086,0.0,0.0,0.06579512,0.0
0.127142,0.0,0.13235295,0.0,0.0,3.2691223e-05,0.0,0.0,0.0,0.0,0.0,0.0,0.0,0.0,0.0,0.0,0.0,0.0,0.0,0.0,0.0,0.0,0.017991707,0.0019569471,0.0,0.0,0.0,0.0,1.0,0.0,0.0,0.73743594,1.0,1.0,0.081522815,0.0,0.0042021126,0.0,0.0,0.07520503,0.0
0.0,0.0,0.029411765,0.2,0.0,0.0,0.0,0.0,0.0,0.0,0.0,0.0,0.0,0.0,0.0,0.0,0.0,0.0,0.0,0.0,0.0,0.0019282103,0.016854897,0.015655577,0.0,0.0,1.0,1.0,0.03,0.06,0.0,0.7710527,1.0,1.0,0.092142664,0.0,0.0018545091,0.0,0.0,0.079646885,0.0
0.0,0.0,0.7941176,0.1,0.0,0.0,0.0,0.0,0.0,0.0,0.0,0.0,0.0,0.0,0.0,0.0,0.0,0.0,0.0,0.0,0.0,0.0,0.023735106,0.007827789,1.0,1.0,0.0,0.0,0.04,0.07,0.0,0.7685158,1.0,1.0,0.08557629,0.0,0.0,0.0,0.0,0.08672652,0.0
0.0,0.0,0.13235295,0.8,0.0,3.2691223e-05,0.0,0.0,0.0,0.0,0.0,0.0,0.0,0.0,0.0,0.0,0.0,0.0,0.0,0.0,0.0,0.0,0.02154509,0.0019569471,1.0,1.0,0.0,0.0,1.0,0.0,0.0,0.7025397,1.0,1.0,0.06904317,0.0,0.0033377558,0.0,0.0,0.07009807,0.0
0.0,1.0,0.36764705,0.0,8.08587e-06,0.0,0.0,0.0,0.0,0.0,0.0,0.0,0.0,0.0,0.0,0.0,0.0,0.0,0.0,0.0,0.0,0.0,0.017713279,1.0,0.0,0.0,0.0,0.0,1.0,0.0,0.0,0.7635894,1.0,1.0,0.08941149,0.0,0.001737237,0.0,0.0,0.082124114,0.0
0.0,0.0,0.029411765,0.1,0.0,0.0,0.0,0.0,0.0,0.0,0.0,0.0,0.0,0.0,0.0,0.0,0.0,0.0,0.0,0.0,0.0,0.0,0.023269013,0.037181996,1.0,1.0,0.0,0.0,0.13,0.09,0.0,0.78029764,1.0,1.0,0.08913887,0.0,0.0,0.0,0.0,0.089572966,0.0
0.0,0.0,0.20588236,0.2,0.0,0.0,0.0,0.0,0.0,0.0,0.0,0.0,0.0,0.0,0.0,0.0,0.0,0.0,0.0,0.0,0.0,0.004374832,0.016719088,0.029354207,0.0,0.0,1.0,1.0,0.06,0.06,0.0,0.774922,1.0,1.0,0.09325292,0.0,0.0020237714,0.0,0.0,0.08018118,0.0
0.0,0.0,0.6911765,0.2,0.0,0.0,0.0,0.0,0.0,0.0,0.0,0.0,0.0,0.0,0.0,0.0,0.0,0.0,0.0,0.0,0.0,0.0013985038,0.016919926,0.0332681,0.0,0.0,1.0,1.0,0.11,0.05,0.0,0.7685996,1.0,1.0,0.09126558,0.0,0.0029405057,0.0,0.0,0.07746291,0.0
0.0,0.0,0.13235295,0.1,0.0,0.0,0.0,0.0,0.0,0.061441302,0.0,0.0,0.0,0.0,0.0,0.0,0.00291422,0.026810765,0.0,0.0,0.0,0.07207087,0.019471228,0.2739726,1.0,1.0,0.0,0.0,1.0,0.0,0.0,0.9002745,1.0,1.0,0.12375512,0.0,0.0,0.0,0.0,0.1134212,0.0
0.0,0.0,0.029411765,0.2,0.0,0.0,0.0,0.0,0.0,0.0,0.0,0.0,0.0,0.0,0.0,0.0,0.0,0.0,0.0,0.0,0.0,0.0,0.017068386,0.02739726,0.0,0.0,1.0,1.0,0.12,0.08,0.0,0.7658738,1.0,1.0,0.09037911,0.0,0.0030799657,0.0,0.0,0.07684377,0.0
0.0,0.0,0.7205882,0.2,0.0,0.0,0.0,0.0,0.0,0.0,0.0,0.0,0.0,0.0,0.0,0.0,0.0,0.0,0.0,0.0,0.0,0.0053516924,0.01658269,0.03522505,0.0,0.0,1.0,1.0,0.06,0.05,0.0,0.7767557,1.0,1.0,0.09389623,0.0,0.0018670708,0.0,0.0,0.08069584,0.0
0.015489907,0.0,0.04411765,0.3,0.0009923336,0.0,0.0,0.0,0.0,0.025645673,0.0,0.0,0.0,0.0,0.0,0.0,0.0017336532,0.0078027844,0.0,0.0,0.0,0.04514435,0.009493768,0.14872798,0.0,0.0,1.0,1.0,1.0,0.0,0.0,0.8295238,1.0,1.0,0.1134985,0.0,0.009314328,0.0,0.0,0.078413785,0.0
0.0,0.0,0.13235295,0.8,0.0,3.2691223e-05,0.0,0.0,0.0,0.02490148,0.0,0.0,0.0,0.0,0.0,0.0,0.0,0.0,0.0,0.0,0.0,0.032660455,0.019025937,0.0019569471,1.0,1.0,0.0,0.0,1.0,0.0,0.0,0.82961345,1.0,1.0,0.10539361,0.0,0.0,0.0,0.0,0.097679585,0.0
0.0,0.0,0.029411765,0.1,0.0,0.0,0.0,0.0,0.0,0.0,0.0,0.0,0.0,0.0,0.0,0.0,0.0,0.0,0.0,0.0,0.0,0.0,0.023737237,0.0039138943,1.0,1.0,0.0,0.0,0.05,0.18,0.0,0.7743417,1.0,1.0,0.08704149,0.0,0.0,0.0,0.0,0.08799183,0.0
0.0,0.0,0.029411765,0.1,0.0,0.0,0.0,0.0,0.0,0.0,0.0,0.0,0.0,0.0,0.0,0.0,0.0,0.0,0.0,0.0,0.0,0.0,0.023663305,0.01369863,1.0,1.0,0.0,0.0,0.06,0.08,0.0,0.7702192,1.0,1.0,0.08609275,0.0,0.0,0.0,0.0,0.0871177,0.0
0.0,0.0,0.04411765,0.0,0.0008681168,0.0061771553,0.0,0.0,0.0,0.0,0.0,0.0,0.0,0.0,0.0,0.0,0.0,0.0,0.0,0.0,0.0,0.0055243373,0.0107478425,0.023483366,0.0,0.0,0.0,0.0,1.0,0.0,0.25,0.7611908,1.0,1.0,0.09430086,0.0,0.009801015,0.0,0.0,0.065484345,0.0
0.0,0.0,0.029411765,0.2,0.0,0.0,0.0,0.0,0.0,0.0,0.0,0.0,0.0,0.0,0.0,0.0,0.0,0.0,0.0,0.0,0.0,0.004485607,0.016646862,0.031311154,0.0,0.0,1.0,1.0,0.06,0.06,0.0,0.77527535,1.0,1.0,0.093443684,0.0,0.0018850714,0.0,0.0,0.0803988,0.0
0.0,0.0,0.13235295,0.8,0.0,3.2691223e-05,0.0,0.0,0.0,0.014905989,0.0,0.0,0.0,0.0,0.0,0.0,0.0,0.0,0.0,0.0,0.0,0.021312922,0.018923447,0.0019569471,1.0,1.0,0.0,0.0,1.0,0.0,0.0,0.81013656,1.0,1.0,0.10040032,0.0,0.0,0.0,0.0,0.093633264,0.0
0.0,0.0,0.029411765,0.2,0.0,0.0,0.0,0.0,0.0,0.0,0.0,0.0,0.0,0.0,0.0,0.0,0.0,0.0,0.0,0.0,0.0,0.004146725,0.017125688,0.021526419,0.12,0.0,0.88,1.0,0.04,0.06,0.0,0.77557695,1.0,1.0,0.09310887,0.0,0.0014884472,0.0,0.0,0.08119178,0.0
0.0,0.0,0.8235294,0.1,0.0,0.0,0.0,0.0,0.0,0.0,0.0,0.0,0.0,0.0,0.0,0.0,0.0,0.0,0.0,0.0,0.0,0.0,0.02361831,0.019569471,1.0,1.0,0.0,0.0,0.09,0.06,0.0,0.77155995,1.0,1.0,0.08647784,0.0,0.0,0.0,0.0,0.08737826,0.0
0.0,0.0,0.04411765,0.0,0.0008681168,0.0061771553,0.0,0.0,0.0,0.0,0.0,0.0,0.0,0.0,0.0,0.0,0.0,0.0,0.0,0.0,0.0,0.010215133,0.010655716,0.007827789,0.0,0.0,0.0,0.0,1.0,0.0,0.0,0.76930416,1.0,1.0,0.09652399,0.0,0.009745106,0.0,0.0,0.06704149,0.0
0.0,0.0,0.029411765,0.2,0.0,0.0,0.0,0.0,0.0,0.0,0.0,0.0,0.0,0.0,0.0,0.0,0.0,0.0,0.0,0.0,0.0,0.0,0.017190278,0.017612524,0.0,0.0,1.0,1.0,0.08,0.07,0.0,0.7639617,1.0,1.0,0.08976107,0.0,0.0030837804,0.0,0.0,0.076443285,0.0
0.0,0.0,0.45588234,0.1,0.0,0.0,0.0,0.0,0.0,0.0,0.0,0.0,0.0,0.0,0.0,0.0,0.0,0.0,0.0,0.0,0.0,0.0,0.023345105,0.009784736,1.0,1.0,0.0,0.0,0.02,0.06,0.0,0.7743689,1.0,1.0,0.087625764,0.0,0.0,0.0,0.0,0.08873302,0.0
0.12580785,0.0,0.13235295,0.0,0.0,3.2691223e-05,0.0,0.0,0.0,0.0,0.0,0.0,0.0,0.0,0.0,0.0,0.0,0.0,0.0,0.0,0.0,0.0,0.017720103,0.0019569471,0.0,0.0,0.0,0.0,1.0,0.0,0.0,0.74453115,1.0,1.0,0.083687596,0.0,0.004154578,0.0,0.0,0.0756661,0.0
0.0,0.0,0.029411765,0.1,0.0,0.0,0.0,0.0,0.0,0.0,0.0,0.0,0.0,0.0,0.0,0.0,0.0,0.0,0.0,0.0,0.0,0.0,0.023426369,0.011741683,1.0,1.0,0.0,0.0,0.03,0.06,0.0,0.7726213,1.0,1.0,0.08705693,0.0,0.0,0.0,0.0,0.08819127,0.0
0.0,0.0,0.13235295,0.1,0.0,0.0,0.0,0.0,0.0,0.0009903014,0.0,0.0,0.0,0.0,0.0,0.0,0.0,0.0,0.0,0.0,0.0,0.005868256,0.022129454,0.23874755,1.0,1.0,0.0,0.0,1.0,0.0,0.0,0.7862768,1.0,1.0,0.091192774,0.0,0.0,0.0,0.0,0.08908251,0.0
0.0,0.0,0.029411765,0.2,0.0,0.0,0.0,0.0,0.0,0.0,0.0,0.0,0.0,0.0,0.0,0.0,0.0,0.0,0.0,0.0,0.0,0.0028598309,0.016855255,0.023483366,0.0,0.0,1.0,1.0,0.05,0.07,0.0,0.77212775,1.0,1.0,0.09235939,0.0,0.0022108406,0.0,0.0,0.07936853,0.0
0.0,0.0,0.42647058,0.2,0.0,0.0,0.0,0.0,0.0,0.0,0.0,0.0,0.0,0.0,0.0,0.0,0.0,0.0,0.0,0.0,0.0,0.0,0.017291538,0.011741683,0.0,0.0,1.0,1.0,0.06,0.06,0.0,0.7613189,1.0,1.0,0.08896848,0.0,0.0030986518,0.0,0.0,0.07595536,0.0
0.12587716,0.0,0.13235295,0.0,0.0,3.2691223e-05,0.0,0.0,0.0,0.0,0.0,0.0,0.0,0.0,0.0,0.0,0.0,0.0,0.0,0.0,0.0,0.0,0.017728806,0.0019569471,0.0,0.0,0.0,0.0,1.0,0.0,0.0,0.7434089,1.0,1.0,0.08337896,0.0,0.004171625,0.0,0.0,0.075543135,0.0
0.0,0.0,0.6911765,0.2,0.0,0.0,0.0,0.0,0.0,0.0,0.0,0.0,0.0,0.0,0.0,0.0,0.0,0.0,0.0,0.0,0.0,0.0013336241,0.016916335,0.03522505,0.0,0.0,1.0,1.0,0.13,0.06,0.0,0.76839566,1.0,1.0,0.09120604,0.0,0.0029968768,0.0,0.0,0.0773544,0.0
0.0,0.0,0.029411765,0.2,0.0,0.0,0.0,0.0,0.0,0.0,0.0,0.0,0.0,0.0,0.0,0.0,0.0,0.0,0.0,0.0,0.0,0.0039103627,0.016744629,0.025440313,0.0,0.0,1.0,1.0,0.05,0.07,0.0,0.77429545,1.0,1.0,0.09308194,0.0,0.0019149482,0.0,0.0,0.08023539,0.0
0.0,0.0,0.029411765,0.2,0.0,0.0,0.0,0.0,0.0,0.0,0.0,0.0,0.0,0.0,0.0,0.0,0.0,0.0,0.0,0.0,0.0,0.0016795397,0.016959302,0.017612524,0.0,0.0,1.0,1.0,0.04,0.06,0.0,0.77004504,1.0,1.0,0.09170053,0.0,0.0022922605,0.0,0.0,0.07884845,0.0
0.0,0.0,0.029411765,0.2,0.0,0.0,0.0,0.0,0.0,0.0,0.0,0.0,0.0,0.0,0.0,0.0,0.0,0.0,0.0,0.0,0.0,0.0,0.017310165,0.0058708414,0.0,0.0,1.0,1.0,0.02,0.07,0.0,0.762094,1.0,1.0,0.0891855,0.0,0.0028677583,0.0,0.0,0.07651368,0.0
0.0,0.0,0.04411765,0.0,0.0008681168,0.0061771553,0.0,0.0,0.0,0.0,0.0,0.0,0.0,0.0,0.0,0.0,0.0,0.0,0.0,0.0,0.0,0.009307414,0.010610156,0.039138943,0.0,0.0,0.0,0.0,1.0,0.0,0.15,0.76763904,1.0,1.0,0.096129574,0.0,0.009821698,0.0,0.0,0.06646091,0.0
0.0,0.0,0.0,0.1,0.0,0.0,0.0,0.0,0.0,0.0,0.0,0.0,0.0,0.0,0.0,0.0,0.0,0.0,0.0,0.0,0.0,0.0,0.023308583,0.023483366,1.0,1.0,0.0,0.0,0.07,0.09,0.0,0.7783421,1.0,1.0,0.08863493,0.0,0.0,0.0,0.0,0.08932102,0.0
0.0,0.0,0.5147059,0.2,0.0,0.0,0.0,0.0,0.0,0.0,0.0,0.0,0.0,0.0,0.0,0.0,0.0,0.0,0.0,0.0,0.0,0.0011781752,0.016992927,0.0332681,0.0,0.0,1.0,1.0,0.15,0.06,0.0,0.7679473,1.0,1.0,0.090983965,0.0,0.0031495988,0.0,0.0,0.077097625,0.0
0.0,0.0,0.029411765,0.1,0.0,0.0,0.0,0.0,0.0,0.0,0.0,0.0,0.0,0.0,0.0,0.0,0.0,0.0,0.0,0.0,0.0,0.0,0.023610167,0.025440313,1.0,1.0,0.0,0.0,0.13,0.06,0.0,0.77179873,1.0,1.0,0.086531244,0.0,0.0,0.0,0.0,0.08733705,0.0
0.0,0.0,0.4852941,0.2,0.0,0.0,0.0,0.0,0.0,0.0,0.0,0.0,0.0,0.0,0.0,0.0,0.0,0.0,0.0,0.0,0.0,0.0049305856,0.016674884,0.03522505,0.0,0.0,1.0,1.0,0.07,0.07,0.0,0.7756765,1.0,1.0,0.093473874,0.0,0.0021396726,0.0,0.0,0.080155015,0.0
0.0,0.0,0.029411765,0.2,0.0,0.0,0.0,0.0,0.0,0.0,0.0,0.0,0.0,0.0,0.0,0.0,0.0,0.0,0.0,0.0,0.0,0.003144443,0.016724281,0.023483366,0.0,0.0,1.0,1.0,0.04,0.05,0.0,0.77310026,1.0,1.0,0.09281313,0.0,0.0018418878,0.0,0.0,0.0799624,0.0
0.0,0.0,0.13235295,0.5,0.0,0.0,0.0,0.0,0.0,0.0034722388,0.0,0.0,0.0,0.0,0.0,0.0,0.0,0.0,0.0,0.0,0.0,0.014212579,0.016094685,0.037181996,0.0,0.0,1.0,1.0,0.25,0.05,0.0,0.7889044,1.0,1.0,0.09722165,0.0,0.0037478507,0.0,0.0,0.08032638,0.0
0.0,0.0,0.63235295,0.5,0.0,0.0,0.0,0.0,0.0,0.0,0.0,0.0,0.0,0.0,0.0,0.0,0.0,0.0,0.0,0.0,0.0,0.001088202,0.01693996,0.03522505,0.0,0.0,1.0,1.0,0.14,0.05,0.0,0.7678739,1.0,1.0,0.09103399,0.0,0.003074348,0.0,0.0,0.077139735,0.0
0.0,0.0,0.029411765,0.2,0.0,0.0,0.0,0.0,0.0,0.0,0.0,0.0,0.0,0.0,0.0,0.0,0.0,0.0,0.0,0.0,0.0,0.004685223,0.01669842,0.03522505,0.0,0.0,1.0,1.0,0.08,0.06,0.0,0.7751547,1.0,1.0,0.09330184,0.0,0.0022171885,0.0,0.0,0.07994047,0.0
0.0,1.0,0.36764705,0.0,1.6426413e-05,0.0,0.0,0.0,0.0,0.0,0.0,0.0,0.0,0.0,0.0,0.0,0.0,0.0,0.0,0.0,0.0,0.0,0.03975997,0.99804306,0.0,0.0,0.0,0.0,1.0,0.0,0.0,0.6209073,0.89881235,1.0,0.02856014,0.0,0.0054000914,0.0,0.0,0.06260173,0.0
0.0,0.0,0.04411765,0.0,0.0008681168,0.0061771553,0.0,0.0,0.0,0.0,0.0,0.0,0.0,0.0,0.0,0.0,0.0,0.0,0.0,0.0,0.0,0.007214129,0.010671616,0.011741683,0.0,0.0,0.0,0.0,1.0,0.0,0.33,0.76403546,1.0,1.0,0.09512261,0.0,0.009831026,0.0,0.0,0.06584403,0.0
0.0,0.0,0.029411765,0.1,0.0,0.0,0.0,0.0,0.0,0.0,0.0,0.0,0.0,0.0,0.0,0.0,0.0,0.0,0.0,0.0,0.0,0.0,0.023402818,0.017612524,1.0,1.0,0.0,0.0,0.06,0.09,0.0,0.77693534,1.0,1.0,0.08815839,0.0,0.0,0.0,0.0,0.088941306,0.0
1.7326518e-05,0.0,0.22058824,0.0,4.1368454e-05,0.00021769383,0.0,0.0,0.0,0.0,0.0,0.0,0.0,0.0,0.0,0.0,0.0,0.0,0.0,0.0,0.0,0.005147606,0.011364199,0.0058708414,0.0,0.0,0.0,0.0,1.0,0.0,0.0,0.76112795,1.0,1.0,0.09363844,0.0,0.009152204,0.0,0.0,0.06914431,0.0
0.0,0.0,0.029411765,0.2,0.0,0.0,0.0,0.0,0.0,0.0,0.0,0.0,0.0,0.0,0.0,0.0,0.0,0.0,0.0,0.0,0.0,0.0004003942,0.017077014,0.0058708414,0.0,0.0,1.0,1.0,0.01,0.07,0.0,0.7682247,1.0,1.0,0.091140576,0.0,0.0020691901,0.0,0.0,0.078938216,0.0
0.0,0.0,0.04411765,0.0,0.0008681168,0.0061771553,0.0,0.0,0.0,0.0,0.0,0.0,0.0,0.0,0.0,0.0,0.0,0.0,0.0,0.0,0.0,0.007908732,0.010703951,0.007827789,0.0,0.0,0.0,0.0,1.0,0.0,0.0,0.7653012,1.0,1.0,0.09542268,0.0,0.009776816,0.0,0.0,0.066292524,0.0
0.0,0.0,0.029411765,0.1,0.0,0.0,0.0,0.0,0.0,0.0,0.0,0.0,0.0,0.0,0.0,0.0,0.0,0.0,0.0,0.0,0.0,0.0,0.023562327,0.009784736,1.0,1.0,0.0,0.0,0.04,0.11,0.0,0.7726259,1.0,1.0,0.08685934,0.0,0.0,0.0,0.0,0.08791411,0.0
0.0,0.0,0.04411765,0.1,0.0,0.0,0.0,0.0,0.0,0.0043650568,0.0,0.0,0.0,0.0,0.0,0.0,0.0,0.0,0.0,0.0,0.0,0.0077843666,0.0227997,0.02739726,1.0,1.0,0.0,0.0,0.32,0.09,0.0,0.79305196,1.0,1.0,0.092703246,0.0,0.0,0.0,0.0,0.09110603,0.0
1.7326518e-05,0.0,0.22058824,0.0,4.1368454e-05,0.00021769383,0.0,0.0,0.0,0.0,0.0,0.0,0.0,0.0,0.0,0.0,0.0,0.0,0.0,0.0,0.0,0.0022556186,0.010990739,0.007827789,0.0,0.0,0.0,0.0,1.0,0.0,0.0,0.75567985,1.0,1.0,0.09259898,0.0,0.009695426,0.0,0.0,0.065322936,0.0
0.1402755,0.0,0.13235295,0.0,0.0,1.1144735e-05,0.0,0.0,0.0,0.0,0.0,0.0,0.0,0.0,0.0,0.0,0.0,0.0,0.0,0.0,0.0,0.0,0.034055322,0.0019569471,0.0,0.0,0.0,0.0,1.0,0.0,0.0,0.63940763,0.92303073,1.0,0.038367458,0.0,0.009382889,0.0,0.0,0.06100361,0.0
1.7326518e-05,0.0,0.22058824,0.0,4.1368454e-05,0.00021769383,0.0,0.0,0.0,0.0,0.0,0.0,0.0,0.0,0.0,0.0,0.0,0.0,0.0,0.0,0.0,0.0,0.013108008,0.0058708414,0.0,0.0,0.0,0.0,1.0,0.0,0.0,0.75346017,1.0,1.0,0.09006285,0.0,0.007587731,0.0,0.0,0.07294333,0.0
0.0,0.0,0.7647059,0.2,0.0,0.0,0.0,0.0,0.0,0.0,0.0,0.0,0.0,0.0,0.0,0.0,0.0,0.0,0.0,0.0,0.0,0.0,0.017406225,0.0019569471,0.0,0.0,1.0,1.0,0.01,0.08,0.0,0.75894177,1.0,1.0,0.08824811,0.0,0.003021881,0.0,0.0,0.075625956,0.0
0.015628519,0.0,0.04411765,0.3,0.0008993779,0.0,0.0,0.0,0.0,0.009149849,0.0,0.0,0.0,0.0,0.0,0.0,0.0,0.0,0.0,0.0,0.0,0.026801705,0.010052614,0.119373776,0.02,0.02,0.97,0.97,1.0,0.0,0.0,0.7978947,1.0,1.0,0.10463517,0.0,0.00950028,0.0,0.0,0.07259539,0.0
0.0,0.0,0.75,0.5,0.0,0.0,0.0,0.0,0.0,0.0,0.0,0.0,0.0,0.0,0.0,0.0,0.0,0.0,0.0,0.0,0.0,0.0,0.017084815,0.025440313,0.0,0.0,1.0,1.0,0.11,0.07,0.0,0.7657931,1.0,1.0,0.09034478,0.0,0.0030658245,0.0,0.0,0.076835304,0.0
0.0,0.0,0.4117647,0.2,0.0,0.0,0.0,0.0,0.0,0.0,0.0,0.0,0.0,0.0,0.0,0.0,0.0,0.0,0.0,0.0,0.0,0.001332581,0.0169449,0.011741683,0.0,0.0,1.0,1.0,0.02,0.07,0.0,0.76996374,1.0,1.0,0.09175261,0.0,0.0019266456,0.0,0.0,0.07941389,0.0
0.0,0.0,0.04411765,0.0,0.0008681168,0.0061771553,0.0,0.0,0.0,0.0,0.0,0.0,0.0,0.0,0.0,0.0,0.0,0.0,0.0,0.0,0.0,0.007664442,0.010683291,0.023483366,0.0,0.0,0.0,0.0,1.0,0.0,0.17,0.76487935,1.0,1.0,0.09533369,0.0,0.009782657,0.0,0.0,0.0661501,0.0
0.0,0.0,0.029411765,0.2,0.0,0.0,0.0,0.0,0.0,0.0,0.0,0.0,0.0,0.0,0.0,0.0,0.0,0.0,0.0,0.0,0.0,0.0,0.017272793,0.007827789,0.0,0.0,1.0,1.0,0.03,0.06,0.0,0.7613356,1.0,1.0,0.08902506,0.0,0.0029316992,0.0,0.0,0.076108575,0.0
0.0,0.0,0.029411765,0.2,0.0,0.0,0.0,0.0,0.0,0.0,0.0,0.0,0.0,0.0,0.0,0.0,0.0,0.0,0.0,0.0,0.0,0.0,0.01722259,0.017612524,0.0,0.0,1.0,1.0,0.1,0.08,0.0,0.7642107,1.0,1.0,0.08977661,0.0,0.003159076,0.0,0.0,0.07644877,0.0
0.0,0.0,0.13235295,0.1,0.0,0.0,0.0,0.0,0.0,0.0,0.0,0.0,0.0,0.0,0.0,0.0,0.0,0.0,0.0,0.0,0.0,0.0,0.022215381,0.02739726,1.0,1.0,0.0,0.0,0.24,0.07,0.0,0.7720257,1.0,1.0,0.087569155,0.0,0.0,0.0,0.0,0.08654937,0.0
0.0,0.0,0.5588235,0.5,0.0,0.0,0.0,0.0,0.0,0.0,0.0,0.0,0.0,0.0,0.0,0.0,0.0,0.0,0.0,0.0,0.0,0.0,0.01713112,0.019569471,0.0,0.0,1.0,1.0,0.08,0.05,0.0,0.76499104,1.0,1.0,0.09010816,0.0,0.0029569566,0.0,0.0,0.07684201,0.0
0.0,0.0,0.13235295,0.1,0.0,0.0,0.0,0.0,0.0,0.061069578,0.0,0.0,0.0,0.0,0.0,0.0,0.0027590618,0.026580513,0.0,0.0,0.0,0.07174757,0.019542806,0.24657534,1.0,1.0,0.0,0.0,1.0,0.0,0.0,0.89966536,1.0,1.0,0.12351357,0.0,0.0,0.0,0.0,0.11321369,0.0
0.0,0.0,0.029411765,0.2,0.0,0.0,0.0,0.0,0.0,0.0,0.0,0.0,0.0,0.0,0.0,0.0,0.0,0.0,0.0,0.0,0.0,0.0,0.017096885,0.023483366,0.0,0.0,1.0,1.0,0.1,0.06,0.0,0.7658073,1.0,1.0,0.09034174,0.0,0.0030376017,0.0,0.0,0.07686594,0.0
0.0,0.0,0.029411765,0.2,0.0,0.0,0.0,0.0,0.0,0.0,0.0,0.0,0.0,0.0,0.0,0.0,0.0,0.0,0.0,0.0,0.0,0.0043060184,0.016734794,0.03522505,0.0,0.0,1.0,1.0,0.08,0.06,0.0,0.7743485,1.0,1.0,0.09303596,0.0,0.002336979,0.0,0.0,0.0796088,0.0
0.0,0.0,0.029411765,0.1,0.0,0.0,0.0,0.0,0.0,0.0,0.0,0.0,0.0,0.0,0.0,0.0,0.0,0.0,0.0,0.0,0.0,0.0,0.023435183,0.0058708414,1.0,1.0,0.0,0.0,0.02,0.09,0.0,0.7735796,1.0,1.0,0.08730214,0.0,0.0,0.0,0.0,0.08847302,0.0
0.0,0.0,0.029411765,0.2,0.0,0.0,0.0,0.0,0.0,0.0,0.0,0.0,0.0,0.0,0.0,0.0,0.0,0.0,0.0,0.0,0.0,0.001755178,0.016975172,0.015655577,0.0,0.0,1.0,1.0,0.04,0.08,0.0,0.7703173,1.0,1.0,0.091767095,0.0,0.0021882802,0.0,0.0,0.07915056,0.0
0.0,0.0,0.029411765,0.2,0.0,0.0,0.0,0.0,0.0,0.0,0.0,0.0,0.0,0.0,0.0,0.0,0.0,0.0,0.0,0.0,0.0,0.0,0.017497674,0.03522505,0.0,0.0,1.0,1.0,0.07,0.07,0.0,0.7651136,1.0,1.0,0.089890055,0.0,0.0021838546,0.0,0.0,0.078294426,0.0
0.0,1.0,0.36764705,0.0,1.6044403e-05,0.0,0.0,0.0,0.0,0.0,0.0,0.0,0.0,0.0,0.0,0.0,0.0,0.0,0.0,0.0,0.0,0.011320949,0.014180131,0.11545988,0.0,0.0,0.0,0.0,1.0,0.0,0.0,0.776332,1.0,1.0,0.09578701,0.0,0.0049193203,0.0,0.0,0.08211601,0.0
0.14070866,0.0,0.13235295,0.8,1.5917067e-08,1.1144735e-05,0.0,0.0,0.0,0.0,0.0,0.0,0.0,0.0,0.0,0.0,0.0,0.0,0.0,0.0,0.0,0.0,0.018671595,0.0019569471,1.0,1.0,0.0,0.0,1.0,0.0,0.0,0.75828457,1.0,1.0,0.08681285,0.0,0.00090929866,0.0,0.0,0.08149728,0.0
0.0,1.0,0.36764705,0.0,1.6426413e-05,0.0,0.0,0.0,0.0,0.0,0.0,0.0,0.0,0.0,0.0,0.0,0.0,0.0,0.0,0.0,0.0,0.0,0.020446122,0.99804306,0.0,0.0,0.0,0.0,1.0,0.0,0.0,0.7190281,1.0,1.0,0.07513992,0.0,0.0023006052,0.0,0.0,0.07159406,0.0
0.0,0.0,0.029411765,0.2,0.0,0.0,0.0,0.0,0.0,0.0,0.0,0.0,0.0,0.0,0.0,0.0,0.0,0.0,0.0,0.0,0.0,0.0,0.017352745,0.0019569471,0.0,0.0,1.0,1.0,0.01,0.06,0.0,0.76012754,1.0,1.0,0.08863916,0.0,0.0028457195,0.0,0.0,0.07611367,0.0
0.0,0.0,0.029411765,0.1,0.0,0.0,0.0,0.0,0.0,0.0,0.0,0.0,0.0,0.0,0.0,0.0,0.0,0.0,0.0,0.0,0.0,0.004508376,0.020503052,0.01369863,0.76,0.29,0.24,0.71,0.03,0.07,0.0,0.7825475,1.0,1.0,0.091975994,0.0,0.0,0.0,0.0,0.08782977,0.0
0.0,0.0,0.04411765,0.0,0.0008681168,0.0061771553,0.0,0.0,0.0,0.0,0.0,0.0,0.0,0.0,0.0,0.0,0.0,0.0,0.0,0.0,0.0,0.001885891,0.010897137,0.0039138943,0.0,0.0,0.0,0.0,1.0,0.0,0.0,0.7549064,1.0,1.0,0.09249904,0.0,0.009821117,0.0,0.0,0.06451142,0.0
1.7326518e-05,0.0,0.22058824,0.0,4.1368454e-05,0.00021769383,0.0,0.0,0.0,0.0,0.0,0.0,0.0,0.0,0.0,0.0,0.0,0.0,0.0,0.0,0.0,0.0,0.014138207,0.0039138943,0.0,0.0,0.0,0.0,1.0,0.0,0.0,0.74716103,1.0,1.0,0.0876862,0.0,0.006459847,0.0,0.0,0.07119611,0.0
0.0,0.0,0.029411765,0.2,0.0,0.0,0.0,0.0,0.0,0.0,0.0,0.0,0.0,0.0,0.0,0.0,0.0,0.0,0.0,0.0,0.0,0.0,0.017128952,0.019569471,0.0,0.0,1.0,1.0,0.08,0.06,0.0,0.7650385,1.0,1.0,0.090123825,0.0,0.002949953,0.0,0.0,0.07686147,0.0
0.0,0.0,0.13235295,0.8,0.0,3.2691223e-05,0.0,0.0,0.0,0.0,0.0,0.0,0.0,0.0,0.0,0.0,0.0,0.0,0.0,0.0,0.0,0.0,0.020324565,0.0019569471,1.0,1.0,0.0,0.0,1.0,0.0,0.0,0.7304281,1.0,1.0,0.07776476,0.0,0.0021458268,0.0,0.0,0.07662192,0.0
0.12929048,0.0,0.13235295,0.0,0.0,3.2691223e-05,0.0,0.0,0.0,0.021458179,0.0,0.0,0.0,0.0,0.0,0.0,0.0,0.0,0.0,0.0,0.0,0.030652463,0.01842355,0.0019569471,0.0,0.0,0.0,0.0,1.0,0.0,0.0,0.8226446,1.0,1.0,0.103891306,0.0,0.00066773593,0.0,0.0,0.09598172,0.0
0.0,0.0,0.029411765,0.1,0.0,0.0,0.0,0.0,0.0,0.0,0.0,0.0,0.0,0.0,0.0,0.0,0.0,0.0,0.0,0.0,0.0,0.0,0.0234489,0.0332681,1.0,1.0,0.0,0.0,0.13,0.06,0.0,0.77552974,1.0,1.0,0.087688275,0.0,0.0,0.0,0.0,0.088251114,0.0
0.0,0.0,0.029411765,0.1,0.0,0.0,0.0,0.0,0.0,0.0,0.0,0.0,0.0,0.0,0.0,0.0,0.0,0.0,0.0,0.0,0.0,0.0,0.023536451,0.021526419,1.0,1.0,0.0,0.0,0.08,0.06,0.0,0.7720275,1.0,1.0,0.0867114,0.0,0.0,0.0,0.0,0.08763468,0.0
0.013930521,0.0,0.04411765,0.3,0.0008993779,0.0,0.0,0.0,0.0,0.026243567,0.0,0.0,0.0,0.0,0.0,0.0,0.0016741306,0.008024901,0.0,0.0,0.0,0.045700878,0.00959143,0.13894325,0.03,0.03,0.97,0.97,1.0,0.0,0.0,0.83062553,1.0,1.0,0.11369126,0.0,0.00921233,0.0,0.0,0.07904947,0.0
0.0,0.0,0.029411765,0.1,0.0,0.0,0.0,0.0,0.0,0.0,0.0,0.0,0.0,0.0,0.0,0.0,0.0,0.0,0.0,0.0,0.0,0.0,0.023359567,0.021526419,1.0,1.0,0.0,0.0,0.06,0.08,0.0,0.77683794,1.0,1.0,0.08818402,0.0,0.0,0.0,0.0,0.088986754,0.0
0.0,0.0,0.13235295,0.8,0.0,3.2691223e-05,0.0,0.0,0.0,0.0,0.0,0.0,0.0,0.0,0.0,0.0,0.0,0.0,0.0,0.0,0.0,0.0,0.019824602,0.0019569471,1.0,1.0,0.0,0.0,1.0,0.0,0.0,0.74795556,1.0,1.0,0.08285212,0.0,0.0019280165,0.0,0.0,0.0805023,0.0
0.0,0.0,0.029411765,0.1,0.0,0.0,0.0,0.0,0.0,0.0,0.0,0.0,0.0,0.0,0.0,0.0,0.0,0.0,0.0,0.0,0.0,0.0,0.023592144,0.015655577,1.0,1.0,0.0,0.0,0.06,0.07,0.0,0.77114415,1.0,1.0,0.08642449,0.0,0.0,0.0,0.0,0.08744368,0.0
0.0,1.0,0.36764705,0.0,1.6426413e-05,0.0,0.0,0.0,0.0,0.0,0.0,0.0,0.0,0.0,0.0,0.0,0.0,0.0,0.0,0.0,0.0,0.0,0.023778178,0.9941292,0.0,0.0,0.0,0.0,1.0,0.0,0.0,0.6902747,0.98888946,1.0,0.0642465,0.0,0.0029491633,0.0,0.0,0.06481561,0.0
0.0,1.0,0.36764705,0.0,1.6044403e-05,0.0,0.0,0.0,0.0,0.0035698414,0.0,0.0,0.0,0.0,0.0,0.0,0.0,0.0,0.0,0.0,0.0,0.015741616,0.014762141,0.57925636,0.0,0.0,0.0,0.0,1.0,0.0,0.0,0.78550124,1.0,1.0,0.097697444,0.0,0.0039201975,0.0,0.0,0.08661786,0.0
0.0,0.0,0.13235295,0.8,0.0,3.2691223e-05,0.0,0.0,0.0,0.011221498,0.0,0.0,0.0,0.0,0.0,0.0,0.0,0.0,0.0,0.0,0.0,0.017246038,0.018777251,0.0019569471,1.0,1.0,0.0,0.0,1.0,0.0,0.0,0.8028915,1.0,1.0,0.098629616,0.0,0.0,0.0,0.0,0.092042685,0.0
0.0,0.0,0.029411765,0.2,0.0,0.0,0.0,0.0,0.0,0.0,0.0,0.0,0.0,0.0,0.0,0.0,0.0,0.0,0.0,0.0,0.0,0.0015916228,0.016896322,0.021526419,0.0,0.0,1.0,1.0,0.05,0.07,0.0,0.76991,1.0,1.0,0.09173795,0.0,0.0022522807,0.0,0.0,0.078840375,0.0
0.0,0.0,0.029411765,0.2,0.0,0.0,0.0,0.0,0.0,0.0,0.0,0.0,0.0,0.0,0.0,0.0,0.0,0.0,0.0,0.0,0.0,0.0,0.017103158,0.023483366,0.0,0.0,1.0,1.0,0.1,0.07,0.0,0.76470447,1.0,1.0,0.09004461,0.0,0.0030891746,0.0,0.0,0.07650924,0.0
0.0,0.0,0.029411765,0.2,0.0,0.0,0.0,0.0,0.0,0.0,0.0,0.0,0.0,0.0,0.0,0.0,0.0,0.0,0.0,0.0,0.0,0.0019095838,0.016880073,0.039138943,0.0,0.0,1.0,1.0,0.15,0.05,0.0,0.76925933,1.0,1.0,0.0914552,0.0,0.0030704588,0.0,0.0,0.077397704,0.0
0.0,0.0,0.029411765,0.5,0.0,0.0,0.0,0.0,0.0,0.0,0.0,0.0,0.0,0.0,0.0,0.0,0.0,0.0,0.0,0.0,0.0,0.00034046173,0.01702565,0.02739726,0.0,0.0,1.0,1.0,0.1,0.06,0.0,0.76682234,1.0,1.0,0.09069193,0.0,0.0029390007,0.0,0.0,0.07723394,0.0
0.0,0.0,0.029411765,0.1,0.0,0.0,0.0,0.0,0.0,0.0,0.0,0.0,0.0,0.0,0.0,0.0,0.0,0.0,0.0,0.0,0.0,0.0,0.023454852,0.037181996,1.0,1.0,0.0,0.0,0.16,0.06,0.0,0.7753664,1.0,1.0,0.08762243,0.0,0.0,0.0,0.0,0.08817744,0.0
0.0,0.0,0.029411765,0.1,0.0,0.0,0.0,0.0,0.0,0.0,0.0,0.0,0.0,0.0,0.0,0.0,0.0,0.0,0.0,0.0,0.0,0.0,0.023500472,0.0039138943,1.0,1.0,0.0,0.0,0.01,0.09,0.0,0.772735,1.0,1.0,0.08699945,0.0,0.0,0.0,0.0,0.08817604,0.0
0.0,0.0,0.4852941,0.2,0.0,0.0,0.0,0.0,0.0,0.0,0.0,0.0,0.0,0.0,0.0,0.0,0.0,0.0,0.0,0.0,0.0,0.0030559897,0.016793773,0.029354207,0.0,0.0,1.0,1.0,0.07,0.07,0.0,0.7723013,1.0,1.0,0.092455305,0.0,0.0023008436,0.0,0.0,0.0792003,0.0
1.7326518e-05,0.0,0.22058824,0.0,4.1368454e-05,0.00021769383,0.0,0.0,0.0,0.0,0.0,0.0,0.0,0.0,0.0,0.0,0.0,0.0,0.0,0.0,0.0,0.002126038,0.011010222,0.0039138943,0.0,0.0,0.0,0.0,0.67,0.67,0.0,0.75547326,1.0,1.0,0.092526026,0.0,0.009696186,0.0,0.0,0.065273345,0.0
0.0,0.0,0.029411765,0.2,0.0,0.0,0.0,0.0,0.0,0.0,0.0,0.0,0.0,0.0,0.0,0.0,0.0,0.0,0.0,0.0,0.0,0.00012123585,0.017028913,0.007827789,0.0,0.0,1.0,1.0,0.02,0.06,0.0,0.76770353,1.0,1.0,0.091058366,0.0,0.0020979643,0.0,0.0,0.078630686,0.0
0.0,0.0,0.029411765,0.1,0.0,0.0,0.0,0.0,0.0,0.0,0.0,0.0,0.0,0.0,0.0,0.0,0.0,0.0,0.0,0.0,0.0,0.0,0.023046814,0.023483366,1.0,1.0,0.0,0.0,0.04,0.06,0.0,0.780689,1.0,1.0,0.089620106,0.0,0.0,0.0,0.0,0.0903576,0.0
0.0,0.0,0.029411765,0.1,0.0,0.0,0.0,0.0,0.0,0.0,0.0,0.0,0.0,0.0,0.0,0.0,0.0,0.0,0.0,0.0,0.0,0.0,0.023730218,0.007827789,1.0,1.0,0.0,0.0,0.1,0.19,0.0,0.77400327,1.0,1.0,0.08695667,0.0,0.0,0.0,0.0,0.087845445,0.0
0.0,0.0,0.029411765,0.2,0.0,0.0,0.0,0.0,0.0,0.0,0.0,0.0,0.0,0.0,0.0,0.0,0.0,0.0,0.0,0.0,0.0,0.0,0.017153166,0.0039138943,0.0,0.0,1.0,1.0,0.01,0.06,0.0,0.76585543,1.0,1.0,0.09041806,0.0,0.0022828728,0.0,0.0,0.07808548,0.0
1.7326518e-05,0.0,0.22058824,0.0,4.1368454e-05,0.00021769383,0.0,0.0,0.0,0.0,0.0,0.0,0.0,0.0,0.0,0.0,0.0,0.0,0.0,0.0,0.0,0.0030064285,0.012418143,0.0039138943,0.0,0.0,0.0,0.0,1.0,0.0,0.0,0.7581607,1.0,1.0,0.091819264,0.0,0.008418605,0.0,0.0,0.07270619,0.0
0.0,0.0,0.029411765,0.1,0.0,0.0,0.0,0.0,0.0,0.0,0.0,0.0,0.0,0.0,0.0,0.0,0.0,0.0,0.0,0.0,0.0,0.0,0.02355516,0.007827789,1.0,1.0,0.0,0.0,0.03,0.1,0.0,0.7733666,1.0,1.0,0.087063484,0.0,0.0,0.0,0.0,0.0880931,0.0
0.0,0.0,0.029411765,0.2,0.0,0.0,0.0,0.0,0.0,0.0,0.0,0.0,0.0,0.0,0.0,0.0,0.0,0.0,0.0,0.0,0.0,5.841255e-06,0.017057702,0.02739726,0.0,0.0,1.0,1.0,0.12,0.07,0.0,0.7661109,1.0,1.0,0.09045731,0.0,0.0030447096,0.0,0.0,0.07694131,0.0
0.0,0.0,0.60294116,0.5,0.0,0.0,0.0,0.0,0.0,0.0,0.0,0.0,0.0,0.0,0.0,0.0,0.0,0.0,0.0,0.0,0.0,0.0,0.017211586,0.0019569471,0.0,0.0,1.0,1.0,0.01,0.07,0.0,0.76421857,1.0,1.0,0.08992166,0.0,0.0023501962,0.0,0.0,0.0776993,0.0
0.0,0.0,0.029411765,0.2,0.0,0.0,0.0,0.0,0.0,0.0,0.0,0.0,0.0,0.0,0.0,0.0,0.0,0.0,0.0,0.0,0.0,0.004149109,0.016688295,0.037181996,0.0,0.0,1.0,1.0,0.08,0.06,0.0,0.7741327,1.0,1.0,0.09303903,0.0,0.002282828,0.0,0.0,0.07959232,0.0
0.0,0.0,0.029411765,0.1,0.0,0.0,0.0,0.0,0.0,0.0,0.0,0.0,0.0,0.0,0.0,0.0,0.0,0.0,0.0,0.0,0.0,0.0,0.023265071,0.015655577,1.0,1.0,0.0,0.0,0.04,0.08,0.0,0.7773899,1.0,1.0,0.08848458,0.0,0.0,0.0,0.0,0.08940825,0.0
0.0,0.0,0.029411765,0.2,0.0,0.0,0.0,0.0,0.0,0.0,0.0,0.0,0.0,0.0,0.0,0.0,0.0,0.0,0.0,0.0,0.0,0.0,0.017078958,0.02739726,0.0,0.0,1.0,1.0,0.12,0.05,0.0,0.764676,1.0,1.0,0.09005066,0.0,0.0031456053,0.0,0.0,0.07644814,0.0
0.0,0.0,0.04411765,0.1,0.0,0.0,0.0,0.0,0.0,0.012301862,0.0,0.0,0.0,0.0,0.0,0.0,0.0,0.0,0.0,0.0,0.0,0.027141184,0.013620332,0.023483366,0.08,0.08,0.92,0.92,1.0,0.0,0.0,0.8056189,1.0,1.0,0.10357673,0.0,0.0065130442,0.0,0.0,0.07877165,0.0
0.0,0.0,0.7647059,0.2,0.0,0.0,0.0,0.0,0.0,0.0,0.0,0.0,0.0,0.0,0.0,0.0,0.0,0.0,0.0,0.0,0.0,0.00044295192,0.017082758,0.0039138943,0.0,0.0,1.0,1.0,0.01,0.07,0.0,0.76838136,1.0,1.0,0.09118443,0.0,0.0020198673,0.0,0.0,0.079027355,0.0
0.0,0.0,0.029411765,0.1,0.0,0.0,0.0,0.0,0.0,0.0,0.0,0.0,0.0,0.0,0.0,0.0,0.0,0.0,0.0,0.0,0.0,0.0,0.02325683,0.01369863,1.0,1.0,0.0,0.0,0.03,0.06,0.0,0.77573645,1.0,1.0,0.088091366,0.0,0.0,0.0,0.0,0.08910608,0.0
0.0,0.0,0.029411765,0.2,0.0,0.0,0.0,0.0,0.0,0.0,0.0,0.0,0.0,0.0,0.0,0.0,0.0,0.0,0.0,0.0,0.0,0.0,0.017115504,0.0019569471,0.0,0.0,1.0,1.0,0.0,0.07,0.0,0.7673136,1.0,1.0,0.09087571,0.0,0.0020026714,0.0,0.0,0.07887533,0.0
0.0,1.0,0.36764705,0.0,1.6044403e-05,0.0,0.0,0.0,0.0,0.0016422868,0.0,0.0,0.0,0.0,0.0,0.0,0.0,0.0,0.0,0.0,0.0,0.014022589,0.014543198,0.40117416,0.0,0.0,0.0,0.0,1.0,0.0,0.0,0.7819433,1.0,1.0,0.09694979,0.0,0.004303649,0.0,0.0,0.08488768,0.0
1.7326518e-05,0.0,0.22058824,0.0,4.1368454e-05,0.00021769383,0.0,0.0,0.0,0.0,0.0,0.0,0.0,0.0,0.0,0.0,0.0,0.0,0.0,0.0,0.0,0.0028032959,0.010989837,0.0019569471,0.0,0.0,0.0,0.0,1.0,0.0,0.0,0.75662327,1.0,1.0,0.09284624,0.0,0.009696543,0.0,0.0,0.06549528,0.0
0.0,0.0,0.029411765,0.2,0.0,0.0,0.0,0.0,0.0,0.0,0.0,0.0,0.0,0.0,0.0,0.0,0.0,0.0,0.0,0.0,0.0,0.00046357512,0.01699987,0.03522505,0.0,0.0,1.0,1.0,0.18,0.06,0.0,0.7665458,1.0,1.0,0.09059601,0.0,0.003271699,0.0,0.0,0.07659343,0.0
0.0,1.0,0.36764705,0.0,1.6426413e-05,0.0,0.0,0.0,0.0,0.0,0.0,0.0,0.0,0.0,0.0,0.0,0.0,0.0,0.0,0.0,0.0,0.010799766,0.01396957,0.017612524,0.0,0.0,0.0,0.0,1.0,0.0,0.0,0.77510464,1.0,1.0,0.09565274,0.0,0.005134344,0.0,0.0,0.081198215,0.0
0.0,0.0,0.13235295,0.5,0.0,0.0,0.0,0.0,0.0,0.0040086806,0.0,0.0,0.0,0.0,0.0,0.0,0.0,0.0,0.0,0.0,0.0,0.015235096,0.01611001,0.007827789,0.0,0.0,1.0,1.0,0.25,0.25,0.0,0.790105,1.0,1.0,0.09745654,0.0,0.0040756464,0.0,0.0,0.08029565,0.0
0.0,0.0,0.029411765,0.1,0.0,0.0,0.0,0.0,0.0,0.0013714135,0.0,0.0,0.0,0.0,0.0,0.0,0.0,0.0,0.0,0.0,0.0,0.0057428777,0.020414814,0.0332681,0.69,0.41,0.31,0.59,0.07,0.07,0.0,0.7853961,1.0,1.0,0.0928716,0.0,0.0,0.0,0.0,0.088422865,0.0
0.14160964,0.0,0.13235295,0.0,0.0,1.1144735e-05,0.0,0.0,0.0,0.0,0.0,0.0,0.0,0.0,0.0,0.0,0.0,0.0,0.0,0.0,0.0,0.0,0.019141346,0.0019569471,0.0,0.0,0.0,0.0,1.0,0.0,0.0,0.74220204,1.0,1.0,0.081998296,0.0,0.0017789304,0.0,0.0,0.07725796,0.0
1.7326518e-05,0.0,0.22058824,0.0,4.1368454e-05,0.00021769383,0.0,0.0,0.0,0.0,0.0,0.0,0.0,0.0,0.0,0.0,0.0,0.0,0.0,0.0,0.0,0.0,0.013427533,0.0039138943,0.0,0.0,0.0,0.0,1.0,0.0,0.0,0.7527636,1.0,1.0,0.08961589,0.0,0.0073054135,0.0,0.0,0.073171794,0.0
0.0,0.0,0.30882353,0.1,0.0,0.0,0.0,0.0,0.0,0.0,0.0,0.0,0.0,0.0,0.0,0.0,0.0,0.0,0.0,0.0,0.0,0.0,0.02335535,0.021526419,1.0,1.0,0.0,0.0,0.07,0.1,0.0,0.77749693,1.0,1.0,0.08835522,0.0,0.0,0.0,0.0,0.08912876,0.0
0.0,0.0,0.029411765,0.1,0.0,0.0,0.0,0.0,0.0,0.0,0.0,0.0,0.0,0.0,0.0,0.0,0.0,0.0,0.0,0.0,0.0,0.0,0.023663297,0.015655577,1.0,1.0,0.0,0.0,0.07,0.06,0.0,0.7701777,1.0,1.0,0.086074434,0.0,0.0,0.0,0.0,0.08709538,0.0
0.013999826,0.0,0.04411765,0.3,0.0008872809,7.4298237e-07,0.0,0.0,0.0,0.0434016,0.0,0.0,0.0,0.0,0.0,0.00025050342,0.003621757,0.023359835,0.0,0.0,0.0,0.06511375,0.0090541765,0.052837573,0.0,0.0,1.0,1.0,1.0,0.0,0.0,0.863981,1.0,1.0,0.12297463,0.0,0.009279877,0.0,0.0,0.084117025,0.0
0.0,0.0,0.47058824,0.2,0.0,0.0,0.0,0.0,0.0,0.0,0.0,0.0,0.0,0.0,0.0,0.0,0.0,0.0,0.0,0.0,0.0,0.0033993423,0.01678393,0.02739726,0.0,0.0,1.0,1.0,0.06,0.06,0.0,0.7731428,1.0,1.0,0.09270958,0.0,0.0021122247,0.0,0.0,0.07973659,0.0
0.0,0.0,0.04411765,0.1,0.0,0.0,0.0,0.0,0.0,0.055985004,0.0,0.0,0.0,0.0,0.0,0.0,0.0024751127,0.02506411,0.0,0.0,0.0,0.071088016,0.015665919,0.16829745,1.0,1.0,0.0,0.0,1.0,0.0,0.0,0.88867867,1.0,1.0,0.12379024,0.0,0.001967281,0.0,0.0,0.10470095,0.0
0.0,0.0,0.45588234,0.2,0.0,0.0,0.0,0.0,0.0,0.0,0.0,0.0,0.0,0.0,0.0,0.0,0.0,0.0,0.0,0.0,0.0,0.0,0.017136753,0.0058708414,0.0,0.0,1.0,1.0,0.01,0.07,0.0,0.76593614,1.0,1.0,0.090452395,0.0,0.0022969693,0.0,0.0,0.07809389,0.0
0.0,0.0,0.42647058,0.2,0.0,0.0,0.0,0.0,0.0,0.0,0.0,0.0,0.0,0.0,0.0,0.0,0.0,0.0,0.0,0.0,0.0,0.0,0.017253019,0.011741683,0.0,0.0,1.0,1.0,0.05,0.07,0.0,0.7621727,1.0,1.0,0.089250065,0.0,0.002971813,0.0,0.0,0.07630649,0.0
0.0,0.0,0.89705884,0.1,0.0,0.0,0.0,0.0,0.0,0.0,0.0,0.0,0.0,0.0,0.0,0.0,0.0,0.0,0.0,0.0,0.0,0.0,0.023238048,0.029354207,1.0,1.0,0.0,0.0,0.08,0.08,0.0,0.7794267,1.0,1.0,0.088994764,0.0,0.0,0.0,0.0,0.08958459,0.0
0.0,0.0,0.029411765,0.1,0.0,0.0,0.0,0.0,0.0,0.0,0.0,0.0,0.0,0.0,0.0,0.0,0.0,0.0,0.0,0.0,0.0,0.0,0.023168989,0.021526419,1.0,1.0,0.0,0.0,0.04,0.06,0.0,0.7782184,1.0,1.0,0.08881908,0.0,0.0,0.0,0.0,0.08967504,0.0
0.0,0.0,0.029411765,0.2,0.0,0.0,0.0,0.0,0.0,0.0,0.0,0.0,0.0,0.0,0.0,0.0,0.0,0.0,0.0,0.0,0.0,0.004928589,0.016684845,0.0332681,0.0,0.0,1.0,1.0,0.07,0.06,0.0,0.77573824,1.0,1.0,0.09348648,0.0,0.0021044165,0.0,0.0,0.08020511,0.0
0.0,0.0,0.20588236,0.1,0.0,0.0,0.0,0.0,0.0,0.0,0.0,0.0,0.0,0.0,0.0,0.0,0.0,0.0,0.0,0.0,0.0,0.0,0.023532651,0.009784736,1.0,1.0,0.0,0.0,0.03,0.09,0.0,0.77302873,1.0,1.0,0.08700528,0.0,0.0,0.0,0.0,0.08805925,0.0
0.0,0.0,0.3382353,0.2,0.0,0.0,0.0,0.0,0.0,0.0,0.0,0.0,0.0,0.0,0.0,0.0,0.0,0.0,0.0,0.0,0.0,0.001939863,0.01683987,0.023483366,0.0,0.0,1.0,1.0,0.05,0.06,0.0,0.7705389,1.0,1.0,0.09196856,0.0,0.0022224337,0.0,0.0,0.07890889,0.0
0.0,0.0,0.04411765,0.2,0.0,0.0,0.0,0.0,0.0,0.0005480349,0.0,0.0,0.0,0.0,0.0,0.0,0.0,0.0,0.0,0.0,0.0,0.01141721,0.016376086,0.0039138943,0.0,0.0,1.0,1.0,0.67,0.67,0.0,0.7836952,1.0,1.0,0.09551742,0.0,0.00411883,0.0,0.0,0.07891071,0.0
0.0,0.0,0.029411765,0.1,0.0,0.0,0.0,0.0,0.0,0.0,0.0,0.0,0.0,0.0,0.0,0.0,0.0,0.0,0.0,0.0,0.0,5.185604e-06,0.022910498,0.037181996,1.0,1.0,0.0,0.0,0.06,0.05,0.0,0.7833549,1.0,1.0,0.090448864,0.0,0.0,0.0,0.0,0.09096098,0.0
0.0,0.0,0.5294118,0.2,0.0,0.0,0.0,0.0,0.0,0.0,0.0,0.0,0.0,0.0,0.0,0.0,0.0,0.0,0.0,0.0,0.0,0.0016126633,0.016965717,0.017612524,0.0,0.0,1.0,1.0,0.04,0.06,0.0,0.7699027,1.0,1.0,0.09165358,0.0,0.0023134202,0.0,0.0,0.07878989,0.0
0.015524561,0.0,0.04411765,0.3,3.9537994e-05,0.0,0.0,0.0,0.0,0.01924619,0.0,0.0,0.0,0.0,0.0,0.0,0.0010035709,0.0021976233,0.0,0.0,0.0,0.0379467,0.009700045,0.16634052,0.01,0.01,0.98,0.98,1.0,0.0,0.0,0.8171452,1.0,1.0,0.110045366,0.0,0.009322554,0.0,0.0,0.076388955,0.0
1.7326518e-05,0.0,0.22058824,0.0,4.1368454e-05,0.00019391839,0.0,0.0,0.0,0.0,0.0,0.0,0.0,0.0,0.0,0.0,0.0,0.0,0.0,0.0,0.0,0.002956301,0.01096873,0.0058708414,0.0,0.0,0.0,0.0,1.0,0.0,0.0,0.7568723,1.0,1.0,0.09293216,0.0,0.009691298,0.0,0.0,0.06556925,0.0
1.7326518e-05,0.0,0.22058824,0.0,4.1368454e-05,0.00021769383,0.0,0.0,0.0,0.0,0.0,0.0,0.0,0.0,0.0,0.0,0.0,0.0,0.0,0.0,0.0,0.003383547,0.011108398,0.0058708414,0.0,0.0,0.0,0.0,1.0,0.0,0.0,0.7577976,1.0,1.0,0.093033485,0.0,0.009518668,0.0,0.0,0.06656763,0.0
0.0,0.0,0.029411765,0.1,0.0,0.0,0.0,0.0,0.0,0.0,0.0,0.0,0.0,0.0,0.0,0.0,0.0,0.0,0.0,0.0,0.0,0.0,0.023399495,0.0019569471,1.0,1.0,0.0,0.0,0.0,0.06,0.0,0.7720877,1.0,1.0,0.086993925,0.0,0.0,0.0,0.0,0.088341445,0.0
0.035900544,0.0,0.04411765,0.3,0.0008993779,0.0,0.0,0.0,0.0,0.008802593,0.0,0.0,0.0,0.0,0.0,0.0,0.0,0.0,0.0,0.0,0.0,0.026470363,0.01044666,0.017612524,0.11,0.11,0.89,0.89,1.0,0.0,0.0,0.797559,1.0,1.0,0.10414959,0.0,0.009498045,0.0,0.0,0.072713286,0.0
0.0,0.0,0.029411765,0.1,0.0,0.0,0.0,0.0,0.0,0.0,0.0,0.0,0.0,0.0,0.0,0.0,0.0,0.0,0.0,0.0,0.0,0.0,0.023601472,0.011741683,1.0,1.0,0.0,0.0,0.04,0.06,0.0,0.7702453,1.0,1.0,0.08619618,0.0,0.0,0.0,0.0,0.08733493,0.0
0.0,0.0,0.3529412,0.2,0.0,0.0,0.0,0.0,0.0,0.0,0.0,0.0,0.0,0.0,0.0,0.0,0.0,0.0,0.0,0.0,0.0,0.0,0.017112412,0.021526419,0.0,0.0,1.0,1.0,0.08,0.05,0.0,0.7641586,1.0,1.0,0.08990795,0.0,0.0029944628,0.0,0.0,0.07657188,0.0
0.0,0.0,0.029411765,0.1,0.0,0.0,0.0,0.0,0.0,0.0,0.0,0.0,0.0,0.0,0.0,0.0,0.0,0.0,0.0,0.0,0.0,0.0,0.023490973,0.031311154,1.0,1.0,0.0,0.0,0.13,0.06,0.0,0.77414644,1.0,1.0,0.0872811,0.0,0.0,0.0,0.0,0.08796045,0.0
1.7326518e-05,0.0,0.22058824,0.0,4.1368454e-05,0.00021769383,0.0,0.0,0.0,0.0,0.0,0.0,0.0,0.0,0.0,0.0,0.0,0.0,0.0,0.0,0.0,5.77271e-05,0.012977757,0.0039138943,0.0,0.0,0.0,0.0,1.0,0.0,0.0,0.754645,1.0,1.0,0.090495266,0.0,0.007623568,0.0,0.0,0.07311821,0.0
0.0,0.0,0.7647059,0.2,0.0,0.0,0.0,0.0,0.0,0.0,0.0,0.0,0.0,0.0,0.0,0.0,0.0,0.0,0.0,0.0,0.0,0.0,0.017278,0.009784736,0.0,0.0,1.0,1.0,0.04,0.07,0.0,0.76190233,1.0,1.0,0.08915313,0.0,0.00298585,0.0,0.0,0.076220006,0.0
0.0,0.0,0.13235295,0.1,0.0,0.0,0.0,0.0,0.0,0.060644746,0.0,0.0,0.0,0.0,0.0,0.0,0.0025817007,0.026317447,0.0,0.0,0.0,0.07137808,0.019624531,0.21526419,1.0,1.0,0.0,0.0,1.0,0.0,0.0,0.89896894,1.0,1.0,0.12323757,0.0,0.0,0.0,0.0,0.11297652,0.0
0.0,1.0,0.36764705,0.0,1.6044403e-05,0.0,0.0,0.0,0.0,0.00020188093,0.0,0.0,0.0,0.0,0.0,0.0,0.0,0.0,0.0,0.0,0.0,0.012738109,0.014379725,0.26810175,0.0,0.0,0.0,0.0,1.0,0.0,0.0,0.77928483,1.0,1.0,0.096391074,0.0,0.004590139,0.0,0.0,0.08359471,0.0
0.0,0.0,0.029411765,0.1,0.0,0.0,0.0,0.0,0.0,0.0,0.0,0.0,0.0,0.0,0.0,0.0,0.0,0.0,0.0,0.0,0.0,0.0,0.02339556,0.007827789,1.0,1.0,0.0,0.0,0.02,0.06,0.0,0.7737255,1.0,1.0,0.08739602,0.0,0.0,0.0,0.0,0.088508666,0.0
0.13797106,0.0,0.13235295,0.0,0.0,3.2691223e-05,0.0,0.0,0.0,0.0,0.0,0.0,0.0,0.0,0.0,0.0,0.0,0.0,0.0,0.0,0.0,0.0,0.020909086,0.0019569471,0.0,0.0,0.0,0.0,1.0,0.0,0.0,0.72154427,1.0,1.0,0.0748798,0.0,0.0021859258,0.0,0.0,0.07452008,0.0
0.0,0.0,0.029411765,0.1,0.0,0.0,0.0,0.0,0.0,0.0,0.0,0.0,0.0,0.0,0.0,0.0,0.0,0.0,0.0,0.0,0.0,0.0,0.023497976,0.023483366,1.0,1.0,0.0,0.0,0.09,0.06,0.0,0.7745676,1.0,1.0,0.087402575,0.0,0.0,0.0,0.0,0.088151544,0.0
1.7326518e-05,0.0,0.22058824,0.0,4.1368454e-05,0.00021769383,0.0,0.0,0.0,0.0,0.0,0.0,0.0,0.0,0.0,0.0,0.0,0.0,0.0,0.0,0.0,0.0,0.0140315965,0.0039138943,0.0,0.0,0.0,0.0,1.0,0.0,0.0,0.7480931,1.0,1.0,0.08797788,0.0,0.0066442937,0.0,0.0,0.07166663,0.0
0.0,0.0,0.029411765,0.2,0.0,0.0,0.0,0.0,0.0,0.0,0.0,0.0,0.0,0.0,0.0,0.0,0.0,0.0,0.0,0.0,0.0,0.004932642,0.016664878,0.037181996,0.0,0.0,1.0,1.0,0.08,0.07,0.0,0.77561486,1.0,1.0,0.09346127,0.0,0.0021749586,0.0,0.0,0.08010492,0.0
0.0,0.0,0.029411765,0.1,0.0,0.0,0.0,0.0,0.0,0.0,0.0,0.0,0.0,0.0,0.0,0.0,0.0,0.0,0.0,0.0,0.0,0.0,0.02343601,0.01369863,1.0,1.0,0.0,0.0,0.04,0.09,0.0,0.7757143,1.0,1.0,0.08781334,0.0,0.0,0.0,0.0,0.08871645,0.0
0.0,0.0,0.04411765,0.0,0.0008681168,0.0061771553,0.0,0.0,0.0,0.0,0.0,0.0,0.0,0.0,0.0,0.0,0.0,0.0,0.0,0.0,0.0,0.009330779,0.010608606,0.019569471,0.0,0.0,0.0,0.0,1.0,0.0,0.2,0.7676816,1.0,1.0,0.09614255,0.0,0.009817079,0.0,0.0,0.066485435,0.0
0.0,0.0,0.14705883,0.5,0.0,0.0,0.0,0.0,0.0,0.007185966,0.0,0.0,0.0,0.0,0.0,0.0,0.0,0.0,0.0,0.0,0.0,0.018738955,0.015846044,0.015655577,0.0,0.0,1.0,1.0,0.24,0.12,0.0,0.79602945,1.0,1.0,0.099282555,0.0,0.004023209,0.0,0.0,0.081403285,0.0
0.0,1.0,0.36764705,0.0,1.6426413e-05,0.0,0.0,0.0,0.0,0.0,0.0,0.0,0.0,0.0,0.0,0.0,0.0,0.0,0.0,0.0,0.0,0.0067412257,0.016845621,1.0,0.0,0.0,0.0,0.0,1.0,0.0,0.0,0.7749065,1.0,1.0,0.093133084,0.0,0.0022762269,0.0,0.0,0.08560115,0.0
0.0,0.0,0.14705883,0.1,0.0,0.0,0.0,0.0,0.0,0.0018051863,0.0,0.0,0.0,0.0,0.0,0.0,0.0,0.0,0.0,0.0,0.0,0.0048578978,0.022826679,0.02739726,1.0,1.0,0.0,0.0,0.25,0.07,0.0,0.78809726,1.0,1.0,0.09139664,0.0,0.0,0.0,0.0,0.09012717,0.0
0.0,0.0,0.7205882,0.1,0.0,0.0,0.0,0.0,0.0,0.0,0.0,0.0,0.0,0.0,0.0,0.0,0.0,0.0,0.0,0.0,0.0,0.0,0.023789033,0.0039138943,1.0,1.0,0.0,0.0,0.02,0.07,0.0,0.76701283,1.0,1.0,0.085129075,0.0,0.0,0.0,0.0,0.08640012,0.0
0.0,0.0,0.04411765,0.0,0.0008681168,0.0061771553,0.0,0.0,0.0,0.0,0.0,0.0,0.0,0.0,0.0,0.0,0.0,0.0,0.0,0.0,0.0,0.0055369437,0.010855615,0.007827789,0.0,0.0,0.0,0.0,1.0,0.0,0.0,0.7612251,1.0,1.0,0.09419868,0.0,0.009766772,0.0,0.0,0.065831006,0.0
0.0,0.0,0.14705883,0.5,0.0,0.0,0.0,0.0,0.0,0.0,0.0,0.0,0.0,0.0,0.0,0.0,0.0,0.0,0.0,0.0,0.0,0.0016361773,0.016892716,0.01369863,0.0,0.0,1.0,1.0,0.03,0.06,0.0,0.7704977,1.0,1.0,0.0919519,0.0,0.0019108802,0.0,0.0,0.079443336,0.0
0.0,0.0,0.029411765,0.2,0.0,0.0,0.0,0.0,0.0,0.0,0.0,0.0,0.0,0.0,0.0,0.0,0.0,0.0,0.0,0.0,0.0,0.0,0.016980186,0.009784736,0.0,0.0,1.0,1.0,0.02,0.05,0.0,0.7675352,1.0,1.0,0.09107717,0.0,0.0020368844,0.0,0.0,0.07863361,0.0
0.035900544,0.0,0.04411765,0.3,0.0008993779,0.0,0.0,0.0,0.0,0.008482099,0.0,0.0,0.0,0.0,0.0,0.0,0.0,0.0,0.0,0.0,0.0,0.026112705,0.01045616,0.015655577,0.12,0.12,0.88,0.88,1.0,0.0,0.0,0.7969283,1.0,1.0,0.103972785,0.0,0.009500906,0.0,0.0,0.07263893,0.0
0.0,0.0,0.029411765,0.2,0.0,0.0,0.0,0.0,0.0,0.0,0.0,0.0,0.0,0.0,0.0,0.0,0.0,0.0,0.0,0.0,0.0,0.0,0.01727441,0.011741683,0.0,0.0,1.0,1.0,0.06,0.07,0.0,0.7616985,1.0,1.0,0.08909363,0.0,0.0030422509,0.0,0.0,0.076111406,0.0
0.0,0.0,0.029411765,0.2,0.0,0.0,0.0,0.0,0.0,0.0,0.0,0.0,0.0,0.0,0.0,0.0,0.0,0.0,0.0,0.0,0.0,0.00094655156,0.016949743,0.007827789,0.01,0.0,0.99,1.0,0.01,0.06,0.0,0.76945853,1.0,1.0,0.0916371,0.0,0.0018371791,0.0,0.0,0.07935247,0.0
0.0,0.0,0.029411765,0.1,0.0,0.0,0.0,0.0,0.0,0.0,0.0,0.0,0.0,0.0,0.0,0.0,0.0,0.0,0.0,0.0,0.0,0.0,0.023292184,0.0039138943,1.0,1.0,0.0,0.0,0.01,0.06,0.0,0.7743571,1.0,1.0,0.087722056,0.0,0.0,0.0,0.0,0.0889515,0.0
0.0,0.0,0.029411765,0.2,0.0,0.0,0.0,0.0,0.0,0.0,0.0,0.0,0.0,0.0,0.0,0.0,0.0,0.0,0.0,0.0,0.0,0.0038231611,0.016743258,0.02739726,0.0,0.0,1.0,1.0,0.05,0.06,0.0,0.77404404,1.0,1.0,0.09300675,0.0,0.0019783825,0.0,0.0,0.08010721,0.0
0.0,0.0,0.04411765,0.1,0.0,0.0,0.0,0.0,0.0,0.05859533,0.0,0.0,0.0,0.0,0.0,0.0,0.0023442432,0.02484569,0.0,0.0,0.0,0.07147333,0.017544046,0.24657534,1.0,1.0,0.0,0.0,1.0,0.0,0.0,0.8938191,1.0,1.0,0.12357687,0.0,0.0,0.0,0.0,0.11010352,0.0
0.0,1.0,0.36764705,0.0,1.6426413e-05,0.0,0.0,0.0,0.0,0.0,0.0,0.0,0.0,0.0,0.0,0.0,0.0,0.0,0.0,0.0,0.0,0.0,0.019142844,1.0,0.0,0.0,0.0,0.0,1.0,0.0,0.0,0.7383176,1.0,1.0,0.081424244,0.0,0.002312377,0.0,0.0,0.07624227,0.0
0.0,0.0,0.38235295,0.1,0.0,0.0,0.0,0.0,0.0,0.0,0.0,0.0,0.0,0.0,0.0,0.0,0.0,0.0,0.0,0.0,0.0,0.0,0.02354744,0.011741683,1.0,1.0,0.0,0.0,0.04,0.09,0.0,0.7727859,1.0,1.0,0.08691404,0.0,0.0,0.0,0.0,0.087964386,0.0
0.0,0.0,0.029411765,0.2,0.0,0.0,0.0,0.0,0.0,0.0,0.0,0.0,0.0,0.0,0.0,0.0,0.0,0.0,0.0,0.0,0.0,0.0037312508,0.01670026,0.029354207,0.0,0.0,1.0,1.0,0.05,0.06,0.0,0.7740325,1.0,1.0,0.09306937,0.0,0.0018678904,0.0,0.0,0.08019933,0.0
1.7326518e-05,0.0,0.22058824,0.0,4.1368454e-05,0.00021769383,0.0,0.0,0.0,0.0,0.0,0.0,0.0,0.0,0.0,0.0,0.0,0.0,0.0,0.0,0.0,0.004875213,0.0116193,0.0058708414,0.0,0.0,0.0,0.0,1.0,0.0,0.0,0.76067615,1.0,1.0,0.09325116,0.0,0.009040773,0.0,0.0,0.070108205,0.0
0.0,0.0,0.89705884,0.2,0.0,0.0,0.0,0.0,0.0,0.0,0.0,0.0,0.0,0.0,0.0,0.0,0.0,0.0,0.0,0.0,0.0,0.0020880997,0.016862951,0.039138943,0.0,0.0,1.0,1.0,0.14,0.06,0.0,0.7696389,1.0,1.0,0.09158038,0.0,0.0030141026,0.0,0.0,0.07755378,0.0
0.0,1.0,0.36764705,0.0,1.6426413e-05,0.0,0.0,0.0,0.0,0.0020871162,0.0,0.0,0.0,0.0,0.0,0.0,0.0,0.0,0.0,0.0,0.0,0.014419287,0.01459381,0.44227007,0.0,0.0,0.0,0.0,1.0,0.0,0.0,0.78276443,1.0,1.0,0.097122334,0.0,0.0042151213,0.0,0.0,0.085286915,0.0
0.0,0.0,0.7941176,0.1,0.0,0.0,0.0,0.0,0.0,0.0,0.0,0.0,0.0,0.0,0.0,0.0,0.0,0.0,0.0,0.0,0.0,0.0,0.023450688,0.0332681,1.0,1.0,0.0,0.0,0.14,0.07,0.0,0.77610815,1.0,1.0,0.08783027,0.0,0.0,0.0,0.0,0.088364184,0.0
0.13901065,0.0,0.13235295,0.0,0.0,3.2691223e-05,0.0,0.0,0.0,0.0,0.0,0.0,0.0,0.0,0.0,0.0,0.0,0.0,0.0,0.0,0.0,0.0,0.021008007,0.0019569471,0.0,0.0,0.0,0.0,1.0,0.0,0.0,0.72596383,1.0,1.0,0.07605798,0.0,0.0015869439,0.0,0.0,0.07574162,0.0
0.0,0.0,0.029411765,0.2,0.0,0.0,0.0,0.0,0.0,0.0,0.0,0.0,0.0,0.0,0.0,0.0,0.0,0.0,0.0,0.0,0.0,0.0,0.017158784,0.019569471,0.0,0.0,1.0,1.0,0.09,0.06,0.0,0.763414,1.0,1.0,0.08965465,0.0,0.003079012,0.0,0.0,0.07629031,0.0
0.0,0.0,0.029411765,0.1,0.0,0.0,0.0,0.0,0.0,0.0,0.0,0.0,0.0,0.0,0.0,0.0,0.0,0.0,0.0,0.0,0.0,0.0,0.025590412,0.0332681,1.0,1.0,0.0,0.0,0.14,0.06,0.0,0.73990667,1.0,1.0,0.07623898,0.0,0.0,0.0,0.0,0.07969436,0.0
0.0,0.0,0.029411765,0.2,0.0,0.0,0.0,0.0,0.0,0.0,0.0,0.0,0.0,0.0,0.0,0.0,0.0,0.0,0.0,0.0,0.0,0.0051496625,0.016672768,0.039138943,0.0,0.0,1.0,1.0,0.09,0.07,0.0,0.7757813,1.0,1.0,0.0934728,0.0,0.0023260564,0.0,0.0,0.07988623,0.0
0.0,0.0,0.029411765,0.1,0.0,0.0,0.0,0.0,0.0,0.0,0.0,0.0,0.0,0.0,0.0,0.0,0.0,0.0,0.0,0.0,0.0,0.0,0.023281798,0.017612524,1.0,1.0,0.0,0.0,0.04,0.07,0.0,0.7767707,1.0,1.0,0.08830131,0.0,0.0,0.0,0.0,0.08916819,0.0
0.13937451,0.0,0.13235295,0.0,0.0,3.2691223e-05,0.0,0.0,0.0,0.0,0.0,0.0,0.0,0.0,0.0,0.0,0.0,0.0,0.0,0.0,0.0,0.0,0.032901704,0.0019569471,0.0,0.0,0.0,0.0,1.0,0.0,0.0,0.64435494,0.9293961,1.0,0.040915042,0.0,0.009076804,0.0,0.0,0.06145127,0.0
0.14216408,0.0,0.13235295,0.0,0.0,1.1144735e-05,0.0,0.0,0.0,0.0,0.0,0.0,0.0,0.0,0.0,0.0,0.0,0.0,0.0,0.0,0.0,0.0,0.019094951,0.0019569471,0.0,0.0,0.0,0.0,1.0,0.0,0.0,0.7441288,1.0,1.0,0.082581915,0.0,0.0016016662,0.0,0.0,0.07764363,0.0
0.0,0.0,0.029411765,0.2,0.0,0.0,0.0,0.0,0.0,0.0,0.0,0.0,0.0,0.0,0.0,0.0,0.0,0.0,0.0,0.0,0.0,0.0,0.01736562,0.0058708414,0.0,0.0,1.0,1.0,0.03,0.07,0.0,0.7599002,1.0,1.0,0.088528566,0.0,0.0030813962,0.0,0.0,0.07570839,0.0
0.0,0.0,0.029411765,0.2,0.0,0.0,0.0,0.0,0.0,0.0,0.0,0.0,0.0,0.0,0.0,0.0,0.0,0.0,0.0,0.0,0.0,0.0,0.017225124,0.011741683,0.0,0.0,1.0,1.0,0.05,0.06,0.0,0.76278937,1.0,1.0,0.08945339,0.0,0.0028802603,0.0,0.0,0.07656008,0.0
0.0,0.0,0.029411765,0.2,0.0,0.0,0.0,0.0,0.0,0.0,0.0,0.0,0.0,0.0,0.0,0.0,0.0,0.0,0.0,0.0,0.0,0.0046378374,0.016651154,0.03522505,0.0,0.0,1.0,1.0,0.07,0.06,0.0,0.7752379,1.0,1.0,0.09339573,0.0,0.0020925552,0.0,0.0,0.08007157,0.0
0.0,0.0,0.029411765,0.2,0.0,0.0,0.0,0.0,0.0,0.0,0.0,0.0,0.0,0.0,0.0,0.0,0.0,0.0,0.0,0.0,0.0,0.0022216737,0.016940199,0.01369863,0.0,0.0,1.0,1.0,0.03,0.07,0.0,0.7713752,1.0,1.0,0.09210818,0.0,0.0020049661,0.0,0.0,0.07961035,0.0
0.0,1.0,0.36764705,0.0,1.6426413e-05,0.0,0.0,0.0,0.0,0.0,0.0,0.0,0.0,0.0,0.0,0.0,0.0,0.0,0.0,0.0,0.0,0.011300117,0.014171727,0.11154599,0.0,0.0,0.0,0.0,1.0,0.0,0.0,0.7762828,1.0,1.0,0.09578162,0.0,0.0049279183,0.0,0.0,0.08207926,0.0
0.0,0.0,0.13235295,0.1,0.0,0.0,0.0,0.0,0.0,0.0,0.0,0.0,0.0,0.0,0.0,0.0,0.0,0.0,0.0,0.0,0.0,0.0036940575,0.025047421,0.15459883,1.0,1.0,0.0,0.0,1.0,0.0,0.0,0.78658223,1.0,1.0,0.08863341,0.0,0.0,0.0,0.0,0.08625209,0.0
0.0,0.0,0.1764706,0.1,0.0,0.0,0.0,0.0,0.0,0.0,0.0,0.0,0.0,0.0,0.0,0.0,0.0,0.0,0.0,0.0,0.0,0.0,0.023603484,0.017612524,1.0,1.0,0.0,0.0,0.08,0.07,0.0,0.7718028,1.0,1.0,0.08656909,0.0,0.0,0.0,0.0,0.087473184,0.0
0.0,0.0,0.04411765,0.0,0.0008681168,0.0061771553,0.0,0.0,0.0,0.0,0.0,0.0,0.0,0.0,0.0,0.0,0.0,0.0,0.0,0.0,0.0,0.0062807202,0.010808155,0.0039138943,0.0,0.0,0.0,0.0,1.0,0.0,0.0,0.76249874,1.0,1.0,0.09458081,0.0,0.009779155,0.0,0.0,0.06593594,0.0
0.0,1.0,0.36764705,0.0,1.6426413e-05,0.0,0.0,0.0,0.0,0.0,0.0,0.0,0.0,0.0,0.0,0.0,0.0,0.0,0.0,0.0,0.0,0.0,0.022862203,0.99804306,0.0,0.0,0.0,0.0,1.0,0.0,0.0,0.69958365,0.9982878,1.0,0.06750824,0.0,0.0017870218,0.0,0.0,0.070034,0.0
0.0,1.0,0.36764705,0.0,1.6044403e-05,0.0,0.0,0.0,0.0,0.0060852766,0.0,0.0,0.0,0.0,0.0,0.0,0.0,0.0,0.0,0.0,0.0,0.017703801,0.014963359,0.7886497,0.0,0.0,0.0,0.0,1.0,0.0,0.0,0.7902849,1.0,1.0,0.09887578,0.0,0.0032087266,0.0,0.0,0.08815792,0.0
0.0,0.0,0.029411765,0.2,0.0,0.0,0.0,0.0,0.0,0.0,0.0,0.0,0.0,0.0,0.0,0.0,0.0,0.0,0.0,0.0,0.0,0.0034392178,0.01673805,0.025440313,0.02,0.0,0.98,1.0,0.05,0.06,0.0,0.77347744,1.0,1.0,0.09287866,0.0,0.0019242018,0.0,0.0,0.07999584,0.0
0.0,0.0,0.029411765,0.2,0.0,0.0,0.0,0.0,0.0,0.0,0.0,0.0,0.0,0.0,0.0,0.0,0.0,0.0,0.0,0.0,0.0,0.0,0.017110191,0.0039138943,0.0,0.0,1.0,1.0,0.01,0.06,0.0,0.76584375,1.0,1.0,0.09048075,0.0,0.0021723658,0.0,0.0,0.07817754,0.0
0.0,1.0,0.36764705,0.0,1.6044403e-05,0.0,0.0,0.0,0.0,0.008164972,0.0,0.0,0.0,0.0,0.0,0.0,0.0,0.0,0.0,0.0,0.0,0.019314975,0.015126415,0.960861,0.0,0.0,0.0,0.0,1.0,0.0,0.0,0.7942455,1.0,1.0,0.09985801,0.0,0.0026121438,0.0,0.0,0.089402795,0.0
0.13275579,0.0,0.13235295,0.0,0.0,3.2691223e-05,0.0,0.0,0.0,0.0,0.0,0.0,0.0,0.0,0.0,0.0,0.0,0.0,0.0,0.0,0.0,0.0,0.01957018,0.0019569471,0.0,0.0,0.0,0.0,1.0,0.0,0.0,0.74721336,1.0,1.0,0.0827877,0.0,0.0025044233,0.0,0.0,0.07995275,0.0
1.7326518e-05,0.0,0.22058824,0.0,4.1368454e-05,0.00021769383,0.0,0.0,0.0,0.0,0.0,0.0,0.0,0.0,0.0,0.0,0.0,0.0,0.0,0.0,0.0,0.0042906106,0.011781059,0.0058708414,0.0,0.0,0.0,0.0,1.0,0.0,0.0,0.75968885,1.0,1.0,0.0928235,0.0,0.008981556,0.0,0.0,0.07050055,0.0
0.0,0.0,0.029411765,0.2,0.0,0.0,0.0,0.0,0.0,0.0,0.0,0.0,0.0,0.0,0.0,0.0,0.0,0.0,0.0,0.0,0.0,0.0035332143,0.016771086,0.02739726,0.0,0.0,1.0,1.0,0.06,0.06,0.0,0.7734275,1.0,1.0,0.09280344,0.0,0.0020700544,0.0,0.0,0.079853565,0.0
0.0,0.0,0.029411765,0.2,0.0,0.0,0.0,0.0,0.0,0.0,0.0,0.0,0.0,0.0,0.0,0.0,0.0,0.0,0.0,0.0,0.0,0.0,0.01723358,0.015655577,0.0,0.0,1.0,1.0,0.08,0.06,0.0,0.76169646,1.0,1.0,0.08912393,0.0,0.003132239,0.0,0.0,0.07589576,0.0
0.015905743,0.0,0.04411765,0.3,0.0009789632,0.0,0.0,0.0,0.0,0.039563,0.0,0.0,0.0,0.0,0.0,0.0,0.0032929853,0.020368904,0.0,0.0,0.0,0.060954273,0.009065181,0.05479452,0.0,0.0,1.0,1.0,1.0,0.0,0.0,0.856652,1.0,1.0,0.12103637,0.0,0.009419113,0.0,0.0,0.08237153,0.0
0.0,0.0,0.029411765,0.1,0.0,0.0,0.0,0.0,0.0,0.0,0.0,0.0,0.0,0.0,0.0,0.0,0.0,0.0,0.0,0.0,0.0,0.0,0.021708243,0.023483366,0.79,0.75,0.21,0.25,0.04,0.06,0.0,0.7787492,1.0,1.0,0.09015394,0.0,0.0,0.0,0.0,0.08830243,0.0
0.0,0.0,0.3382353,0.2,0.0,0.0,0.0,0.0,0.0,0.0,0.0,0.0,0.0,0.0,0.0,0.0,0.0,0.0,0.0,0.0,0.0,0.0036163926,0.016791843,0.029354207,0.0,0.0,1.0,1.0,0.07,0.07,0.0,0.77330923,1.0,1.0,0.09272113,0.0,0.0022633523,0.0,0.0,0.0795179,0.0
0.0,0.0,0.029411765,0.2,0.0,0.0,0.0,0.0,0.0,0.0,0.0,0.0,0.0,0.0,0.0,0.0,0.0,0.0,0.0,0.0,0.0,0.004815012,0.016704962,0.039138943,0.0,0.0,1.0,1.0,0.09,0.07,0.0,0.77506983,1.0,1.0,0.09323814,0.0,0.0024317056,0.0,0.0,0.0795936,0.0
0.015645847,0.0,0.04411765,0.3,0.000876139,0.0,0.0,0.0,0.0,0.011148423,0.0,0.0,0.0,0.0,0.0,0.0,4.826486e-05,0.0,0.0,0.0,0.0,0.029011965,0.009983279,0.12720157,0.02,0.02,0.97,0.97,1.0,0.0,0.0,0.8017107,1.0,1.0,0.10570689,0.0,0.009468392,0.0,0.0,0.073334515,0.0
0.0,0.0,0.13235295,0.8,0.0,3.2691223e-05,0.0,0.0,0.0,0.009474367,0.0,0.0,0.0,0.0,0.0,0.0,0.0,0.0,0.0,0.0,0.0,0.015360981,0.018710822,0.0019569471,1.0,1.0,0.0,0.0,1.0,0.0,0.0,0.7994764,1.0,1.0,0.09779131,0.0,0.0,0.0,0.0,0.09125686,0.0
0.0,0.0,0.8235294,0.2,0.0,0.0,0.0,0.0,0.0,0.0,0.0,0.0,0.0,0.0,0.0,0.0,0.0,0.0,0.0,0.0,0.0,0.0,0.017125852,0.0058708414,0.0,0.0,1.0,1.0,0.01,0.06,0.0,0.7652129,1.0,1.0,0.090280436,0.0,0.0022921711,0.0,0.0,0.077893466,0.0
0.014173092,0.0,0.04411765,0.3,0.00094585575,0.0,0.0,0.0,0.0,0.007658243,0.0,0.0,0.0,0.0,0.0,0.0,0.0,0.0,0.0,0.0,0.0,0.025158197,0.010151908,0.09001957,0.0,0.0,1.0,1.0,1.0,0.0,0.0,0.7950833,1.0,1.0,0.10379412,0.0,0.009526804,0.0,0.0,0.07208538,0.0
0.0,0.0,0.6617647,0.1,0.0,0.0,0.0,0.0,0.0,0.0,0.0,0.0,0.0,0.0,0.0,0.0,0.0,0.0,0.0,0.0,0.0,0.0,0.023516484,0.0058708414,1.0,1.0,0.0,0.0,0.02,0.09,0.0,0.7718736,1.0,1.0,0.0867516,0.0,0.0,0.0,0.0,0.0879536,0.0
0.0,0.0,0.029411765,0.2,0.0,0.0,0.0,0.0,0.0,0.0,0.0,0.0,0.0,0.0,0.0,0.0,0.0,0.0,0.0,0.0,0.0,0.0037069917,0.016863264,0.025440313,0.05,0.0,0.95,1.0,0.05,0.06,0.0,0.7741959,1.0,1.0,0.0929616,0.0,0.0018052608,0.0,0.0,0.08033341,0.0
0.0,0.0,0.3970588,0.2,0.0,0.0,0.0,0.0,0.0,0.0,0.0,0.0,0.0,0.0,0.0,0.0,0.0,0.0,0.0,0.0,0.0,0.0,0.017048083,0.0039138943,0.0,0.0,1.0,1.0,0.01,0.06,0.0,0.7672193,1.0,1.0,0.09093434,0.0,0.0019679815,0.0,0.0,0.07874328,0.0
0.0,0.0,0.029411765,0.2,0.0,0.0,0.0,0.0,0.0,0.0,0.0,0.0,0.0,0.0,0.0,0.0,0.0,0.0,0.0,0.0,0.0,0.00083583593,0.017021284,0.01369863,0.0,0.0,1.0,1.0,0.03,0.07,0.0,0.768612,1.0,1.0,0.091263644,0.0,0.0023032576,0.0,0.0,0.07857087,0.0
0.0,0.0,0.029411765,0.2,0.0,0.0,0.0,0.0,0.0,0.0,0.0,0.0,0.0,0.0,0.0,0.0,0.0,0.0,0.0,0.0,0.0,0.001989156,0.0168778,0.017612524,0.0,0.0,1.0,1.0,0.04,0.06,0.0,0.770887,1.0,1.0,0.0920447,0.0,0.0020549297,0.0,0.0,0.0792917,0.0
0.0,0.0,0.029411765,0.2,0.0,0.0,0.0,0.0,0.0,0.0,0.0,0.0,0.0,0.0,0.0,0.0,0.0,0.0,0.0,0.0,0.0,0.0,0.017118923,0.0039138943,0.0,0.0,1.0,1.0,0.01,0.07,0.0,0.76661444,1.0,1.0,0.09066834,0.0,0.002170071,0.0,0.0,0.07839757,0.0
0.0,0.0,0.029411765,0.2,0.0,0.0,0.0,0.0,0.0,0.0,0.0,0.0,0.0,0.0,0.0,0.0,0.0,0.0,0.0,0.0,0.0,0.0021582246,0.017167546,0.011741683,0.13,0.0,0.87,1.0,0.02,0.06,0.0,0.7720175,1.0,1.0,0.09212186,0.0,0.0015970916,0.0,0.0,0.08034268,0.0
0.0,0.0,0.04411765,0.0,0.0008681168,0.0061771553,0.0,0.0,0.0,0.0,0.0,0.0,0.0,0.0,0.0,0.0,0.0,0.0,0.0,0.0,0.0,0.008272409,0.010640129,0.009784736,0.0,0.0,0.0,0.0,1.0,0.0,0.0,0.76585853,1.0,1.0,0.095632546,0.0,0.009824112,0.0,0.0,0.06616473,0.0
0.0,0.0,0.029411765,0.2,0.0,0.0,0.0,0.0,0.0,0.0,0.0,0.0,0.0,0.0,0.0,0.0,0.0,0.0,0.0,0.0,0.0,0.0,0.017183825,0.0019569471,0.0,0.0,1.0,1.0,0.0,0.07,0.0,0.76483536,1.0,1.0,0.09012499,0.0,0.0022586137,0.0,0.0,0.07795298,0.0
0.0,0.0,0.13235295,0.8,0.0,3.2691223e-05,0.0,0.0,0.0,0.0,0.0,0.0,0.0,0.0,0.0,0.0,0.0,0.0,0.0,0.0,0.0,0.0,0.02055385,0.0019569471,1.0,1.0,0.0,0.0,1.0,0.0,0.0,0.7268431,1.0,1.0,0.07659919,0.0,0.0021870136,0.0,0.0,0.07580516,0.0
0.0,0.0,0.029411765,0.1,0.0,0.0,0.0,0.0,0.0,0.0,0.0,0.0,0.0,0.0,0.0,0.0,0.0,0.0,0.0,0.0,0.0,0.0,0.023571536,0.02739726,1.0,1.0,0.0,0.0,0.13,0.06,0.0,0.77228093,1.0,1.0,0.08670261,0.0,0.0,0.0,0.0,0.0875034,0.0
0.0,0.0,0.61764705,0.2,0.0,0.0,0.0,0.0,0.0,0.0,0.0,0.0,0.0,0.0,0.0,0.0,0.0,0.0,0.0,0.0,0.0,0.0018457174,0.016895644,0.011741683,0.0,0.0,1.0,1.0,0.02,0.06,0.0,0.7710546,1.0,1.0,0.092112385,0.0,0.0017645806,0.0,0.0,0.079862624,0.0
0.0,0.0,0.60294116,0.5,0.0,0.0,0.0,0.0,0.0,0.0,0.0,0.0,0.0,0.0,0.0,0.0,0.0,0.0,0.0,0.0,0.0,0.0015140772,0.016889252,0.037181996,0.0,0.0,1.0,1.0,0.13,0.06,0.0,0.7687135,1.0,1.0,0.09131854,0.0,0.002975762,0.0,0.0,0.07746032,0.0
0.0,0.0,0.029411765,0.2,0.0,0.0,0.0,0.0,0.0,0.0,0.0,0.0,0.0,0.0,0.0,0.0,0.0,0.0,0.0,0.0,0.0,0.0008891821,0.017039306,0.011741683,0.0,0.0,1.0,1.0,0.03,0.08,0.0,0.7688371,1.0,1.0,0.09131458,0.0,0.002206266,0.0,0.0,0.07885358,0.0
0.0,0.0,0.30882353,0.2,0.0,0.0,0.0,0.0,0.0,0.0,0.0,0.0,0.0,0.0,0.0,0.0,0.0,0.0,0.0,0.0,0.0,0.0,0.01719664,0.0019569471,0.0,0.0,1.0,1.0,0.0,0.06,0.0,0.7645507,1.0,1.0,0.09003117,0.0,0.0023009032,0.0,0.0,0.07783595,0.0
0.0,0.0,0.029411765,0.2,0.0,0.0,0.0,0.0,0.0,0.0,0.0,0.0,0.0,0.0,0.0,0.0,0.0,0.0,0.0,0.0,0.0,0.005930513,0.016597904,0.039138943,0.0,0.0,1.0,1.0,0.08,0.06,0.0,0.7774415,1.0,1.0,0.09402027,0.0,0.0020793825,0.0,0.0,0.08056912,0.0
0.14062202,0.0,0.13235295,0.0,0.0,1.1144735e-05,0.0,0.0,0.0,0.0,0.0,0.0,0.0,0.0,0.0,0.0,0.0,0.0,0.0,0.0,0.0,0.0,0.034287132,0.0019569471,0.0,0.0,0.0,0.0,1.0,0.0,0.0,0.63849014,0.92181957,1.0,0.037899606,0.0,0.009316757,0.0,0.0,0.061067134,0.0
0.1413324,0.0,0.13235295,0.0,0.0,1.1144735e-05,0.0,0.0,0.0,0.0,0.0,0.0,0.0,0.0,0.0,0.0,0.0,0.0,0.0,0.0,0.0,0.0,0.019096881,0.0019569471,0.0,0.0,0.0,0.0,1.0,0.0,0.0,0.74180245,1.0,1.0,0.0819203,0.0,0.001883775,0.0,0.0,0.077124596,0.0
0.0140171535,0.0,0.04411765,0.3,0.0007367055,0.0,0.0,0.0,0.0,0.0015849471,0.0,0.0,0.0,0.0,0.0,0.0,0.0,0.0,0.0,0.0,0.0,0.018457115,0.010364339,0.06066536,0.0,0.0,1.0,1.0,1.0,0.0,0.0,0.78350747,1.0,1.0,0.10054024,0.0,0.009636149,0.0,0.0,0.069794595,0.0
0.0,0.0,0.029411765,0.2,0.0,0.0,0.0,0.0,0.0,0.0,0.0,0.0,0.0,0.0,0.0,0.0,0.0,0.0,0.0,0.0,0.0,0.003052801,0.016874008,0.039138943,0.0,0.0,1.0,1.0,0.15,0.06,0.0,0.7713225,1.0,1.0,0.09200253,0.0,0.002988398,0.0,0.0,0.07805249,0.0
0.0,0.0,0.4117647,0.1,0.0,0.0,0.0,0.0,0.0,0.0,0.0,0.0,0.0,0.0,0.0,0.0,0.0,0.0,0.0,0.0,0.0,0.0,0.02395013,0.021526419,1.0,1.0,0.0,0.0,0.1,0.06,0.0,0.73144746,1.0,1.0,0.07542517,0.0,0.0,0.0,0.0,0.07914683,0.0
0.0,1.0,0.36764705,0.0,8.276875e-06,0.0,0.0,0.0,0.0,0.0,0.0,0.0,0.0,0.0,0.0,0.0,0.0,0.0,0.0,0.0,0.0,0.009017229,0.016261369,0.9941292,0.0,0.0,0.0,0.0,1.0,0.0,0.0,0.77792645,1.0,1.0,0.09455059,0.0,0.0024852306,0.0,0.0,0.08532804,0.0
0.0,0.0,0.029411765,0.2,0.0,0.0,0.0,0.0,0.0,0.0,0.0,0.0,0.0,0.0,0.0,0.0,0.0,0.0,0.0,0.0,0.0,0.00051900744,0.017008469,0.02739726,0.0,0.0,1.0,1.0,0.1,0.06,0.0,0.7672019,1.0,1.0,0.09081706,0.0,0.0028826445,0.0,0.0,0.077390045,0.0
0.0,0.0,0.13235295,0.8,0.0,3.2691223e-05,0.0,0.0,0.0,0.009867787,0.0,0.0,0.0,0.0,0.0,0.0,0.0,0.0,0.0,0.0,0.0,0.015754402,0.018703759,0.0019569471,1.0,1.0,0.0,0.0,1.0,0.0,0.0,0.80021703,1.0,1.0,0.09799536,0.0,0.0,0.0,0.0,0.09143582,0.0
1.7326518e-05,0.0,0.22058824,0.0,4.1368454e-05,0.00021769383,0.0,0.0,0.0,0.0,0.0,0.0,0.0,0.0,0.0,0.0,0.0,0.0,0.0,0.0,0.0,0.0018003583,0.01255928,0.0058708414,0.0,0.0,0.0,0.0,1.0,0.0,0.0,0.75641906,1.0,1.0,0.09125403,0.0,0.008248493,0.0,0.0,0.07265225,0.0
0.0,0.0,0.029411765,0.2,0.0,0.0,0.0,0.0,0.0,0.0,0.0,0.0,0.0,0.0,0.0,0.0,0.0,0.0,0.0,0.0,0.0,0.003879428,0.016723908,0.03522505,0.0,0.0,1.0,1.0,0.08,0.06,0.0,0.77362514,1.0,1.0,0.09286397,0.0,0.0023321956,0.0,0.0,0.07940823,0.0
0.0,0.0,0.04411765,0.0,0.0008681168,0.0061771553,0.0,0.0,0.0,0.0,0.0,0.0,0.0,0.0,0.0,0.0,0.0,0.0,0.0,0.0,0.0,0.002699852,0.01084502,0.039138943,0.0,0.0,0.0,0.0,1.0,0.0,0.1,0.7563076,1.0,1.0,0.09291998,0.0,0.00981997,0.0,0.0,0.064689726,0.0
0.0,1.0,0.36764705,0.0,1.6044403e-05,0.0,0.0,0.0,0.0,0.0,0.0,0.0,0.0,0.0,0.0,0.0,0.0,0.0,0.0,0.0,0.0,0.011039525,0.014066443,0.06262231,0.0,0.0,0.0,0.0,1.0,0.0,0.0,0.7756692,1.0,1.0,0.09571449,0.0,0.005035445,0.0,0.0,0.081620395,0.0
0.015715152,0.0,0.04411765,0.3,0.0012479617,0.0,0.0,0.0,0.0,0.032723457,0.0,0.0,0.0,0.0,0.0,0.0,0.0024950355,0.014611423,0.0,0.0,0.0,0.053358793,0.009298153,0.039138943,0.0,0.0,1.0,1.0,1.0,0.0,0.0,0.8435508,1.0,1.0,0.11736319,0.0,0.009503886,0.0,0.0,0.0799312,0.0
0.0,1.0,0.36764705,0.0,1.6426413e-05,0.0,0.0,0.0,0.0,0.004832804,0.0,0.0,0.0,0.0,0.0,0.0,0.0,0.0,0.0,0.0,0.0,0.016733468,0.014865153,0.6849315,0.0,0.0,0.0,0.0,1.0,0.0,0.0,0.7878995,1.0,1.0,0.09828422,0.0,0.0035680532,0.0,0.0,0.087408185,0.0
0.0,0.0,0.029411765,0.2,0.0,0.0,0.0,0.0,0.0,0.0,0.0,0.0,0.0,0.0,0.0,0.0,0.0,0.0,0.0,0.0,0.0,1.2397766e-05,0.017091222,0.007827789,0.0,0.0,1.0,1.0,0.02,0.07,0.0,0.7672883,1.0,1.0,0.090854965,0.0,0.0022718757,0.0,0.0,0.07836294,0.0
0.0,0.0,0.029411765,0.2,0.0,0.0,0.0,0.0,0.0,0.0,0.0,0.0,0.0,0.0,0.0,0.0,0.0,0.0,0.0,0.0,0.0,0.0003247857,0.017061159,0.007827789,0.0,0.0,1.0,1.0,0.02,0.07,0.0,0.76795244,1.0,1.0,0.091074,0.0,0.002173245,0.0,0.0,0.07863608,0.0
0.0,0.0,0.30882353,0.1,0.0,0.0,0.0,0.0,0.0,0.0,0.0,0.0,0.0,0.0,0.0,0.0,0.0,0.0,0.0,0.0,0.0,0.0,0.02353315,0.0039138943,1.0,1.0,0.0,0.0,0.01,0.09,0.0,0.772292,1.0,1.0,0.08683898,0.0,0.0,0.0,0.0,0.08801642,0.0
0.015715152,0.0,0.04411765,0.3,0.001155006,0.0,0.0,0.0,0.0,0.03108731,0.0,0.0,0.0,0.0,0.0,0.0,0.002316095,0.013076484,0.0,0.0,0.0,0.05147612,0.009345479,0.058708414,0.0,0.0,1.0,1.0,1.0,0.0,0.0,0.84032977,1.0,1.0,0.11647271,0.0,0.009472743,0.0,0.0,0.0795342,0.0
0.0,1.0,0.36764705,0.0,1.6426413e-05,0.0,0.0,0.0,0.0,0.0013792515,0.0,0.0,0.0,0.0,0.0,0.0,0.0,0.0,0.0,0.0,0.0,0.013831794,0.0144409835,0.34050882,0.0,0.0,0.0,0.0,1.0,0.0,0.0,0.7814487,1.0,1.0,0.096912645,0.0,0.0044035316,0.0,0.0,0.08448106,0.0
0.0,0.0,0.0,0.2,0.0,0.0,0.0,0.0,0.0,0.0049958527,0.0,0.0,0.0,0.0,0.0,0.0,0.0,0.0,0.0,0.0,0.0,0.015866876,0.016040973,0.023483366,0.0,0.0,1.0,1.0,0.2,0.07,0.0,0.791662,1.0,1.0,0.09799721,0.0,0.0036803633,0.0,0.0,0.08128378,0.0
0.0,0.0,0.14705883,0.1,0.0,0.0,0.0,0.0,0.0,0.0074290335,0.0,0.0,0.0,0.0,0.0,0.0,0.0,0.0,0.0,0.0,0.0,0.011408925,0.022652633,0.039138943,1.0,1.0,0.0,0.0,0.5,0.05,0.0,0.7988672,1.0,1.0,0.09430664,0.0,0.0,0.0,0.0,0.09229556,0.0
0.0,0.0,0.029411765,0.2,0.0,0.0,0.0,0.0,0.0,0.0,0.0,0.0,0.0,0.0,0.0,0.0,0.0,0.0,0.0,0.0,0.0,0.0037250817,0.016782813,0.02739726,0.01,0.0,0.99,1.0,0.05,0.07,0.0,0.7738652,1.0,1.0,0.09291702,0.0,0.0020025223,0.0,0.0,0.080042094,0.0
0.0,0.0,0.7941176,0.2,0.0,0.0,0.0,0.0,0.0,0.0,0.0,0.0,0.0,0.0,0.0,0.0,0.0,0.0,0.0,0.0,0.0,0.0017824769,0.016925119,0.03522505,0.0,0.0,1.0,1.0,0.13,0.06,0.0,0.76916635,1.0,1.0,0.09139366,0.0,0.002994597,0.0,0.0,0.07757434,0.0
0.0,0.0,0.04411765,0.0,0.0008681168,0.0061771553,0.0,0.0,0.0,0.0,0.0,0.0,0.0,0.0,0.0,0.0,0.0,0.0,0.0,0.0,0.0,0.0061089993,0.010706216,0.01369863,0.0,0.0,0.0,0.0,1.0,0.0,0.43,0.7621275,1.0,1.0,0.09458681,0.0,0.00984703,0.0,0.0,0.06547439,0.0
0.0,0.0,0.029411765,0.2,0.0,0.0,0.0,0.0,0.0,0.0,0.0,0.0,0.0,0.0,0.0,0.0,0.0,0.0,0.0,0.0,0.0,0.0017504692,0.016933523,0.01369863,0.0,0.0,1.0,1.0,0.03,0.07,0.0,0.7705569,1.0,1.0,0.09190493,0.0,0.0020143092,0.0,0.0,0.0793708,0.0
0.0,1.0,0.36764705,0.0,8.276875e-06,0.0,0.0,0.0,0.0,0.0,0.0,0.0,0.0,0.0,0.0,0.0,0.0,0.0,0.0,0.0,0.0,0.0,0.017725624,0.99804306,0.0,0.0,0.0,0.0,1.0,0.0,0.0,0.75540507,1.0,1.0,0.08729722,0.0,0.002456233,0.0,0.0,0.07964489,0.0
0.0,0.0,0.13235295,0.8,0.0,3.2691223e-05,0.0,0.0,0.0,0.02261296,0.0,0.0,0.0,0.0,0.0,0.0,0.0,0.0,0.0,0.0,0.0,0.030054629,0.01891873,0.0019569471,0.5,1.0,0.5,0.0,0.5,1.0,0.0,0.82509255,1.0,1.0,0.10431477,0.0,0.0,0.0,0.0,0.09667298,0.0
0.0,0.0,0.04411765,0.0,0.0008681168,0.0061771553,0.0,0.0,0.0,0.0,0.0,0.0,0.0,0.0,0.0,0.0,0.0,0.0,0.0,0.0,0.0,0.0063509047,0.010803483,0.04892368,0.0,0.0,0.0,0.0,1.0,0.0,0.16,0.7626262,1.0,1.0,0.094619624,0.0,0.00976561,0.0,0.0,0.06600928,0.0
0.0,1.0,0.36764705,0.0,2.3557259e-05,0.0,0.0,0.33333334,0.0,0.0,0.0,0.0,0.0,0.0,0.0,0.0,0.0,0.0,0.0,0.0,0.0,0.0,0.020402327,0.0058708414,0.0,0.0,0.0,0.0,1.0,0.0,0.67,0.74302423,1.0,1.0,0.080994986,0.0,0.00186795,0.0,0.0,0.08245975,0.0
0.0,0.0,0.63235295,0.5,0.0,0.0,0.0,0.0,0.0,0.0,0.0,0.0,0.0,0.0,0.0,0.0,0.0,0.0,0.0,0.0,0.0,0.0015526712,0.016914286,0.039138943,0.0,0.0,1.0,1.0,0.17,0.05,0.0,0.7685003,1.0,1.0,0.091204934,0.0,0.003183201,0.0,0.0,0.077085614,0.0
0.0,0.0,0.029411765,0.2,0.0,0.0,0.0,0.0,0.0,0.0,0.0,0.0,0.0,0.0,0.0,0.0,0.0,0.0,0.0,0.0,0.0,0.0,0.017400019,0.0019569471,0.0,0.0,1.0,1.0,0.01,0.09,0.0,0.76004446,1.0,1.0,0.088545196,0.0,0.0029703379,0.0,0.0,0.07598257,0.0
0.0,0.0,0.029411765,0.2,0.0,0.0,0.0,0.0,0.0,0.0,0.0,0.0,0.0,0.0,0.0,0.0,0.0,0.0,0.0,0.0,0.0,0.0016349256,0.016963579,0.017612524,0.0,0.0,1.0,1.0,0.04,0.06,0.0,0.76995015,1.0,1.0,0.091669284,0.0,0.0023063123,0.0,0.0,0.07880938,0.0
0.0,0.0,0.029411765,0.1,0.0,0.0,0.0,0.0,0.0,0.0,0.0,0.0,0.0,0.0,0.0,0.0,0.0,0.0,0.0,0.0,0.0,0.0,0.023349285,0.039138943,1.0,1.0,0.0,0.0,0.14,0.06,0.0,0.7782141,1.0,1.0,0.08849258,0.0,0.0,0.0,0.0,0.08890045,0.0
1.7326518e-05,0.0,0.22058824,0.0,4.1368454e-05,0.00021769383,0.0,0.0,0.0,0.0,0.0,0.0,0.0,0.0,0.0,0.0,0.0,0.0,0.0,0.0,0.0,0.0,0.013723053,0.0039138943,0.0,0.0,0.0,0.0,1.0,0.0,0.0,0.75120735,1.0,1.0,0.08900916,0.0,0.006931618,0.0,0.0,0.07268453,0.0
0.0,0.0,0.11764706,0.1,0.0,0.0,0.0,0.0,0.0,0.0,0.0,0.0,0.0,0.0,0.0,0.0,0.0,0.0,0.0,0.0,0.0,0.0,0.023106404,0.037181996,1.0,1.0,0.0,0.0,0.08,0.06,0.0,0.78069687,1.0,1.0,0.089485995,0.0,0.0,0.0,0.0,0.09000313,0.0
0.0,0.0,0.029411765,0.1,0.0,0.0,0.0,0.0,0.0,0.0,0.0,0.0,0.0,0.0,0.0,0.0,0.0,0.0,0.0,0.0,0.0,0.0,0.022925422,0.03522505,1.0,1.0,0.0,0.0,0.06,0.05,0.0,0.7831949,1.0,1.0,0.090394236,0.0,0.0,0.0,0.0,0.09091085,0.0
0.0,0.0,0.19117647,0.1,0.0,0.0,0.0,0.0,0.0,0.0,0.0,0.0,0.0,0.0,0.0,0.0,0.0,0.0,0.0,0.0,0.0,0.0,0.022976376,0.031311154,1.0,1.0,0.0,0.0,0.06,0.06,0.0,0.7817322,1.0,1.0,0.08996161,0.0,0.0,0.0,0.0,0.09059894,0.0
0.0,0.0,0.029411765,0.2,0.0,0.0,0.0,0.0,0.0,0.0,0.0,0.0,0.0,0.0,0.0,0.0,0.0,0.0,0.0,0.0,0.0,0.0007688701,0.017027736,0.01369863,0.0,0.0,1.0,1.0,0.03,0.06,0.0,0.7684698,1.0,1.0,0.091216706,0.0,0.0023243576,0.0,0.0,0.0785124,0.0
0.0,0.0,0.029411765,0.2,0.0,0.0,0.0,0.0,0.0,0.0,0.0,0.0,0.0,0.0,0.0,0.0,0.0,0.0,0.0,0.0,0.0,0.0024602711,0.016884431,0.017612524,0.0,0.0,1.0,1.0,0.04,0.07,0.0,0.77170515,1.0,1.0,0.092247956,0.0,0.0020456016,0.0,0.0,0.07953122,0.0
0.0,0.0,0.04411765,0.1,0.0,0.0,0.0,0.0,0.0,0.056962818,0.0,0.0,0.0,0.0,0.0,0.0,0.0017569289,0.023599416,0.0,0.0,0.0,0.06896913,0.018699415,0.1369863,1.0,1.0,0.0,0.0,1.0,0.0,0.0,0.8915323,1.0,1.0,0.12194734,0.0,0.0,0.0,0.0,0.11021823,0.0
0.0,0.0,0.04411765,0.0,0.0008681168,0.0061771553,0.0,0.0,0.0,0.0,0.0,0.0,0.0,0.0,0.0,0.0,0.0,0.0,0.0,0.0,0.0,0.00087434053,0.010925457,0.007827789,0.0,0.0,0.0,0.0,1.0,0.0,0.0,0.75316846,1.0,1.0,0.09201499,0.0,0.009819046,0.0,0.0,0.06423962,0.0
0.0,0.0,0.029411765,0.2,0.0,0.0,0.0,0.0,0.0,0.0,0.0,0.0,0.0,0.0,0.0,0.0,0.0,0.0,0.0,0.0,0.0,0.0021800399,0.01690597,0.039138943,0.0,0.0,1.0,1.0,0.17,0.08,0.0,0.7696506,1.0,1.0,0.09151768,0.0,0.003124535,0.0,0.0,0.07746175,0.0
0.0,0.0,0.13235295,0.8,0.0,3.2691223e-05,0.0,0.0,0.0,0.026188046,0.0,0.0,0.0,0.0,0.0,0.0,0.0,0.0,0.0,0.0,0.0,0.03407088,0.018991418,0.0019569471,1.0,1.0,0.0,0.0,1.0,0.0,0.0,0.8320805,1.0,1.0,0.10607793,0.0,0.0,0.0,0.0,0.09815249,0.0
0.13325825,0.0,0.13235295,0.0,0.0,3.2691223e-05,0.0,0.0,0.0,0.0,0.0,0.0,0.0,0.0,0.0,0.0,0.0,0.0,0.0,0.0,0.0,0.0,0.0196587,0.0019569471,0.0,0.0,0.0,0.0,1.0,0.0,0.0,0.75748193,1.0,1.0,0.085501604,0.0,0.0018809587,0.0,0.0,0.082482606,0.0
0.0,0.0,0.029411765,0.2,0.0,0.0,0.0,0.0,0.0,0.0,0.0,0.0,0.0,0.0,0.0,0.0,0.0,0.0,0.0,0.0,0.0,0.0,0.017212175,0.015655577,0.0,0.0,1.0,1.0,0.07,0.06,0.0,0.7621708,1.0,1.0,0.08928036,0.0,0.0030617714,0.0,0.0,0.07609087,0.0
0.0,0.0,0.029411765,0.5,0.0,0.0,0.0,0.0,0.0,0.0,0.0,0.0,0.0,0.0,0.0,0.0,0.0,0.0,0.0,0.0,0.0,0.0,0.01707898,0.0058708414,0.0,0.0,1.0,1.0,0.01,0.06,0.0,0.7672169,1.0,1.0,0.09087474,0.0,0.0021067113,0.0,0.0,0.0786207,0.0
0.0,0.0,0.029411765,0.2,0.0,0.0,0.0,0.0,0.0,0.0,0.0,0.0,0.0,0.0,0.0,0.0,0.0,0.0,0.0,0.0,0.0,0.0043796003,0.016760632,0.031311154,0.0,0.0,1.0,1.0,0.07,0.06,0.0,0.7746823,1.0,1.0,0.0931151,0.0,0.0021977276,0.0,0.0,0.07996097,0.0
0.0,0.0,0.45588234,0.2,0.0,0.0,0.0,0.0,0.0,0.0,0.0,0.0,0.0,0.0,0.0,0.0,0.0,0.0,0.0,0.0,0.0,0.0017241538,0.016955055,0.017612524,0.0,0.0,1.0,1.0,0.04,0.07,0.0,0.77013993,1.0,1.0,0.09173178,0.0,0.002278179,0.0,0.0,0.07888743,0.0
0.0,0.0,0.04411765,0.1,0.0,0.0,0.0,0.0,0.0,0.055595547,0.0,0.0,0.0,0.0,0.0,0.0,0.0026041418,0.025601506,0.0,0.0,0.0,0.071377754,0.015123442,0.1369863,1.0,1.0,0.0,0.0,1.0,0.0,0.0,0.8879714,1.0,1.0,0.12406399,0.0,0.0026121885,0.0,0.0,0.10309255,0.0
1.7326518e-05,0.0,0.22058824,0.0,4.1368454e-05,0.00021769383,0.0,0.0,0.0,0.0,0.0,0.0,0.0,0.0,0.0,0.0,0.0,0.0,0.0,0.0,0.0,0.0,0.013958573,0.0058708414,0.0,0.0,0.0,0.0,1.0,0.0,0.0,0.7489525,1.0,1.0,0.08825692,0.0,0.0066982657,0.0,0.0,0.07193652,0.0
0.0,0.0,0.029411765,0.2,0.0,0.0,0.0,0.0,0.0,0.0,0.0,0.0,0.0,0.0,0.0,0.0,0.0,0.0,0.0,0.0,0.0,0.0,0.017044008,0.025440313,0.0,0.0,1.0,1.0,0.09,0.06,0.0,0.76573384,1.0,1.0,0.09039175,0.0,0.002962336,0.0,0.0,0.07690793,0.0
0.0,0.0,0.13235295,0.1,0.0,0.0,0.0,0.0,0.0,0.0,0.0,0.0,0.0,0.0,0.0,0.0,0.0,0.0,0.0,0.0,0.0,0.0,0.023090392,0.03522505,1.0,1.0,0.0,0.0,0.08,0.06,0.0,0.7815584,1.0,1.0,0.08973385,0.0,0.0,0.0,0.0,0.09022558,0.0
0.0,0.0,0.029411765,0.2,0.0,0.0,0.0,0.0,0.0,0.0,0.0,0.0,0.0,0.0,0.0,0.0,0.0,0.0,0.0,0.0,0.0,0.0,0.01711835,0.023483366,0.0,0.0,1.0,1.0,0.11,0.05,0.0,0.76533294,1.0,1.0,0.09018529,0.0,0.0031080693,0.0,0.0,0.076670736,0.0
0.0,0.0,0.5147059,0.2,0.0,0.0,0.0,0.0,0.0,0.0,0.0,0.0,0.0,0.0,0.0,0.0,0.0,0.0,0.0,0.0,0.0,0.0,0.017136618,0.017612524,0.0,0.0,1.0,1.0,0.07,0.06,0.0,0.7641871,1.0,1.0,0.08990189,0.0,0.002938047,0.0,0.0,0.07663301,0.0
0.0,0.0,0.029411765,0.1,0.0,0.0,0.0,0.0,0.0,0.0,0.0,0.0,0.0,0.0,0.0,0.0,0.0,0.0,0.0,0.0,0.0,0.0,0.023203664,0.029354207,1.0,1.0,0.0,0.0,0.07,0.06,0.0,0.7792913,1.0,1.0,0.08901318,0.0,0.0,0.0,0.0,0.0896312,0.0
0.0,0.0,0.029411765,0.2,0.0,0.0,0.0,0.0,0.0,0.0,0.0,0.0,0.0,0.0,0.0,0.0,0.0,0.0,0.0,0.0,0.0,0.0,0.017063081,0.0039138943,0.0,0.0,1.0,1.0,0.01,0.06,0.0,0.7668873,1.0,1.0,0.09082482,0.0,0.0020173192,0.0,0.0,0.078606784,0.0
0.0,1.0,0.36764705,0.0,1.6044403e-05,0.0,0.0,0.0,0.0,0.0,0.0,0.0,0.0,0.0,0.0,0.0,0.0,0.0,0.0,0.0,0.0,0.011963636,0.014281109,0.18786693,0.0,0.0,0.0,0.0,1.0,0.0,0.0,0.7776818,1.0,1.0,0.09605426,0.0,0.004762858,0.0,0.0,0.08281523,0.0
0.013410725,0.0,0.04411765,0.3,0.0013873952,0.0,0.0,0.0,0.0,0.0,0.0,0.0,0.0,0.0,0.0,0.0,0.0,0.0,0.0,0.0,0.0,0.0,0.011616461,0.009784736,0.0,0.0,1.0,1.0,1.0,0.0,0.0,0.74976563,1.0,1.0,0.090455376,0.0,0.009759605,0.0,0.0,0.06359637,0.0
0.0,0.0,0.19117647,0.1,0.0,0.0,0.0,0.0,0.0,0.0,0.0,0.0,0.0,0.0,0.0,0.0,0.0,0.0,0.0,0.0,0.0,0.0,0.02341599,0.019569471,1.0,1.0,0.0,0.0,0.06,0.09,0.0,0.7761142,1.0,1.0,0.087925114,0.0,0.0,0.0,0.0,0.088733256,0.0
0.0,0.0,0.61764705,0.1,0.0,0.0,0.0,0.0,0.0,0.0,0.0,0.0,0.0,0.0,0.0,0.0,0.0,0.0,0.0,0.0,0.0,0.0,0.02321975,0.03522505,1.0,1.0,0.0,0.0,0.1,0.08,0.0,0.78040504,1.0,1.0,0.08924856,0.0,0.0,0.0,0.0,0.08971453,0.0
0.0,0.0,0.13235295,0.5,0.0,0.0,0.0,0.0,0.0,0.003845185,0.0,0.0,0.0,0.0,0.0,0.0,0.0,0.0,0.0,0.0,0.0,0.014776111,0.016149446,0.011741683,0.0,0.0,1.0,1.0,0.16,0.11,0.0,0.78967,1.0,1.0,0.09734126,0.0,0.0038487762,0.0,0.0,0.08056834,0.0
0.0,0.0,0.0,0.2,0.0,0.0,0.0,0.0,0.0,0.0,0.0,0.0,0.0,0.0,0.0,0.0,0.0,0.0,0.0,0.0,0.0,0.0018639863,0.016912907,0.015655577,0.0,0.0,1.0,1.0,0.03,0.07,0.0,0.7707324,1.0,1.0,0.091970526,0.0,0.0020142943,0.0,0.0,0.0794183,0.0
0.0,0.0,0.029411765,0.2,0.0,0.0,0.0,0.0,0.0,0.0,0.0,0.0,0.0,0.0,0.0,0.0,0.0,0.0,0.0,0.0,0.0,0.0011558235,0.016995035,0.0332681,0.0,0.0,1.0,1.0,0.15,0.08,0.0,0.7678999,1.0,1.0,0.0909683,0.0,0.003156647,0.0,0.0,0.07707816,0.0
0.0,0.0,0.029411765,0.2,0.0,0.0,0.0,0.0,0.0,0.0,0.0,0.0,0.0,0.0,0.0,0.0,0.0,0.0,0.0,0.0,0.0,0.0,0.017211586,0.0019569471,0.0,0.0,1.0,1.0,0.01,0.06,0.0,0.76421857,1.0,1.0,0.08992166,0.0,0.0023501962,0.0,0.0,0.0776993,0.0
0.0,1.0,0.36764705,0.0,1.6044403e-05,0.0,0.0,0.0,0.0,0.005187273,0.0,0.0,0.0,0.0,0.0,0.0,0.0,0.0,0.0,0.0,0.0,0.017008066,0.014892988,0.71428573,0.0,0.0,0.0,0.0,1.0,0.0,0.0,0.7885747,1.0,1.0,0.09845164,0.0,0.0034663528,0.0,0.0,0.08762035,0.0
0.0,0.0,0.14705883,0.1,0.0,0.0,1.0,0.0,0.0,0.0526478,0.0,0.0,0.0,0.0,0.0,0.0,0.0011694357,0.020449936,0.0,0.0,0.0,0.066991985,0.018956788,0.0039138943,1.0,1.0,0.0,0.0,1.0,0.0,1.0,0.8847873,1.0,1.0,0.120245166,0.0,0.00016401708,0.0,0.0,0.10586426,0.0
0.0,0.0,0.029411765,0.1,0.0,0.0,0.0,0.0,0.0,0.0,0.0,0.0,0.0,0.0,0.0,0.0,0.0,0.0,0.0,0.0,0.0,0.0,0.021335974,0.017612524,0.3,1.0,0.7,0.0,0.04,0.06,0.0,0.7660985,1.0,1.0,0.087188624,0.0,0.0,0.0,0.0,0.0837982,0.0
0.0,0.0,0.029411765,0.2,0.0,0.0,0.0,0.0,0.0,0.0,0.0,0.0,0.0,0.0,0.0,0.0,0.0,0.0,0.0,0.0,0.0,0.0004479587,0.017034203,0.031311154,0.0,0.0,1.0,1.0,0.15,0.07,0.0,0.7666899,1.0,1.0,0.09061264,0.0,0.003160596,0.0,0.0,0.07686764,0.0
0.0,1.0,0.36764705,0.0,8.276875e-06,0.0,0.0,0.0,0.0,0.0,0.0,0.0,0.0,0.0,0.0,0.0,0.0,0.0,0.0,0.0,0.0,0.0,0.01765515,0.9921722,0.0,0.0,0.0,0.0,1.0,0.0,0.0,0.75627506,1.0,1.0,0.08758711,0.0,0.0024772733,0.0,0.0,0.07985619,0.0
0.0,1.0,0.36764705,0.0,1.6426413e-05,0.0,0.0,0.0,0.0,0.0,0.0,0.0,0.0,0.0,0.0,0.0,0.0,0.0,0.0,0.0,0.0,0.0,0.020469114,1.0,0.0,0.0,0.0,0.0,1.0,0.0,0.0,0.7296543,1.0,1.0,0.07773357,0.0,0.0019688606,0.0,0.0,0.07625142,0.0
0.0,0.0,0.3382353,0.2,0.0,0.0,0.0,0.0,0.0,0.0,0.0,0.0,0.0,0.0,0.0,0.0,0.0,0.0,0.0,0.0,0.0,0.0006605387,0.016958207,0.0039138943,0.0,0.0,1.0,1.0,0.01,0.06,0.0,0.7692114,1.0,1.0,0.09159123,0.0,0.0016720444,0.0,0.0,0.07956272,0.0
1.7326518e-05,0.0,0.22058824,0.0,4.1368454e-05,0.00021769383,0.0,0.0,0.0,0.0,0.0,0.0,0.0,0.0,0.0,0.0,0.0,0.0,0.0,0.0,0.0,0.0043733716,0.01176475,0.0039138943,0.0,0.0,0.0,0.0,1.0,0.0,0.0,0.75981045,1.0,1.0,0.092870556,0.0,0.008989781,0.0,0.0,0.0705013,0.0
0.0137919085,0.0,0.04411765,0.3,0.0009923336,0.0,0.0,0.0,0.0,0.02929324,0.0,0.0,0.0,0.0,0.0,0.0,0.0020343736,0.010533333,0.0,0.0,0.0,0.049063176,0.009484395,0.15459883,0.03,0.03,0.97,0.97,1.0,0.0,0.0,0.8364347,1.0,1.0,0.1153247,0.0,0.009155422,0.0,0.0,0.08020711,0.0
0.0,0.0,0.04411765,0.0,0.0008681168,0.0061771553,0.0,0.0,0.0,0.0,0.0,0.0,0.0,0.0,0.0,0.0,0.0,0.0,0.0,0.0,0.0,0.00089773536,0.010923915,0.009784736,0.0,0.0,0.0,0.0,1.0,0.0,0.0,0.7532109,1.0,1.0,0.092027925,0.0,0.009814575,0.0,0.0,0.06426409,0.0
0.0,1.0,0.36764705,0.0,2.3557259e-05,0.0,0.0,0.33333334,0.0,0.0,0.0,0.0,0.0,0.0,0.0,0.0,0.0,0.0,0.0,0.0,0.0,0.0,0.025637671,0.0058708414,0.0,0.0,0.0,0.0,1.0,0.0,0.67,0.67561126,0.9696134,1.0,0.0573991,0.0,0.007842332,0.0,0.0,0.06310882,0.0
0.013774582,0.0,0.04411765,0.3,0.0009226168,7.4298237e-07,0.0,0.0,0.0,0.0,0.0,0.0,0.0,0.0,0.0,0.0,0.0,0.0,0.0,0.0,0.0,0.016246855,0.010433637,0.052837573,0.0,0.0,1.0,1.0,1.0,0.0,0.0,0.77969146,1.0,1.0,0.09946861,0.0,0.009668052,0.0,0.0,0.06905547,0.0
0.0,0.0,0.029411765,0.1,0.0,0.0,0.0,0.0,0.0,0.0,0.0,0.0,0.0,0.0,0.0,0.0,0.0,0.0,0.0,0.0,0.0,0.0,0.023314178,0.03522505,1.0,1.0,0.0,0.0,0.11,0.06,0.0,0.7779193,1.0,1.0,0.08848309,0.0,0.0,0.0,0.0,0.08900949,0.0
0.0,0.0,0.029411765,0.1,0.0,0.0,0.0,0.0,0.0,0.0,0.0,0.0,0.0,0.0,0.0,0.0,0.0,0.0,0.0,0.0,0.0,0.0,0.023185804,0.031311154,1.0,1.0,0.0,0.0,0.08,0.07,0.0,0.77949154,1.0,1.0,0.08908244,0.0,0.0,0.0,0.0,0.08969596,0.0
0.0,0.0,0.45588234,0.1,0.0,0.0,0.0,0.0,0.0,0.0,0.0,0.0,0.0,0.0,0.0,0.0,0.0,0.0,0.0,0.0,0.0,0.0,0.023514122,0.0039138943,1.0,1.0,0.0,0.0,0.01,0.1,0.0,0.77315223,1.0,1.0,0.08708318,0.0,0.0,0.0,0.0,0.088231,0.0
0.0,0.0,0.029411765,0.2,0.0,0.0,0.0,0.0,0.0,0.0,0.0,0.0,0.0,0.0,0.0,0.0,0.0,0.0,0.0,0.0,0.0,0.0,0.020799786,0.007827789,0.0,0.0,1.0,1.0,0.02,0.07,0.0,0.7324376,1.0,1.0,0.07810404,0.0,0.0022411793,0.0,0.0,0.07146865,0.0
0.0,0.0,0.029411765,0.2,0.0,0.0,0.0,0.0,0.0,0.0,0.0,0.0,0.0,0.0,0.0,0.0,0.0,0.0,0.0,0.0,0.0,0.0053097904,0.016638517,0.03522505,0.0,0.0,1.0,1.0,0.07,0.06,0.0,0.7764828,1.0,1.0,0.09373977,0.0,0.0020198673,0.0,0.0,0.080486685,0.0
0.0,0.0,0.0,0.2,0.0,0.0,0.0,0.0,0.0,0.0,0.0,0.0,0.0,0.0,0.0,0.0,0.0,0.0,0.0,0.0,0.0,0.0,0.017120488,0.0039138943,0.0,0.0,1.0,1.0,0.01,0.06,0.0,0.76594496,1.0,1.0,0.0905013,0.0,0.0021065623,0.0,0.0,0.07838738,0.0
0.015611193,0.0,0.04411765,0.3,0.0008993779,0.0,0.0,0.0,0.0,0.02364713,0.0,0.0,0.0,0.0,0.0,0.0,0.0014988333,0.0061424673,0.0,0.0,0.0,0.04293406,0.009563014,0.1409002,0.0,0.0,1.0,1.0,1.0,0.0,0.0,0.8257078,1.0,1.0,0.11242684,0.0,0.009346291,0.0,0.0,0.07767463,0.0
0.0,1.0,0.36764705,0.0,1.6426413e-05,0.0,0.0,0.0,0.0,0.0,0.0,0.0,0.0,0.0,0.0,0.0,0.0,0.0,0.0,0.0,0.0,0.0107372105,0.0139443055,0.0058708414,0.0,0.0,0.0,0.0,1.0,0.0,0.0,0.7749574,1.0,1.0,0.0956366,0.0,0.005160168,0.0,0.0,0.08108804,0.0
0.0,0.0,0.029411765,0.1,0.0,0.0,0.0,0.0,0.0,0.0,0.0,0.0,0.0,0.0,0.0,0.0,0.0,0.0,0.0,0.0,0.0,0.0,0.02323483,0.01369863,1.0,1.0,0.0,0.0,0.03,0.06,0.0,0.77663696,1.0,1.0,0.08835011,0.0,0.0,0.0,0.0,0.08933526,0.0
0.0,0.0,0.47058824,0.2,0.0,0.0,0.0,0.0,0.0,0.0,0.0,0.0,0.0,0.0,0.0,0.0,0.0,0.0,0.0,0.0,0.0,0.0022851229,0.016820684,0.015655577,0.0,0.0,1.0,1.0,0.03,0.06,0.0,0.7718116,1.0,1.0,0.092392884,0.0,0.0017417371,0.0,0.0,0.079959065,0.0
0.0,1.0,0.36764705,0.0,1.6044403e-05,0.0,0.0,0.0,0.0,0.0019176602,0.0,0.0,0.0,0.0,0.0,0.0,0.0,0.0,0.0,0.0,0.0,0.01426819,0.01457455,0.4266145,0.0,0.0,0.0,0.0,1.0,0.0,0.0,0.7824516,1.0,1.0,0.09705659,0.0,0.0042488277,0.0,0.0,0.085134864,0.0
0.0,0.0,0.029411765,0.2,0.0,0.0,0.0,0.0,0.0,0.0,0.0,0.0,0.0,0.0,0.0,0.0,0.0,0.0,0.0,0.0,0.0,0.0,0.018427052,0.03522505,0.0,0.0,1.0,1.0,0.13,0.06,0.0,0.7511445,1.0,1.0,0.085194044,0.0,0.0030088574,0.0,0.0,0.07456556,0.0
0.0,0.0,0.029411765,0.1,0.0,0.0,0.0,0.0,0.0,0.0,0.0,0.0,0.0,0.0,0.0,0.0,0.0,0.0,0.0,0.0,0.0,0.0,0.023579344,0.023483366,1.0,1.0,0.0,0.0,0.11,0.06,0.0,0.7728616,1.0,1.0,0.08685205,0.0,0.0,0.0,0.0,0.08763215,0.0
0.0,1.0,0.36764705,0.0,1.6044403e-05,0.0,0.0,0.0,0.0,0.008259505,0.0,0.0,0.0,0.0,0.0,0.0,0.0,0.0,0.0,0.0,0.0,0.019388199,0.015133753,0.96868885,0.0,0.0,0.0,0.0,1.0,0.0,0.0,0.7944255,1.0,1.0,0.09990268,0.0,0.0025850236,0.0,0.0,0.08945933,0.0
0.0,0.0,0.029411765,0.2,0.0,0.0,0.0,0.0,0.0,0.0,0.0,0.0,0.0,0.0,0.0,0.0,0.0,0.0,0.0,0.0,0.0,0.0013112724,0.016918562,0.03522505,0.0,0.0,1.0,1.0,0.13,0.06,0.0,0.7683482,1.0,1.0,0.09119036,0.0,0.0030038804,0.0,0.0,0.07733485,0.0
0.0,0.0,0.04411765,0.0,0.0008681168,0.0061771553,0.0,0.0,0.0,0.0,0.0,0.0,0.0,0.0,0.0,0.0,0.0,0.0,0.0,0.0,0.0,0.009734333,0.01062344,0.009784736,0.0,0.0,0.0,0.0,1.0,0.0,0.4,0.7684405,1.0,1.0,0.096327715,0.0,0.00977771,0.0,0.0,0.06674266,0.0
0.03569263,0.0,0.04411765,0.3,0.001155006,0.0,0.0,0.0,0.0,0.013658226,0.0,0.0,0.0,0.0,0.0,0.0,0.0,0.0,0.0,0.0,0.0,0.031891555,0.0102697015,0.019569471,0.0,0.0,1.0,1.0,1.0,0.0,0.0,0.8068807,1.0,1.0,0.10677227,0.0,0.0094625205,0.0,0.0,0.07436627,0.0
0.0,0.0,0.3970588,0.2,0.0,0.0,0.0,0.0,0.0,0.0,0.0,0.0,0.0,0.0,0.0,0.0,0.0,0.0,0.0,0.0,0.0,0.0018127561,0.016884357,0.029354207,0.0,0.0,1.0,1.0,0.07,0.06,0.0,0.769953,1.0,1.0,0.09172424,0.0,0.0024738759,0.0,0.0,0.07852155,0.0
0.0,0.0,0.029411765,0.1,0.0,0.0,0.0,0.0,0.0,0.0,0.0,0.0,0.0,0.0,0.0,0.0,0.0,0.0,0.0,0.0,0.0,0.00023168325,0.022930153,0.03522505,1.0,1.0,0.0,0.0,0.06,0.06,0.0,0.7837331,1.0,1.0,0.09052164,0.0,0.0,0.0,0.0,0.09100932,0.0
0.0,0.0,0.13235295,0.8,0.0,3.2691223e-05,0.0,0.0,0.0,0.004029304,0.0,0.0,0.0,0.0,0.0,0.0,0.0,0.0,0.0,0.0,0.0,0.009501904,0.01829727,0.0019569471,1.0,1.0,0.0,0.0,1.0,0.0,0.0,0.7886162,1.0,1.0,0.09530642,0.0,0.0,0.0,0.0,0.088796735,0.0
0.0,0.0,0.029411765,0.2,0.0,0.0,0.0,0.0,0.0,0.0,0.0,0.0,0.0,0.0,0.0,0.0,0.0,0.0,0.0,0.0,0.0,0.0,0.01719936,0.015655577,0.0,0.0,1.0,1.0,0.07,0.06,0.0,0.76245546,1.0,1.0,0.08937418,0.0,0.003019467,0.0,0.0,0.076207876,0.0
0.035813913,0.0,0.04411765,0.3,0.0013039261,0.0,0.0,0.0,0.0,0.0,0.0,0.0,0.0,0.0,0.0,0.0,0.0,0.0,0.0,0.0,0.0,0.0,0.011389323,0.017612524,0.0,0.0,0.89,0.89,1.0,0.0,0.0,0.74606156,1.0,1.0,0.08968102,0.0,0.009730399,0.0,0.0,0.06380507,0.0
0.0,0.0,0.029411765,0.2,0.0,0.0,0.0,0.0,0.0,0.0,0.0,0.0,0.0,0.0,0.0,0.0,0.0,0.0,0.0,0.0,0.0,0.0,0.017133713,0.0039138943,0.0,0.0,1.0,1.0,0.01,0.06,0.0,0.76532197,1.0,1.0,0.09030866,0.0,0.0022498667,0.0,0.0,0.077962995,0.0
0.12641428,0.0,0.13235295,0.0,0.0,3.2691223e-05,0.0,0.0,0.0,0.0,0.0,0.0,0.0,0.0,0.0,0.0,0.0,0.0,0.0,0.0,0.0,0.0011603236,0.017751455,0.0019569471,0.0,0.0,0.0,0.0,1.0,0.0,0.0,0.7662523,1.0,1.0,0.089357875,0.0,0.0037342757,0.0,0.0,0.081276536,0.0
0.0,1.0,0.36764705,0.0,1.6044403e-05,0.0,0.0,0.0,0.0,0.0038875043,0.0,0.0,0.0,0.0,0.0,0.0,0.0,0.0,0.0,0.0,0.0,0.016001076,0.014791042,0.60665363,0.0,0.0,0.0,0.0,1.0,0.0,0.0,0.7860993,1.0,1.0,0.0978378,0.0,0.0038392097,0.0,0.0,0.0868423,0.0
0.0,0.0,0.04411765,0.2,0.0,0.0,0.0,0.0,0.0,0.0028626323,0.0,0.0,0.0,0.0,0.0,0.0,0.0,0.0,0.0,0.0,0.0,0.013918549,0.016220063,0.017612524,0.0,0.0,1.0,1.0,0.5,0.17,0.0,0.7879952,1.0,1.0,0.09679862,0.0,0.0040579587,0.0,0.0,0.07984811,0.0
0.0,0.0,0.029411765,0.1,0.0,0.0,0.0,0.0,0.0,0.0,0.0,0.0,0.0,0.0,0.0,0.0,0.0,0.0,0.0,0.0,0.0,0.0,0.023390956,0.017612524,1.0,1.0,0.0,0.0,0.06,0.1,0.0,0.7770965,1.0,1.0,0.088216774,0.0,0.0,0.0,0.0,0.08899939,0.0
0.0,0.0,0.029411765,0.1,0.0,0.0,0.0,0.0,0.0,0.0,0.0,0.0,0.0,0.0,0.0,0.0,0.0,0.0,0.0,0.0,0.0,0.0,0.023203716,0.03522505,1.0,1.0,0.0,0.0,0.1,0.08,0.0,0.7812251,1.0,1.0,0.0894781,0.0,0.0,0.0,0.0,0.08991462,0.0
0.0,0.0,0.7941176,0.2,0.0,0.0,0.0,0.0,0.0,0.0,0.0,0.0,0.0,0.0,0.0,0.0,0.0,0.0,0.0,0.0,0.0,0.00044324994,0.016992614,0.029354207,0.0,0.0,1.0,1.0,0.11,0.06,0.0,0.7669296,1.0,1.0,0.09075048,0.0,0.0029866546,0.0,0.0,0.07708785,0.0
0.0,0.0,0.04411765,0.0,0.0008681168,0.0061771553,0.0,0.0,0.0,0.0,0.0,0.0,0.0,0.0,0.0,0.0,0.0,0.0,0.0,0.0,0.0,0.007991523,0.010687597,0.0058708414,0.0,0.0,0.67,0.67,1.0,0.0,0.0,0.7654228,1.0,1.0,0.095469736,0.0,0.009785056,0.0,0.0,0.06629321,0.0
0.0,0.0,0.3382353,0.2,0.0,0.0,0.0,0.0,0.0,0.0,0.0,0.0,0.0,0.0,0.0,0.0,0.0,0.0,0.0,0.0,0.0,0.0033479333,0.016756602,0.023483366,0.0,0.0,1.0,1.0,0.04,0.06,0.0,0.7733493,1.0,1.0,0.09282871,0.0,0.0019171387,0.0,0.0,0.07996783,0.0
0.015559213,0.0,0.04411765,0.3,0.00093312206,0.0,0.0,0.0,0.0,0.034773707,0.0,0.0,0.0,0.0,0.0,0.0,0.0027378201,0.016289681,0.0,0.0,0.0,0.055615783,0.009225778,0.050880626,0.0,0.0,1.0,1.0,1.0,0.0,0.0,0.8474518,1.0,1.0,0.11846071,0.0,0.009462938,0.0,0.0,0.08071923,0.0
0.0,0.0,0.029411765,0.2,0.0,0.0,0.0,0.0,0.0,0.0,0.0,0.0,0.0,0.0,0.0,0.0,0.0,0.0,0.0,0.0,0.0,0.003857106,0.016726114,0.03522505,0.0,0.0,1.0,1.0,0.08,0.06,0.0,0.7735777,1.0,1.0,0.09284826,0.0,0.002339229,0.0,0.0,0.07938874,0.0
0.0,0.0,0.029411765,0.2,0.0,0.0,0.0,0.0,0.0,0.0,0.0,0.0,0.0,0.0,0.0,0.0,0.0,0.0,0.0,0.0,0.0,0.0,0.017184645,0.019569471,0.0,0.0,1.0,1.0,0.1,0.08,0.0,0.76380527,1.0,1.0,0.08971717,0.0,0.0031330734,0.0,0.0,0.076354265,0.0
0.0,0.0,0.029411765,0.1,0.0,0.0,0.0,0.0,0.0,0.0,0.0,0.0,0.0,0.0,0.0,0.0,0.0,0.0,0.0,0.0,0.0,0.0,0.0230162,0.0332681,1.0,1.0,0.0,0.0,0.07,0.07,0.0,0.7826066,1.0,1.0,0.09011691,0.0,0.0,0.0,0.0,0.09061077,0.0
0.0,0.0,0.029411765,0.2,0.0,0.0,0.0,0.0,0.0,0.0,0.0,0.0,0.0,0.0,0.0,0.0,0.0,0.0,0.0,0.0,0.0,0.0,0.01728703,0.011741683,0.0,0.0,1.0,1.0,0.06,0.07,0.0,0.76045334,1.0,1.0,0.08874961,0.0,0.0031150132,0.0,0.0,0.07569623,0.0
0.0,0.0,0.23529412,0.2,0.0,0.0,0.0,0.0,0.0,0.0,0.0,0.0,0.0,0.0,0.0,0.0,0.0,0.0,0.0,0.0,0.0,0.0009892881,0.016954757,0.01369863,0.0,0.0,1.0,1.0,0.03,0.06,0.0,0.7691221,1.0,1.0,0.09149832,0.0,0.0021152347,0.0,0.0,0.07887754,0.0
0.0,0.0,0.23529412,0.1,0.0,0.0,0.0,0.0,0.0,0.0,0.0,0.0,0.0,0.0,0.0,0.0,0.0,0.0,0.0,0.0,0.0,0.0,0.02366677,0.011741683,1.0,1.0,0.0,0.0,0.05,0.07,0.0,0.76935923,1.0,1.0,0.085875206,0.0,0.0,0.0,0.0,0.0870156,0.0
0.0,0.0,0.029411765,0.2,0.0,0.0,0.0,0.0,0.0,0.0,0.0,0.0,0.0,0.0,0.0,0.0,0.0,0.0,0.0,0.0,0.0,0.0007748902,0.01699844,0.011741683,0.0,0.0,1.0,1.0,0.03,0.07,0.0,0.76877785,1.0,1.0,0.091361575,0.0,0.002102837,0.0,0.0,0.078926146,0.0
0.0,0.0,0.029411765,0.2,0.0,0.0,0.0,0.0,0.0,0.0,0.0,0.0,0.0,0.0,0.0,0.0,0.0,0.0,0.0,0.0,0.0,0.00023820996,0.017121345,0.007827789,0.0,0.0,1.0,1.0,0.02,0.08,0.0,0.7675848,1.0,1.0,0.0908862,0.0,0.0023401082,0.0,0.0,0.07838789,0.0
0.0,0.0,0.029411765,0.2,0.0,0.0,0.0,0.0,0.0,0.0,0.0,0.0,0.0,0.0,0.0,0.0,0.0,0.0,0.0,0.0,0.0,0.0,0.017167762,0.0039138943,0.01,0.0,0.99,1.0,0.01,0.06,0.0,0.76588976,1.0,1.0,0.090441905,0.0,0.002099499,0.0,0.0,0.07839507,0.0
0.0,0.0,0.63235295,0.5,0.0,0.0,0.0,0.0,0.0,0.0,0.0,0.0,0.0,0.0,0.0,0.0,0.0,0.0,0.0,0.0,0.0,0.0,0.017349914,0.0039138943,0.0,0.0,1.0,1.0,0.02,0.07,0.0,0.7605312,1.0,1.0,0.0887289,0.0,0.002961591,0.0,0.0,0.075992554,0.0
0.13192411,0.0,0.13235295,0.0,0.0,3.2691223e-05,0.0,0.0,0.0,0.0,0.0,0.0,0.0,0.0,0.0,0.0,0.0,0.0,0.0,0.0,0.0,0.0,0.019210823,0.0019569471,0.0,0.0,0.0,0.0,1.0,0.0,0.0,0.75078833,1.0,1.0,0.0840558,0.0,0.0025531948,0.0,0.0,0.08094859,0.0
0.0,0.0,0.13235295,0.8,0.0,3.2691223e-05,0.0,0.0,0.0,0.0,0.0,0.0,0.0,0.0,0.0,0.0,0.0,0.0,0.0,0.0,0.0,0.0,0.030341856,0.0019569471,1.0,1.0,0.0,0.0,1.0,0.0,0.0,0.6557965,0.944004,1.0,0.046815358,0.0,0.0077976137,0.0,0.0,0.06305942,0.0
0.0,0.0,0.029411765,0.2,0.0,0.0,0.0,0.0,0.0,0.0,0.0,0.0,0.0,0.0,0.0,0.0,0.0,0.0,0.0,0.0,0.0,0.0,0.017358437,0.0039138943,0.0,0.0,1.0,1.0,0.02,0.07,0.0,0.7603414,1.0,1.0,0.08866633,0.0,0.002989769,0.0,0.0,0.0759145,0.0
0.0,0.0,0.029411765,0.1,0.0,0.0,0.0,0.0,0.0,0.0,0.0,0.0,0.0,0.0,0.0,0.0,0.0,0.0,0.0,0.0,0.0,0.0,0.02303157,0.029354207,1.0,1.0,0.0,0.0,0.06,0.07,0.0,0.78162706,1.0,1.0,0.08985936,0.0,0.0,0.0,0.0,0.090472996,0.0
0.0,0.0,0.029411765,0.1,0.0,0.0,0.0,0.0,0.0,0.0,0.0,0.0,0.0,0.0,0.0,0.0,0.0,0.0,0.0,0.0,0.0,0.0,0.02335558,0.029354207,1.0,1.0,0.0,0.0,0.1,0.1,0.0,0.7784345,1.0,1.0,0.0885678,0.0,0.0,0.0,0.0,0.08913159,0.0
0.0,0.0,0.5294118,0.2,0.0,0.0,0.0,0.0,0.0,0.0,0.0,0.0,0.0,0.0,0.0,0.0,0.0,0.0,0.0,0.0,0.0,0.004460156,0.01672978,0.0332681,0.0,0.0,1.0,1.0,0.07,0.06,0.0,0.7747421,1.0,1.0,0.093158,0.0,0.0022524297,0.0,0.0,0.07979533,0.0
1.7326518e-05,0.0,0.22058824,0.0,4.1368454e-05,0.00021769383,0.0,0.0,0.0,0.0,0.0,0.0,0.0,0.0,0.0,0.0,0.0,0.0,0.0,0.0,0.0,0.0025763512,0.011021934,0.0039138943,0.0,0.0,0.33,0.0,0.67,0.67,0.0,0.756317,1.0,1.0,0.092737086,0.0,0.009647697,0.0,0.0,0.06557956,0.0
1.7326518e-05,0.0,0.22058824,0.0,4.1368454e-05,0.00021769383,0.0,0.0,0.0,0.0,0.0,0.0,0.0,0.0,0.0,0.0,0.0,0.0,0.0,0.0,0.0,0.004760593,0.010760412,0.0058708414,0.0,0.0,0.0,0.0,1.0,0.0,0.0,0.75974715,1.0,1.0,0.09391003,0.0,0.009606972,0.0,0.0,0.06651002,0.0
0.0,0.0,0.2647059,0.2,0.0,0.0,0.0,0.0,0.0,0.0,0.0,0.0,0.0,0.0,0.0,0.0,0.0,0.0,0.0,0.0,0.0,0.0006234944,0.017055616,0.0058708414,0.0,0.0,1.0,1.0,0.01,0.07,0.0,0.76869905,1.0,1.0,0.09129696,0.0,0.0019987375,0.0,0.0,0.0791333,0.0
0.0,0.0,0.61764705,0.2,0.0,0.0,0.0,0.0,0.0,0.0,0.0,0.0,0.0,0.0,0.0,0.0,0.0,0.0,0.0,0.0,0.0,0.003281027,0.01676301,0.023483366,0.0,0.0,1.0,1.0,0.04,0.06,0.0,0.77320707,1.0,1.0,0.092781834,0.0,0.0019383132,0.0,0.0,0.079909295,0.0
0.0,0.0,0.04411765,0.0,0.0008681168,0.0061771553,0.0,0.0,0.0,0.0,0.0,0.0,0.0,0.0,0.0,0.0,0.0,0.0,0.0,0.0,0.0,0.0045574605,0.010940462,0.019569471,0.0,0.0,0.0,0.0,1.0,0.0,0.2,0.75958073,1.0,1.0,0.09368365,0.0,0.0097513795,0.0,0.0,0.06565142,0.0
0.0,0.0,0.20588236,0.1,0.0,0.0,0.0,0.0,0.0,0.0,0.0,0.0,0.0,0.0,0.0,0.0,0.0,0.0,0.0,0.0,0.0,0.00024700165,0.022930138,0.037181996,1.0,1.0,0.0,0.0,0.07,0.06,0.0,0.78369164,1.0,1.0,0.09050336,0.0,0.0,0.0,0.0,0.09098691,0.0
0.0,0.0,0.029411765,0.2,0.0,0.0,0.0,0.0,0.0,0.0,0.0,0.0,0.0,0.0,0.0,0.0,0.0,0.0,0.0,0.0,0.0,0.0018920302,0.016924404,0.0332681,0.0,0.0,1.0,1.0,0.12,0.06,0.0,0.7694652,1.0,1.0,0.091484495,0.0,0.0029241145,0.0,0.0,0.07772198,0.0
0.0,0.0,0.029411765,0.2,0.0,0.0,0.0,0.0,0.0,0.0,0.0,0.0,0.0,0.0,0.0,0.0,0.0,0.0,0.0,0.0,0.0,0.0025969148,0.016923085,0.017612524,0.0,0.0,1.0,1.0,0.04,0.07,0.0,0.77181184,1.0,1.0,0.09221663,0.0,0.002142042,0.0,0.0,0.079478115,0.0
0.0,0.0,0.029411765,0.1,0.0,0.0,0.0,0.0,0.0,0.0,0.0,0.0,0.0,0.0,0.0,0.0,0.0,0.0,0.0,0.0,0.0,0.0,0.023320854,0.01369863,1.0,1.0,0.0,0.0,0.03,0.06,0.0,0.77546906,1.0,1.0,0.087927066,0.0,0.0,0.0,0.0,0.088914365,0.0
0.0,0.0,0.029411765,0.2,0.0,0.0,0.0,0.0,0.0,0.0,0.0,0.0,0.0,0.0,0.0,0.0,0.0,0.0,0.0,0.0,0.0,0.00032678246,0.017051227,0.009784736,0.0,0.0,1.0,1.0,0.02,0.07,0.0,0.7678908,1.0,1.0,0.091061376,0.0,0.0022084862,0.0,0.0,0.07858604,0.0
0.0,0.0,0.029411765,0.2,0.0,0.0,0.0,0.0,0.0,0.0,0.0,0.0,0.0,0.0,0.0,0.0,0.0,0.0,0.0,0.0,0.0,0.0004898906,0.01697839,0.031311154,0.0,0.0,1.0,1.0,0.12,0.05,0.0,0.76696277,1.0,1.0,0.09076915,0.0,0.0030077845,0.0,0.0,0.07707685,0.0
0.0,0.0,0.029411765,0.2,0.0,0.0,0.0,0.0,0.0,0.0,0.0,0.0,0.0,0.0,0.0,0.0,0.0,0.0,0.0,0.0,0.0,2.5361776e-05,0.017004058,0.02739726,0.0,0.0,1.0,1.0,0.09,0.05,0.0,0.7663362,1.0,1.0,0.090598084,0.0,0.0028989315,0.0,0.0,0.07713097,0.0
1.7326518e-05,0.0,0.22058824,0.0,4.1368454e-05,0.00021769383,0.0,0.0,0.0,0.0,0.0,0.0,0.0,0.0,0.0,0.0,0.0,0.0,0.0,0.0,0.0,0.0,0.012859695,0.0039138943,0.0,0.0,0.0,0.0,1.0,0.0,0.0,0.75405335,1.0,1.0,0.09041854,0.0,0.007837117,0.0,0.0,0.07273027,0.0
0.0,0.0,0.04411765,0.1,0.0,0.0,0.0,0.0,0.0,0.05219415,0.0,0.0,0.0,0.0,0.0,0.0,0.002649054,0.024373055,0.0,0.0,0.0,0.06902617,0.014013298,0.1037182,1.0,1.0,0.0,0.0,1.0,0.0,0.0,0.881392,1.0,1.0,0.12327694,0.0,0.003933549,0.0,0.0,0.09898147,0.0
0.0,0.0,0.029411765,0.1,0.0,0.0,0.0,0.0,0.0,0.0,0.0,0.0,0.0,0.0,0.0,0.0,0.0,0.0,0.0,0.0,0.0,0.0,0.023699187,0.0019569471,1.0,1.0,0.0,0.0,0.01,0.07,0.0,0.76802015,1.0,1.0,0.085520454,0.0,0.0,0.0,0.0,0.08687553,0.0
0.0,0.0,0.38235295,0.2,0.0,0.0,0.0,0.0,0.0,0.0,0.0,0.0,0.0,0.0,0.0,0.0,0.0,0.0,0.0,0.0,0.0,0.0046044886,0.016747631,0.031311154,0.02,0.0,0.98,1.0,0.06,0.06,0.0,0.775404,1.0,1.0,0.09335794,0.0,0.0019733906,0.0,0.0,0.08037153,0.0
0.0,0.0,0.25,0.5,0.0,0.0,0.0,0.0,0.0,0.0,0.0,0.0,0.0,0.0,0.0,0.0,0.0,0.0,0.0,0.0,0.0,0.0,0.017199531,0.015655577,0.0,0.0,1.0,1.0,0.07,0.06,0.0,0.7634158,1.0,1.0,0.0896244,0.0,0.0029890388,0.0,0.0,0.07650593,0.0
0.13804036,0.0,0.13235295,0.0,0.0,3.2691223e-05,0.0,0.0,0.0,0.0,0.0,0.0,0.0,0.0,0.0,0.0,0.0,0.0,0.0,0.0,0.0,0.0,0.021003924,0.0019569471,0.0,0.0,0.0,0.0,1.0,0.0,0.0,0.72047186,1.0,1.0,0.074509986,0.0,0.0021696836,0.0,0.0,0.07431105,0.0
0.0,0.0,0.029411765,0.2,0.0,0.0,0.0,0.0,0.0,0.0,0.0,0.0,0.0,0.0,0.0,0.0,0.0,0.0,0.0,0.0,0.0,0.0,0.017149761,0.019569471,0.0,0.0,1.0,1.0,0.08,0.06,0.0,0.7639421,1.0,1.0,0.089816056,0.0,0.002949804,0.0,0.0,0.07667571,0.0
1.7326518e-05,0.0,0.22058824,0.0,4.1368454e-05,0.00021769383,0.0,0.0,0.0,0.0,0.0,0.0,0.0,0.0,0.0,0.0,0.0,0.0,0.0,0.0,0.0,0.0036062002,0.011813723,0.0058708414,0.0,0.0,0.0,0.0,1.0,0.0,0.0,0.75849426,1.0,1.0,0.09247551,0.0,0.008981928,0.0,0.0,0.07037184,0.0
0.0,0.0,0.029411765,0.1,0.0,0.0,0.0,0.0,0.0,0.0,0.0,0.0,0.0,0.0,0.0,0.0,0.0,0.0,0.0,0.0,0.0,0.0,0.023285747,0.007827789,1.0,1.0,0.0,0.0,0.02,0.07,0.0,0.77521574,1.0,1.0,0.08793586,0.0,0.0,0.0,0.0,0.08904573,0.0
0.0,0.0,0.04411765,0.1,0.0,0.0,0.0,0.0,0.0,0.03704095,0.0,0.0,0.0,0.0,0.0,0.0,0.0012888312,0.013851255,0.0,0.0,0.0,0.053896815,0.013356999,0.07436399,0.61,0.61,0.37,0.37,1.0,0.0,0.0,0.8526697,1.0,1.0,0.116224565,0.0,0.00558646,0.0,0.0,0.089937985,0.0
0.0,0.0,0.7352941,0.1,0.0,0.0,0.0,0.0,0.0,0.0,0.0,0.0,0.0,0.0,0.0,0.0,0.0,0.0,0.0,0.0,0.0,0.0,0.02319026,0.015655577,1.0,1.0,0.0,0.0,0.03,0.07,0.0,0.7771996,1.0,1.0,0.08855068,0.0,0.0,0.0,0.0,0.08953062,0.0
0.0,0.0,0.029411765,0.2,0.0,0.0,0.0,0.0,0.0,0.0,0.0,0.0,0.0,0.0,0.0,0.0,0.0,0.0,0.0,0.0,0.0,0.0016506612,0.016928002,0.037181996,0.0,0.0,1.0,1.0,0.15,0.06,0.0,0.76882005,1.0,1.0,0.09128719,0.0,0.0030721575,0.0,0.0,0.07740727,0.0
0.0,0.0,0.04411765,0.1,0.0,0.0,0.0,0.0,0.0,0.058360726,0.0,0.0,0.0,0.0,0.0,0.0,0.00222072,0.024774283,0.0,0.0,0.0,0.07159099,0.017339006,0.22700587,1.0,1.0,0.0,0.0,1.0,0.0,0.0,0.8933203,1.0,1.0,0.12359444,0.0,3.6776066e-05,0.0,0.0,0.10966298,0.0
0.0,0.0,0.029411765,0.2,0.0,0.0,0.0,0.0,0.0,0.0,0.0,0.0,0.0,0.0,0.0,0.0,0.0,0.0,0.0,0.0,0.0,0.0,0.017136276,0.0039138943,0.0,0.0,1.0,1.0,0.01,0.07,0.0,0.76719534,1.0,1.0,0.09079338,0.0,0.0021959841,0.0,0.0,0.07853961,0.0
0.0,0.0,0.20588236,0.2,0.0,0.0,0.0,0.0,0.0,0.0,0.0,0.0,0.0,0.0,0.0,0.0,0.0,0.0,0.0,0.0,0.0,0.0024602711,0.016884431,0.017612524,0.0,0.0,1.0,1.0,0.04,0.06,0.0,0.77170515,1.0,1.0,0.092247956,0.0,0.0020456016,0.0,0.0,0.07953122,0.0
1.7326518e-05,0.0,0.22058824,0.0,4.1368454e-05,0.00021769383,0.0,0.0,0.0,0.0,0.0,0.0,0.0,0.0,0.0,0.0,0.0,0.0,0.0,0.0,0.0,0.0,0.013543934,0.0058708414,0.0,0.0,0.0,0.0,1.0,0.0,0.0,0.75278604,1.0,1.0,0.089567445,0.0,0.0070584565,0.0,0.0,0.07307157,0.0
0.0,0.0,0.04411765,0.1,0.0,0.0,0.0,0.0,0.0,0.058431327,0.0,0.0,0.0,0.0,0.0,0.0,0.0022569,0.024799645,0.0,0.0,0.0,0.07157087,0.017388776,0.23287672,1.0,1.0,0.0,0.0,1.0,0.0,0.0,0.89346516,1.0,1.0,0.12359733,0.0,0.0,0.0,0.0,0.10978034,0.0
0.0,0.0,0.029411765,0.1,0.0,0.0,0.0,0.0,0.0,0.0,0.0,0.0,0.0,0.0,0.0,0.0,0.0,0.0,0.0,0.0,0.0,0.0,0.023122199,0.023483366,1.0,1.0,0.0,0.0,0.05,0.06,0.0,0.7790636,1.0,1.0,0.0890988,0.0,0.0,0.0,0.0,0.089867234,0.0
0.12859742,0.0,0.13235295,0.0,0.0,3.2691223e-05,0.0,0.0,0.0,0.020154387,0.0,0.0,0.0,0.0,0.0,0.0,0.0,0.0,0.0,0.0,0.0,0.029580176,0.018299423,0.0019569471,0.0,0.0,0.5,0.0,0.5,1.0,0.0,0.82006395,1.0,1.0,0.10327936,0.0,0.0009850413,0.0,0.0,0.095378846,0.0
0.0,0.0,0.029411765,0.1,0.0,0.0,0.0,0.0,0.0,0.0,0.0,0.0,0.0,0.0,0.0,0.0,0.0,0.0,0.0,0.0,0.0,0.0,0.023547456,0.009784736,1.0,1.0,0.0,0.0,0.03,0.09,0.0,0.7728274,1.0,1.0,0.086932324,0.0,0.0,0.0,0.0,0.08798668,0.0
0.0,1.0,0.36764705,0.0,1.6426413e-05,0.0,0.0,0.0,0.0,0.0,0.0,0.0,0.0,0.0,0.0,0.0,0.0,0.0,0.0,0.0,0.0,0.0,0.021565244,1.0,0.0,0.0,0.0,0.0,1.0,0.0,0.0,0.69957995,1.0,1.0,0.06908166,0.0,0.0023600012,0.0,0.0,0.0658761,0.0
0.0,0.0,0.13235295,0.8,0.0,3.2691223e-05,0.0,0.0,0.0,0.0,0.0,0.0,0.0,0.0,0.0,0.0,0.0,0.0,0.0,0.0,0.0,0.0,0.021245517,0.0019569471,1.0,1.0,0.0,0.0,1.0,0.0,0.0,0.7083005,1.0,1.0,0.07086987,0.0,0.003174588,0.0,0.0,0.071453124,0.0
0.0,0.0,0.0882353,0.2,0.0,0.0,0.0,0.0,0.0,0.0,0.0,0.0,0.0,0.0,0.0,0.0,0.0,0.0,0.0,0.0,0.0,0.0,0.017197527,0.015655577,0.0,0.0,1.0,1.0,0.07,0.08,0.0,0.7644237,1.0,1.0,0.089890234,0.0,0.002951607,0.0,0.0,0.07682353,0.0
0.0,1.0,0.36764705,0.0,1.6044403e-05,0.0,0.0,0.0,0.0,0.0,0.0,0.0,0.0,0.0,0.0,0.0,0.0,0.0,0.0,0.0,0.0,0.012322575,0.014326759,0.22504893,0.0,0.0,0.0,0.0,1.0,0.0,0.0,0.77842474,1.0,1.0,0.09621037,0.0,0.004682839,0.0,0.0,0.083176434,0.0
0.0,0.0,0.029411765,0.2,0.0,0.0,0.0,0.0,0.0,0.0,0.0,0.0,0.0,0.0,0.0,0.0,0.0,0.0,0.0,0.0,0.0,0.0020831227,0.016910799,0.019569471,0.0,0.0,1.0,1.0,0.04,0.07,0.0,0.7708372,1.0,1.0,0.09196945,0.0,0.0022007078,0.0,0.0,0.079149425,0.0
0.0,0.0,0.029411765,0.2,0.0,0.0,0.0,0.0,0.0,0.0,0.0,0.0,0.0,0.0,0.0,0.0,0.0,0.0,0.0,0.0,0.0,4.1633844e-05,0.017031237,0.029354207,0.0,0.0,1.0,1.0,0.12,0.06,0.0,0.76607573,1.0,1.0,0.090468846,0.0,0.0031134486,0.0,0.0,0.07673675,0.0
0.0,0.0,0.04411765,0.0,0.0008681168,0.0061771553,0.0,0.0,0.0,0.0,0.0,0.0,0.0,0.0,0.0,0.0,0.0,0.0,0.0,0.0,0.0,0.0033842921,0.010812417,0.031311154,0.0,0.0,0.0,0.0,1.0,0.0,0.19,0.7575022,1.0,1.0,0.093268,0.0,0.009819508,0.0,0.0,0.06481844,0.0
0.0,0.0,0.029411765,0.2,0.0,0.0,0.0,0.0,0.0,0.0,0.0,0.0,0.0,0.0,0.0,0.0,0.0,0.0,0.0,0.0,0.0,0.0023109913,0.01708252,0.01369863,0.05,0.0,0.95,1.0,0.03,0.07,0.0,0.7717142,1.0,1.0,0.09206601,0.0,0.0019424111,0.0,0.0,0.079791814,0.0
0.0,1.0,0.36764705,0.0,1.6426413e-05,0.0,0.0,0.0,0.0,0.0,0.0,0.0,0.0,0.0,0.0,0.0,0.0,0.0,0.0,0.0,0.0,0.0034649968,0.01728446,0.22309197,0.0,0.0,0.0,0.0,1.0,0.0,0.0,0.7744167,1.0,1.0,0.09245642,0.0,0.001158461,0.0,0.0,0.08473623,0.0
0.0,0.0,0.029411765,0.2,0.0,0.0,0.0,0.0,0.0,0.0,0.0,0.0,0.0,0.0,0.0,0.0,0.0,0.0,0.0,0.0,0.0,0.0016992986,0.017092094,0.009784736,0.04,0.0,0.96,1.0,0.02,0.07,0.0,0.7707448,1.0,1.0,0.09181275,0.0,0.0018869787,0.0,0.0,0.079696506,0.0
0.0,0.0,0.073529415,0.2,0.0,0.0,0.0,0.0,0.0,0.0,0.0,0.0,0.0,0.0,0.0,0.0,0.0,0.0,0.0,0.0,0.0,0.0022352636,0.016915165,0.023483366,0.0,0.0,1.0,1.0,0.06,0.06,0.0,0.77079964,1.0,1.0,0.09192144,0.0,0.0024081916,0.0,0.0,0.078822225,0.0
0.0,0.0,0.13235295,0.8,0.0,3.2691223e-05,0.0,0.0,0.0,0.0,0.0,0.0,0.0,0.0,0.0,0.0,0.0,0.0,0.0,0.0,0.0,0.0,0.025272526,0.0019569471,1.0,1.0,0.0,0.0,1.0,0.0,0.0,0.6789211,0.97359025,1.0,0.05869188,0.0,0.005042404,0.0,0.0,0.06616315,0.0
0.0,0.0,0.04411765,0.1,0.0,0.0,0.0,0.0,0.0,0.019017428,0.0,0.0,0.0,0.0,0.0,0.0,0.0,0.0,0.0,0.0,0.0,0.03406152,0.013987757,0.021526419,1.0,1.0,0.0,0.0,1.0,0.0,0.0,0.8183267,1.0,1.0,0.10656681,0.0,0.0059428513,0.0,0.0,0.083131045,0.0
0.0,0.0,0.04411765,0.3,0.00051125616,0.0021695085,0.0,0.0,0.0,0.0,0.0,0.0,0.0,0.0,0.0,0.0,0.0,0.0,0.0,0.0,0.0,0.009321392,0.010640472,0.0058708414,0.0,0.0,1.0,1.0,1.0,0.0,0.0,0.7677263,1.0,1.0,0.0961206,0.0,0.009804368,0.0,0.0,0.06652221,0.0
0.0,0.0,0.029411765,0.1,0.0,0.0,0.0,0.0,0.0,0.0,0.0,0.0,0.0,0.0,0.0,0.0,0.0,0.0,0.0,0.0,0.0,0.0,0.02376347,0.0039138943,1.0,1.0,0.0,0.0,0.02,0.06,0.0,0.76675665,1.0,1.0,0.08510377,0.0,0.0,0.0,0.0,0.08640316,0.0
0.0,0.0,0.029411765,0.2,0.0,0.0,0.0,0.0,0.0,0.0,0.0,0.0,0.0,0.0,0.0,0.0,0.0,0.0,0.0,0.0,0.0,0.001775533,0.01698298,0.01369863,0.0,0.0,1.0,1.0,0.03,0.07,0.0,0.7704264,1.0,1.0,0.09179535,0.0,0.0021459758,0.0,0.0,0.079220176,0.0
0.0,0.0,0.029411765,0.2,0.0,0.0,0.0,0.0,0.0,0.0,0.0,0.0,0.0,0.0,0.0,0.0,0.0,0.0,0.0,0.0,0.0,0.0,0.017352797,0.0058708414,0.0,0.0,1.0,1.0,0.03,0.07,0.0,0.76018476,1.0,1.0,0.08862241,0.0,0.0030390918,0.0,0.0,0.07582545,0.0
0.0,1.0,0.36764705,0.0,1.6426413e-05,0.0,0.0,0.0,0.0,0.003675878,0.0,0.0,0.0,0.0,0.0,0.0,0.0,0.0,0.0,0.0,0.0,0.01583609,0.014774106,0.5890411,0.0,0.0,0.0,0.0,1.0,0.0,0.0,0.78569674,1.0,1.0,0.09773854,0.0,0.0038991868,0.0,0.0,0.086712986,0.0
1.7326518e-05,0.0,0.22058824,0.0,4.1368454e-05,0.00021769383,0.0,0.0,0.0,0.0,0.0,0.0,0.0,0.0,0.0,0.0,0.0,0.0,0.0,0.0,0.0,0.0046125352,0.011692829,0.0039138943,0.0,0.0,0.0,0.0,1.0,0.0,0.0,0.76022196,1.0,1.0,0.09305436,0.0,0.009017497,0.0,0.0,0.07029247,0.0
0.0,1.0,0.36764705,0.0,1.6044403e-05,0.0,0.0,0.0,0.0,0.008117646,0.0,0.0,0.0,0.0,0.0,0.0,0.0,0.0,0.0,0.0,0.0,0.019278347,0.015122764,0.95694715,0.0,0.0,0.0,0.0,1.0,0.0,0.0,0.79415536,1.0,1.0,0.09983569,0.0,0.002625659,0.0,0.0,0.08937451,0.0
0.0,1.0,0.36764705,0.0,1.6044403e-05,0.0,0.0,0.0,0.0,0.0025531352,0.0,0.0,0.0,0.0,0.0,0.0,0.0,0.0,0.0,0.0,0.0,0.014834911,0.014646746,0.4853229,0.0,0.0,0.0,0.0,1.0,0.0,0.0,0.78362453,1.0,1.0,0.097303085,0.0,0.004122421,0.0,0.0,0.08570525,0.0
0.0,0.0,0.44117647,0.2,0.0,0.0,0.0,0.0,0.0,0.0,0.0,0.0,0.0,0.0,0.0,0.0,0.0,0.0,0.0,0.0,0.0,0.0,0.017160773,0.015655577,0.0,0.0,1.0,1.0,0.06,0.06,0.0,0.76330924,1.0,1.0,0.08965575,0.0,0.002892673,0.0,0.0,0.07655907,0.0
0.0,0.0,0.23529412,0.2,0.0,0.0,0.0,0.0,0.0,0.0,0.0,0.0,0.0,0.0,0.0,0.0,0.0,0.0,0.0,0.0,0.0,0.0045999587,0.016687632,0.031311154,0.0,0.0,1.0,1.0,0.06,0.06,0.0,0.7753347,1.0,1.0,0.093396746,0.0,0.0019885749,0.0,0.0,0.08032617,0.0
0.0,0.0,0.14705883,0.5,0.0,0.0,0.0,0.0,0.0,0.0,0.0,0.0,0.0,0.0,0.0,0.0,0.0,0.0,0.0,0.0,0.0,0.0009736717,0.016989209,0.009784736,0.0,0.0,1.0,1.0,0.02,0.06,0.0,0.76926637,1.0,1.0,0.09151492,0.0,0.0020041168,0.0,0.0,0.07915184,0.0
0.0,0.0,0.029411765,0.2,0.0,0.0,0.0,0.0,0.0,0.0,0.0,0.0,0.0,0.0,0.0,0.0,0.0,0.0,0.0,0.0,0.0,0.0,0.017134614,0.0019569471,0.0,0.0,1.0,1.0,0.0,0.06,0.0,0.76592636,1.0,1.0,0.0904847,0.0,0.002096504,0.0,0.0,0.078401715,0.0
0.0,0.0,0.0,0.1,0.0,0.0,0.0,0.0,0.0,0.002237916,0.0,0.0,0.0,0.0,0.0,0.0,0.0,0.0,0.0,0.0,0.0,0.0054621696,0.022985443,0.015655577,1.0,1.0,0.0,0.0,0.2,0.1,0.0,0.7891158,1.0,1.0,0.09146833,0.0,0.0,0.0,0.0,0.0903177,0.0
0.0,1.0,0.36764705,0.0,8.276875e-06,0.0,0.0,0.0,0.0,0.0021506846,0.0,0.0,0.0,0.0,0.0,0.0,0.0,0.0,0.0,0.0,0.0,0.014476001,0.014601007,0.4481409,0.0,0.0,0.0,0.0,1.0,0.0,0.0,0.78288174,1.0,1.0,0.09714695,0.0,0.004202485,0.0,0.0,0.08534399,0.0
0.0,1.0,0.85294116,0.0,8.977226e-06,0.0,0.0,0.0,0.0,0.0,0.0,0.0,0.0,0.0,0.0,0.0,0.0,0.0,0.0,0.0,0.0,0.0,0.031421892,0.0039138943,0.0,0.0,0.0,0.0,1.0,0.0,0.0,0.6525213,0.9405226,1.0,0.04511901,0.0,0.009312943,0.0,0.0,0.059143648,0.0
0.0,0.0,0.029411765,0.1,0.0,0.0,0.0,0.0,0.0,0.0,0.0,0.0,0.0,0.0,0.0,0.0,0.0,0.0,0.0,0.0,0.0,0.0,0.023421451,0.031311154,1.0,1.0,0.0,0.0,0.11,0.06,0.0,0.7756914,1.0,1.0,0.087773316,0.0,0.0,0.0,0.0,0.08842182,0.0
0.0,0.0,0.029411765,0.1,0.0,0.0,0.0,0.0,0.0,0.0,0.0,0.0,0.0,0.0,0.0,0.0,0.0,0.0,0.0,0.0,0.0,0.0,0.023472913,0.017612524,1.0,1.0,0.0,0.0,0.05,0.07,0.0,0.7735747,1.0,1.0,0.087211005,0.0,0.0,0.0,0.0,0.08811182,0.0
0.0,0.0,0.04411765,0.0,0.0008681168,0.0061771553,0.0,0.0,0.0,0.0,0.0,0.0,0.0,0.0,0.0,0.0,0.0,0.0,0.0,0.0,0.0,0.002593726,0.010862932,0.0058708414,0.0,0.0,0.0,0.0,1.0,0.0,0.0,0.75614357,1.0,1.0,0.092860006,0.0,0.00981617,0.0,0.0,0.06466463,0.0
0.0,0.0,0.029411765,0.2,0.0,0.0,0.0,0.0,0.0,0.0,0.0,0.0,0.0,0.0,0.0,0.0,0.0,0.0,0.0,0.0,0.0,0.0,0.017211892,0.0058708414,0.0,0.0,1.0,1.0,0.02,0.08,0.0,0.7652364,1.0,1.0,0.09015512,0.0,0.0025131553,0.0,0.0,0.07770914,0.0
0.0,0.0,0.029411765,0.2,0.0,0.0,0.0,0.0,0.0,0.0,0.0,0.0,0.0,0.0,0.0,0.0,0.0,0.0,0.0,0.0,0.0,0.0025069416,0.016870119,0.019569471,0.0,0.0,1.0,1.0,0.04,0.06,0.0,0.7717384,1.0,1.0,0.09226664,0.0,0.002066791,0.0,0.0,0.079520136,0.0
0.0,0.0,0.13235295,0.1,0.0,0.0,0.0,0.0,0.0,0.0028728843,0.0,0.0,0.0,0.0,0.0,0.0,0.0,0.0,0.0,0.0,0.0,0.006472677,0.022708043,0.025440313,1.0,1.0,0.0,0.0,0.33,0.08,0.0,0.79014134,1.0,1.0,0.09195504,0.0,0.0,0.0,0.0,0.09041816,0.0
0.0,0.0,0.5,0.5,0.0,0.0,0.0,0.0,0.0,0.0,0.0,0.0,0.0,0.0,0.0,0.0,0.0,0.0,0.0,0.0,0.0,0.0,0.017129727,0.007827789,0.0,0.0,1.0,1.0,0.02,0.06,0.0,0.76643467,1.0,1.0,0.09057342,0.0,0.0023987144,0.0,0.0,0.07801178,0.0
0.12832019,0.0,0.13235295,0.0,0.0,3.2691223e-05,0.0,0.0,0.0,0.019126952,0.0,0.0,0.0,0.0,0.0,0.0,0.0,0.0,0.0,0.0,0.0,0.028613865,0.018272258,0.0019569471,0.0,0.0,0.0,0.0,1.0,0.0,0.0,0.8180821,1.0,1.0,0.10276347,0.0,0.0011309832,0.0,0.0,0.094928384,0.0
0.0,0.0,0.029411765,0.2,0.0,0.0,0.0,0.0,0.0,0.0,0.0,0.0,0.0,0.0,0.0,0.0,0.0,0.0,0.0,0.0,0.0,0.0,0.017094068,0.009784736,0.0,0.0,1.0,1.0,0.03,0.07,0.0,0.766942,1.0,1.0,0.09074848,0.0,0.0023493916,0.0,0.0,0.07819587,0.0
1.7326518e-05,0.0,0.22058824,0.0,4.1368454e-05,0.00021769383,0.0,0.0,0.0,0.0,0.0,0.0,0.0,0.0,0.0,0.0,0.0,0.0,0.0,0.0,0.0,0.0029998124,0.01106967,0.0039138943,0.0,0.0,0.33,0.0,0.67,0.67,0.0,0.7570776,1.0,1.0,0.092884265,0.0,0.009579107,0.0,0.0,0.066144615,0.0
0.0,0.0,0.20588236,0.2,0.0,0.0,0.0,0.0,0.0,0.0,0.0,0.0,0.0,0.0,0.0,0.0,0.0,0.0,0.0,0.0,0.0,0.0002810657,0.019050397,0.015655577,0.19,0.38,0.81,0.62,0.03,0.06,0.0,0.77351105,1.0,1.0,0.09095598,0.0,0.0,0.0,0.0,0.08378932,0.0
0.0,0.0,0.7941176,0.1,0.0,0.0,0.0,0.0,0.0,0.0,0.0,0.0,0.0,0.0,0.0,0.0,0.0,0.0,0.0,0.0,0.0,0.0,0.023466453,0.025440313,1.0,1.0,0.0,0.0,0.09,0.06,0.0,0.7743505,1.0,1.0,0.08738815,0.0,0.0,0.0,0.0,0.08816129,0.0
0.0,0.0,0.073529415,0.1,0.0,0.0,0.0,0.0,0.0,0.0,0.0,0.0,0.0,0.0,0.0,0.0,0.0,0.0,0.0,0.0,0.0,0.0,0.02083303,0.011741683,0.05,1.0,0.95,0.0,0.03,0.08,0.0,0.75816953,1.0,1.0,0.08546274,0.0,0.0,0.0,0.0,0.080702394,0.0
0.0,0.0,0.029411765,0.2,0.0,0.0,0.0,0.0,0.0,0.0,0.0,0.0,0.0,0.0,0.0,0.0,0.0,0.0,0.0,0.0,0.0,0.002931565,0.01689101,0.017612524,0.0,0.0,1.0,1.0,0.04,0.07,0.0,0.7725234,1.0,1.0,0.09245124,0.0,0.002036348,0.0,0.0,0.0797708,0.0
0.0,0.0,0.04411765,0.0,0.0008681168,0.0061771553,0.0,0.0,0.0,0.0,0.0,0.0,0.0,0.0,0.0,0.0,0.0,0.0,0.0,0.0,0.0,0.0027232468,0.010843463,0.01369863,0.0,0.0,0.0,0.0,1.0,0.0,0.43,0.75635004,1.0,1.0,0.09293296,0.0,0.00981541,0.0,0.0,0.06471419,0.0
0.0,0.0,0.5,0.1,0.0,0.0,0.0,0.0,0.0,0.0,0.0,0.0,0.0,0.0,0.0,0.0,0.0,0.0,0.0,0.0,0.0,0.0,0.023223102,0.02739726,1.0,1.0,0.0,0.0,0.08,0.08,0.0,0.78062415,1.0,1.0,0.08932003,0.0,0.0,0.0,0.0,0.08993772,0.0
0.14173092,0.0,0.13235295,0.0,0.0,1.1144735e-05,0.0,0.0,0.0,0.0,0.0,0.0,0.0,0.0,0.0,0.0,0.0,0.0,0.0,0.0,0.0,0.0,0.021905944,0.0019569471,0.0,0.0,0.0,0.0,1.0,0.0,0.0,0.7463244,1.0,1.0,0.0808608,0.0,0.0,0.0,0.0,0.0806385,0.0
1.7326518e-05,0.0,0.22058824,0.0,4.1368454e-05,0.00021769383,0.0,0.0,0.0,0.0,0.0,0.0,0.0,0.0,0.0,0.0,0.0,0.0,0.0,0.0,0.0,0.0033004284,0.010998383,0.0039138943,0.0,0.0,0.33,0.0,0.67,0.67,0.0,0.757552,1.0,1.0,0.093083166,0.0,0.009639084,0.0,0.0,0.06585023,0.0
0.0,1.0,0.36764705,0.0,1.6426413e-05,0.0,0.0,0.0,0.0,0.0026166737,0.0,0.0,0.0,0.0,0.0,0.0,0.0,0.0,0.0,0.0,0.0,0.014891595,0.014653899,0.49119374,0.0,0.0,0.0,0.0,1.0,0.0,0.0,0.78374183,1.0,1.0,0.09732773,0.0,0.004109785,0.0,0.0,0.08576232,0.0
0.015541887,0.0,0.04411765,0.3,0.00095604267,0.0,0.0,0.0,0.0,0.037564427,0.0,0.0,0.0,0.0,0.0,0.0,0.0030581579,0.018708497,0.0,0.0,0.0,0.058744013,0.009134442,0.04696673,0.0,0.0,1.0,1.0,1.0,0.0,0.0,0.8528359,1.0,1.0,0.11996471,0.0,0.009451047,0.0,0.0,0.081632376,0.0
0.0,0.0,0.04411765,0.0,0.0008681168,0.0061771553,0.0,0.0,0.0,0.0,0.0,0.0,0.0,0.0,0.0,0.0,0.0,0.0,0.0,0.0,0.0,0.0,0.011417143,0.017612524,0.0,0.0,0.5,0.11,1.0,0.0,0.22,0.7424642,1.0,1.0,0.088711165,0.0,0.009769946,0.0,0.0,0.06308019,0.0
0.12991424,0.0,0.13235295,0.0,0.0,3.2691223e-05,0.0,0.0,0.0,0.022801608,0.0,0.0,0.0,0.0,0.0,0.0,0.0,0.0,0.0,0.0,0.0,0.03181386,0.01855728,0.0019569471,0.0,0.0,0.0,0.0,1.0,0.0,0.0,0.82534695,1.0,1.0,0.10452413,0.0,0.0003798902,0.0,0.0,0.096523434,0.0
0.0,0.0,0.029411765,0.2,0.0,0.0,0.0,0.0,0.0,0.0,0.0,0.0,0.0,0.0,0.0,0.0,0.0,0.0,0.0,0.0,0.0,0.00034427643,0.01700756,0.007827789,0.0,0.0,1.0,1.0,0.02,0.06,0.0,0.76817787,1.0,1.0,0.09121477,0.0,0.002027467,0.0,0.0,0.07882577,0.0
0.0,0.0,0.029411765,0.1,0.0,0.0,0.0,0.0,0.0,0.0,0.0,0.0,0.0,0.0,0.0,0.0,0.0,0.0,0.0,0.0,0.0,0.0,0.023302644,0.02739726,1.0,1.0,0.0,0.0,0.08,0.08,0.0,0.77833986,1.0,1.0,0.088627495,0.0,0.0,0.0,0.0,0.08930531,0.0
0.12579052,0.0,0.13235295,0.0,0.0,3.2691223e-05,0.0,0.0,0.0,0.0,0.0,0.0,0.0,0.0,0.0,0.0,0.0,0.0,0.0,0.0,0.0,0.0,0.01781553,0.0019569471,0.0,0.0,0.0,0.0,1.0,0.0,0.0,0.76360023,1.0,1.0,0.08862329,0.0,0.0036986172,0.0,0.0,0.08042097,0.0
0.0,0.0,0.029411765,0.2,0.0,0.0,0.0,0.0,0.0,0.0,0.0,0.0,0.0,0.0,0.0,0.0,0.0,0.0,0.0,0.0,0.0,0.0,0.017302923,0.007827789,0.0,0.0,1.0,1.0,0.04,0.08,0.0,0.76163197,1.0,1.0,0.089056276,0.0,0.0029999465,0.0,0.0,0.07613352,0.0
0.0,0.5,0.029411765,0.0,4.4567784e-07,0.0,0.0,1.0,0.0,0.0,0.0,0.0,0.0,0.0,0.0,0.0,0.0,0.0,0.0,0.0,0.0,0.0,0.034156337,0.099804305,0.0,0.0,0.0,0.0,1.0,0.0,0.0,0.6396589,0.9232824,1.0,0.038704492,0.0,0.009173542,0.0,0.0,0.060806364,0.0
1.7326518e-05,0.0,0.22058824,0.0,4.1368454e-05,0.00021769383,0.0,0.0,0.0,0.0,0.0,0.0,0.0,0.0,0.0,0.0,0.0,0.0,0.0,0.0,0.0,0.0,0.013540566,0.0058708414,0.0,0.0,0.0,0.0,1.0,0.0,0.0,0.75235283,1.0,1.0,0.08944716,0.0,0.007116437,0.0,0.0,0.072972834,0.0
0.0,0.0,0.29411766,0.2,0.0,0.0,0.0,0.0,0.0,0.0,0.0,0.0,0.0,0.0,0.0,0.0,0.0,0.0,0.0,0.0,0.0,0.005038172,0.016683474,0.039138943,0.0,0.0,1.0,1.0,0.09,0.06,0.0,0.77554417,1.0,1.0,0.09339463,0.0,0.0023612827,0.0,0.0,0.079788744,0.0
0.0,0.0,0.13235295,0.1,0.0,0.0,0.0,0.0,0.0,0.003054738,0.0,0.0,0.0,0.0,0.0,0.0,0.0,0.0,0.0,0.0,0.0,0.00675568,0.022762366,0.0058708414,1.0,1.0,0.0,0.0,0.21,0.29,0.0,0.7906048,1.0,1.0,0.092033066,0.0,0.0,0.0,0.0,0.09037703,0.0
0.0,0.0,0.029411765,0.1,0.0,0.0,0.0,0.0,0.0,0.0,0.0,0.0,0.0,0.0,0.0,0.0,0.0,0.0,0.0,0.0,0.0,0.0,0.02265624,0.0039138943,0.68,1.0,0.32,0.0,0.01,0.06,0.0,0.7712616,1.0,1.0,0.08749422,0.0,0.0,0.0,0.0,0.0874742,0.0
0.0,0.0,0.029411765,0.1,0.0,0.0,0.0,0.0,0.0,0.0,0.0,0.0,0.0,0.0,0.0,0.0,0.0,0.0,0.0,0.0,0.0,0.0,0.0233557,0.037181996,1.0,1.0,0.0,0.0,0.13,0.06,0.0,0.77731407,1.0,1.0,0.08826054,0.0,0.0,0.0,0.0,0.08878392,0.0
1.7326518e-05,0.0,0.22058824,0.0,4.1368454e-05,0.00021769383,0.0,0.0,0.0,0.0,0.0,0.0,0.0,0.0,0.0,0.0,0.0,0.0,0.0,0.0,0.0,0.0,0.0137342885,0.0039138943,0.0,0.0,0.0,0.0,1.0,0.0,0.0,0.75118196,1.0,1.0,0.08899801,0.0,0.006907791,0.0,0.0,0.07266089,0.0
0.0,0.0,0.029411765,0.5,0.0,0.0,0.0,0.0,0.0,0.0,0.0,0.0,0.0,0.0,0.0,0.0,0.0,0.0,0.0,0.0,0.0,0.0,0.017212175,0.015655577,0.0,0.0,1.0,1.0,0.07,0.06,0.0,0.7621708,1.0,1.0,0.08928036,0.0,0.0030617714,0.0,0.0,0.07609087,0.0
0.0,0.0,0.5,0.1,0.0,0.0,0.0,0.0,0.0,0.0,0.0,0.0,0.0,0.0,0.0,0.0,0.0,0.0,0.0,0.0,0.0,2.655387e-05,0.023140222,0.037181996,1.0,1.0,0.0,0.0,0.1,0.09,0.0,0.78264797,1.0,1.0,0.08992278,0.0,0.0,0.0,0.0,0.09032464,0.0
0.0,0.0,0.029411765,0.2,0.0,0.0,0.0,0.0,0.0,0.0,0.0,0.0,0.0,0.0,0.0,0.0,0.0,0.0,0.0,0.0,0.0,0.0046358407,0.016661122,0.0332681,0.0,0.0,1.0,1.0,0.06,0.06,0.0,0.77529955,1.0,1.0,0.09340837,0.0,0.0020573288,0.0,0.0,0.08012158,0.0
0.0,0.0,0.029411765,0.1,0.0,0.0,0.0,0.0,0.0,0.0,0.0,0.0,0.0,0.0,0.0,0.0,0.0,0.0,0.0,0.0,0.0,0.0,0.023365185,0.0039138943,1.0,1.0,0.0,0.0,0.01,0.07,0.0,0.7739688,1.0,1.0,0.08751396,0.0,0.0,0.0,0.0,0.08871618,0.0
0.0,0.0,0.2647059,0.2,0.0,0.0,0.0,0.0,0.0,0.0,0.0,0.0,0.0,0.0,0.0,0.0,0.0,0.0,0.0,0.0,0.0,0.0029471517,0.016856052,0.029354207,0.0,0.0,1.0,1.0,0.08,0.07,0.0,0.7718862,1.0,1.0,0.092251875,0.0,0.002474755,0.0,0.0,0.07893258,0.0
0.0,0.0,0.029411765,0.2,0.0,0.0,0.0,0.0,0.0,0.0,0.0,0.0,0.0,0.0,0.0,0.0,0.0,0.0,0.0,0.0,0.0,0.0,0.017178819,0.0039138943,0.0,0.0,1.0,1.0,0.01,0.08,0.0,0.7652863,1.0,1.0,0.09023043,0.0,0.0023674518,0.0,0.0,0.077851385,0.0
0.0,0.0,0.8235294,0.2,0.0,0.0,0.0,0.0,0.0,0.0,0.0,0.0,0.0,0.0,0.0,0.0,0.0,0.0,0.0,0.0,0.0,0.002350092,0.016823575,0.021526419,0.0,0.0,1.0,1.0,0.04,0.06,0.0,0.77152276,1.0,1.0,0.09226968,0.0,0.0020127147,0.0,0.0,0.079503745,0.0
0.0,0.0,0.029411765,0.1,0.0,0.0,0.0,0.0,0.0,0.0,0.0,0.0,0.0,0.0,0.0,0.0,0.0,0.0,0.0,0.0,0.0,0.0,0.023628563,0.0019569471,1.0,1.0,0.0,0.0,0.01,0.11,0.0,0.7701837,1.0,1.0,0.086169235,0.0,0.0,0.0,0.0,0.08746442,0.0
0.0,0.0,0.029411765,0.2,0.0,0.0,0.0,0.0,0.0,0.0,0.0,0.0,0.0,0.0,0.0,0.0,0.0,0.0,0.0,0.0,0.0,0.0013244748,0.017037474,0.009784736,0.01,0.0,0.99,1.0,0.02,0.07,0.0,0.76985824,1.0,1.0,0.09161282,0.0,0.0020260513,0.0,0.0,0.07930666,0.0
1.7326518e-05,0.0,0.22058824,0.0,4.1368454e-05,0.00021769383,0.0,0.0,0.0,0.0,0.0,0.0,0.0,0.0,0.0,0.0,0.0,0.0,0.0,0.0,0.0,0.0021466613,0.012371622,0.0039138943,0.0,0.0,0.0,0.0,1.0,0.0,0.0,0.7564136,1.0,1.0,0.091390215,0.0,0.008597553,0.0,0.0,0.07195231,0.0
1.7326518e-05,0.0,0.22058824,0.0,4.1368454e-05,0.00021769383,0.0,0.0,0.0,0.0,0.0,0.0,0.0,0.0,0.0,0.0,0.0,0.0,0.0,0.0,0.0,0.002599746,0.0110203475,0.0058708414,0.0,0.0,0.25,0.0,0.75,0.5,0.0,0.7563596,1.0,1.0,0.092750035,0.0,0.009643212,0.0,0.0,0.06560394,0.0
0.0,0.0,0.029411765,0.2,0.0,0.0,0.0,0.0,0.0,0.0,0.0,0.0,0.0,0.0,0.0,0.0,0.0,0.0,0.0,0.0,0.0,0.0,0.01708334,0.009784736,0.0,0.0,1.0,1.0,0.02,0.07,0.0,0.76717925,1.0,1.0,0.09082668,0.0,0.0023142248,0.0,0.0,0.07829332,0.0
0.0,0.0,0.029411765,0.1,0.0,0.0,0.0,0.0,0.0,0.0,0.0,0.0,0.0,0.0,0.0,0.0,0.0,0.0,0.0,0.0,0.0,0.0,0.023552656,0.0058708414,1.0,1.0,0.0,0.0,0.02,0.1,0.0,0.7725873,1.0,1.0,0.08687516,0.0,0.0,0.0,0.0,0.08802003,0.0
0.0,0.0,0.029411765,0.2,0.0,0.0,0.0,0.0,0.0,0.0,0.0,0.0,0.0,0.0,0.0,0.0,0.0,0.0,0.0,0.0,0.0,0.003654331,0.016755298,0.0332681,0.0,0.0,1.0,1.0,0.08,0.06,0.0,0.77321243,1.0,1.0,0.09272014,0.0,0.0023674518,0.0,0.0,0.07926324,0.0
0.0139825,0.0,0.04411765,0.3,0.0008993779,0.0,0.0,0.0,0.0,0.011054248,0.0,0.0,0.0,0.0,0.0,0.0,0.0,0.0,0.0,0.0,0.0,0.028901458,0.010033824,0.10958904,0.0,0.0,1.0,1.0,1.0,0.0,0.0,0.8015654,1.0,1.0,0.10561725,0.0,0.00946258,0.0,0.0,0.07334182,0.0
0.0,0.0,0.04411765,0.3,0.0008681168,0.0061771553,0.0,0.0,0.0,0.0,0.0,0.0,0.0,0.0,0.0,0.0,0.0,0.0,0.0,0.0,0.0,0.0,0.011418715,0.015655577,0.0,0.0,1.0,0.12,1.0,0.0,0.25,0.7424216,1.0,1.0,0.088698216,0.0,0.009774461,0.0,0.0,0.063055694,0.0
0.0,0.0,0.5882353,0.2,0.0,0.0,0.0,0.0,0.0,0.0,0.0,0.0,0.0,0.0,0.0,0.0,0.0,0.0,0.0,0.0,0.0,0.0018047392,0.016922995,0.03522505,0.0,0.0,1.0,1.0,0.13,0.06,0.0,0.7692138,1.0,1.0,0.09140929,0.0,0.002987519,0.0,0.0,0.07759386,0.0
1.7326518e-05,0.0,0.22058824,0.0,4.1368454e-05,0.00021769383,0.0,0.0,0.0,0.0,0.0,0.0,0.0,0.0,0.0,0.0,0.0,0.0,0.0,0.0,0.0,0.0,0.013555609,0.0039138943,0.0,0.0,0.0,0.0,1.0,0.0,0.0,0.7519933,1.0,1.0,0.089314915,0.0,0.0071927905,0.0,0.0,0.07302204,0.0
0.0,0.0,0.14705883,0.5,0.0,0.0,0.0,0.0,0.0,0.014652789,0.0,0.0,0.0,0.0,0.0,0.0,0.0,0.0,0.0,0.0,0.0,0.024567097,0.016676538,0.02739726,0.0,0.0,1.0,1.0,0.28,0.08,0.0,0.80910444,1.0,1.0,0.10198661,0.0,0.0020471662,0.0,0.0,0.08967185,0.0
0.0,1.0,0.36764705,0.0,8.276875e-06,0.0,0.0,0.0,0.0,0.0,0.0,0.0,0.0,0.0,0.0,0.0,0.0,0.0,0.0,0.0,0.0,0.0,0.018214278,1.0,0.0,0.0,0.0,0.0,1.0,0.0,0.0,0.747913,1.0,1.0,0.08488319,0.0,0.0024443269,0.0,0.0,0.07775524,0.0
0.0,1.0,0.36764705,0.0,8.08587e-06,0.0,0.0,0.0,0.0,0.006297976,0.0,0.0,0.0,0.0,0.0,0.0,0.0,0.0,0.0,0.0,0.0,0.017868549,0.0149800405,0.80626225,0.0,0.0,0.0,0.0,1.0,0.0,0.0,0.79068995,1.0,1.0,0.09897622,0.0,0.0031477064,0.0,0.0,0.08828524,0.0
0.0,1.0,0.36764705,0.0,1.6426413e-05,0.0,0.0,0.0,0.0,0.008283079,0.0,0.0,0.0,0.0,0.0,0.0,0.0,0.0,0.0,0.0,0.0,0.019406438,0.015135683,0.9706458,0.0,0.0,0.0,0.0,1.0,0.0,0.0,0.7944704,1.0,1.0,0.09991381,0.0,0.0025782436,0.0,0.0,0.089473486,0.0
0.0,0.0,0.05882353,0.2,0.0,0.0,0.0,0.0,0.0,0.0,0.0,0.0,0.0,0.0,0.0,0.0,0.0,0.0,0.0,0.0,0.0,0.0032188594,0.016811058,0.025440313,0.0,0.0,1.0,1.0,0.05,0.06,0.0,0.7728251,1.0,1.0,0.09259706,0.0,0.0021333843,0.0,0.0,0.079630494,0.0
0.0,0.0,0.029411765,0.2,0.0,0.0,0.0,0.0,0.0,0.0,0.0,0.0,0.0,0.0,0.0,0.0,0.0,0.0,0.0,0.0,0.0,0.0,0.017129868,0.0039138943,0.0,0.0,1.0,1.0,0.01,0.07,0.0,0.7673377,1.0,1.0,0.09084035,0.0,0.0021748692,0.0,0.0,0.07859811,0.0
0.1332236,0.0,0.13235295,0.0,0.0,3.2691223e-05,0.0,0.0,0.0,0.0,0.0,0.0,0.0,0.0,0.0,0.0,0.0,0.0,0.0,0.0,0.0,0.0,0.01970806,0.0019569471,0.0,0.0,0.0,0.0,1.0,0.0,0.0,0.74065804,1.0,1.0,0.080935664,0.0,0.0025417656,0.0,0.0,0.07865259,0.0
0.0,0.0,0.029411765,0.1,0.0,0.0,0.0,0.0,0.0,0.0,0.0,0.0,0.0,0.0,0.0,0.0,0.0,0.0,0.0,0.0,0.0,0.0,0.023040943,0.023483366,1.0,1.0,0.0,0.0,0.04,0.06,0.0,0.78076947,1.0,1.0,0.08964928,0.0,0.0,0.0,0.0,0.09038663,0.0
0.0,0.0,0.029411765,0.1,0.0,0.0,0.0,0.0,0.0,0.0,0.0,0.0,0.0,0.0,0.0,0.0,0.0,0.0,0.0,0.0,0.0,0.0,0.023026086,0.025440313,1.0,1.0,0.0,0.0,0.05,0.06,0.0,0.78092957,1.0,1.0,0.089703925,0.0,0.0,0.0,0.0,0.090436906,0.0
0.0,0.0,0.029411765,0.2,0.0,0.0,0.0,0.0,0.0,0.0,0.0,0.0,0.0,0.0,0.0,0.0,0.0,0.0,0.0,0.0,0.0,0.002653271,0.018676266,0.031311154,0.12,0.38,0.88,0.62,0.05,0.06,0.0,0.77711165,1.0,1.0,0.09223721,0.0,0.0,0.0,0.0,0.084273994,0.0
0.1391666,0.0,0.13235295,0.0,0.0,3.2691223e-05,0.0,0.0,0.0,0.0,0.0,0.0,0.0,0.0,0.0,0.0,0.0,0.0,0.0,0.0,0.0,0.0,0.03270986,0.0019569471,0.0,0.0,0.0,0.0,1.0,0.0,0.0,0.6451477,0.9304194,1.0,0.041324012,0.0,0.009055838,0.0,0.0,0.06150204,0.0
0.0,0.0,0.04411765,0.1,0.0,0.0,0.0,0.0,0.0,0.047942758,0.0,0.0,0.0,0.0,0.0,0.0,0.0021954477,0.021358311,0.0,0.0,0.0,0.064806074,0.013848618,0.08023483,1.0,1.0,0.0,0.0,1.0,0.0,0.0,0.8733268,1.0,1.0,0.121268,0.0,0.0044169426,0.0,0.0,0.09652725,0.0
0.0,1.0,0.36764705,0.0,1.6044403e-05,0.0,0.0,0.0,0.0,0.0038166046,0.0,0.0,0.0,0.0,0.0,0.0,0.0,0.0,0.0,0.0,0.0,0.01594615,0.014785498,0.60078275,0.0,0.0,0.0,0.0,1.0,0.0,0.0,0.78596425,1.0,1.0,0.0978043,0.0,0.0038595796,0.0,0.0,0.08679986,0.0
0.0,0.0,0.029411765,0.1,0.0,0.0,0.0,0.0,0.0,0.0,0.0,0.0,0.0,0.0,0.0,0.0,0.0,0.0,0.0,0.0,0.0,0.0,0.02372314,0.007827789,1.0,1.0,0.0,0.0,0.04,0.08,0.0,0.768677,1.0,1.0,0.08563467,0.0,0.0,0.0,0.0,0.08678463,0.0
0.0,0.0,0.029411765,0.1,0.0,0.0,0.0,0.0,0.0,0.0,0.0,0.0,0.0,0.0,0.0,0.0,0.0,0.0,0.0,0.0,0.0,0.0,0.023431666,0.0058708414,1.0,1.0,0.0,0.0,0.01,0.07,0.0,0.7724228,1.0,1.0,0.087018035,0.0,0.0,0.0,0.0,0.08824688,0.0
0.0,0.0,0.04411765,0.1,0.0,0.0,0.0,0.0,0.0,0.019333482,0.0,0.0,0.0,0.0,0.0,0.0,0.0,0.000726223,0.0,0.0,0.0,0.034992993,0.013208605,0.04892368,0.2,0.2,0.8,0.8,1.0,0.0,0.0,0.8190297,1.0,1.0,0.10750797,0.0,0.006485641,0.0,0.0,0.080952585,0.0
0.0,0.0,0.029411765,0.5,0.0,0.0,0.0,0.0,0.0,0.0,0.0,0.0,0.0,0.0,0.0,0.0,0.0,0.0,0.0,0.0,0.0,0.0,0.017373413,0.0039138943,0.0,0.0,1.0,1.0,0.02,0.08,0.0,0.7600094,1.0,1.0,0.08855688,0.0,0.0030391365,0.0,0.0,0.07577792,0.0
0.0,0.0,0.38235295,0.2,0.0,0.0,0.0,0.0,0.0,0.0,0.0,0.0,0.0,0.0,0.0,0.0,0.0,0.0,0.0,0.0,0.0,0.0,0.017250195,0.01369863,0.0,0.0,1.0,1.0,0.07,0.08,0.0,0.7625762,1.0,1.0,0.089339785,0.0,0.0030876547,0.0,0.0,0.076185375,0.0
0.0,0.0,0.3382353,0.2,0.0,0.0,0.0,0.0,0.0,0.0,0.0,0.0,0.0,0.0,0.0,0.0,0.0,0.0,0.0,0.0,0.0,0.0049772263,0.016660653,0.037181996,0.0,0.0,1.0,1.0,0.08,0.06,0.0,0.77570975,1.0,1.0,0.093492545,0.0,0.0021608025,0.0,0.0,0.08014399,0.0
0.0,0.0,0.029411765,0.2,0.0,0.0,0.0,0.0,0.0,0.0,0.0,0.0,0.0,0.0,0.0,0.0,0.0,0.0,0.0,0.0,0.0,0.0021452904,0.016862176,0.025440313,0.0,0.0,1.0,1.0,0.06,0.06,0.0,0.7707261,1.0,1.0,0.091971494,0.0,0.0023329407,0.0,0.0,0.07886422,0.0
0.0,1.0,0.36764705,0.0,1.6426413e-05,0.0,0.0,0.0,0.0,0.0,0.0,0.0,0.0,0.0,0.0,0.0,0.0,0.0,0.0,0.0,0.0,0.0077804923,0.015939109,0.2074364,0.0,0.0,0.0,0.0,1.0,0.0,0.0,0.77598476,1.0,1.0,0.09401805,0.0,0.0030281693,0.0,0.0,0.0844914,0.0
0.0,1.0,0.36764705,0.0,1.6426413e-05,0.0,0.0,0.0,0.0,0.0,0.0,0.0,0.0,0.0,0.0,0.0,0.0,0.0,0.0,0.0,0.0,0.0,0.037976794,1.0,0.0,0.0,0.0,0.0,1.0,0.0,0.0,0.6284793,0.9085654,1.0,0.032477878,0.0,0.0050416887,0.0,0.0,0.06317158,0.0
0.0,0.0,0.04411765,0.1,0.0,0.0,0.0,0.0,0.0,0.015840828,0.0,0.0,0.0,0.0,0.0,0.0,0.0,0.0,0.0,0.0,0.0,0.031120896,0.013243444,0.0665362,0.03,0.03,0.97,0.97,1.0,0.0,0.0,0.81227803,1.0,1.0,0.1057002,0.0,0.0065425783,0.0,0.0,0.0796299,0.0
0.0,1.0,0.36764705,0.0,1.6044403e-05,0.0,0.0,0.0,0.0,0.0011551082,0.0,0.0,0.0,0.0,0.0,0.0,0.0,0.0,0.0,0.0,0.0,0.01358816,0.014487967,0.3561644,0.0,0.0,0.0,0.0,1.0,0.0,0.0,0.78104424,1.0,1.0,0.0967608,0.0,0.0044005066,0.0,0.0,0.084450334,0.0
0.0,0.0,0.029411765,0.2,0.0,0.0,0.0,0.0,0.0,0.0,0.0,0.0,0.0,0.0,0.0,0.0,0.0,0.0,0.0,0.0,0.0,0.0,0.01710248,0.02739726,0.0,0.0,1.0,1.0,0.14,0.06,0.0,0.7641543,1.0,1.0,0.08987861,0.0,0.0032230765,0.0,0.0,0.076233596,0.0
0.0,0.0,0.029411765,0.1,0.0,0.0,0.0,0.0,0.0,0.0,0.0,0.0,0.0,0.0,0.0,0.0,0.0,0.0,0.0,0.0,0.0,0.0,0.023241632,0.029354207,1.0,1.0,0.0,0.0,0.09,0.1,0.0,0.7805835,1.0,1.0,0.08927878,0.0,0.0,0.0,0.0,0.08981073,0.0
0.0,1.0,0.36764705,0.0,1.6426413e-05,0.0,0.0,0.0,0.0,0.0015576482,0.0,0.0,0.0,0.0,0.0,0.0,0.0,0.0,0.0,0.0,0.0,0.013947129,0.014533669,0.39334637,0.0,0.0,0.0,0.0,1.0,0.0,0.0,0.78178704,1.0,1.0,0.096916966,0.0,0.0043204725,0.0,0.0,0.08481166,0.0
0.0,0.0,0.2647059,0.2,0.0,0.0,0.0,0.0,0.0,0.0,0.0,0.0,0.0,0.0,0.0,0.0,0.0,0.0,0.0,0.0,0.0,0.004754156,0.016682044,0.037181996,0.0,0.0,1.0,1.0,0.08,0.05,0.0,0.7752354,1.0,1.0,0.09333611,0.0,0.0022313297,0.0,0.0,0.07994881,0.0
0.0,1.0,0.36764705,0.0,1.6044403e-05,0.0,0.0,0.0,0.0,0.001960069,0.0,0.0,0.0,0.0,0.0,0.0,0.0,0.0,0.0,0.0,0.0,0.014305979,0.014579304,0.43052837,0.0,0.0,0.0,0.0,1.0,0.0,0.0,0.78252983,1.0,1.0,0.097073056,0.0,0.0042404383,0.0,0.0,0.08517283,0.0
0.0,0.0,0.6617647,0.1,0.0,0.0,0.0,0.0,0.0,0.0,0.0,0.0,0.0,0.0,0.0,0.0,0.0,0.0,0.0,0.0,0.0,0.0,0.025098272,0.0039138943,1.0,1.0,0.0,0.0,0.02,0.06,0.0,0.70976806,1.0,1.0,0.06855955,0.0,0.0,0.0,0.0,0.07454345,0.0
0.0,0.0,0.029411765,0.2,0.0,0.0,0.0,0.0,0.0,0.0,0.0,0.0,0.0,0.0,0.0,0.0,0.0,0.0,0.0,0.0,0.0,0.001847446,0.016928673,0.0332681,0.0,0.0,1.0,1.0,0.12,0.06,0.0,0.76937044,1.0,1.0,0.0914532,0.0,0.002938211,0.0,0.0,0.07768294,0.0
0.0,0.0,0.029411765,0.2,0.0,0.0,0.0,0.0,0.0,0.0,0.0,0.0,0.0,0.0,0.0,0.0,0.0,0.0,0.0,0.0,0.0,0.001960963,0.016908012,0.03522505,0.0,0.0,1.0,1.0,0.13,0.06,0.0,0.7695459,1.0,1.0,0.09151878,0.0,0.0029382259,0.0,0.0,0.07773042,0.0
0.0,0.0,0.029411765,0.2,0.0,0.0,0.0,0.0,0.0,0.0,0.0,0.0,0.0,0.0,0.0,0.0,0.0,0.0,0.0,0.0,0.0,0.0,0.01727055,0.007827789,0.0,0.0,1.0,1.0,0.03,0.06,0.0,0.76138294,1.0,1.0,0.08904075,0.0,0.0029246658,0.0,0.0,0.076128036,0.0
0.0,0.0,0.029411765,0.2,0.0,0.0,0.0,0.0,0.0,0.0,0.0,0.0,0.0,0.0,0.0,0.0,0.0,0.0,0.0,0.0,0.0,0.0,0.020111673,0.007827789,0.0,0.0,1.0,1.0,0.02,0.07,0.0,0.76903534,1.0,1.0,0.08836716,0.0,0.0021723062,0.0,0.0,0.07791641,0.0
0.0,0.0,0.04411765,0.1,0.0,0.0,0.0,0.0,0.0,0.057074994,0.0,0.0,0.0,0.0,0.0,0.0,0.0024618953,0.025298536,0.0,0.0,0.0,0.071704626,0.016093723,0.19178082,1.0,1.0,0.0,0.0,1.0,0.0,0.0,0.8907534,1.0,1.0,0.12397716,0.0,0.0014264584,0.0,0.0,0.10627073,0.0
0.0,0.0,0.029411765,0.2,0.0,0.0,0.0,0.0,0.0,0.0,0.0,0.0,0.0,0.0,0.0,0.0,0.0,0.0,0.0,0.0,0.0,0.0009940565,0.016996384,0.015655577,0.0,0.0,1.0,1.0,0.04,0.08,0.0,0.7688825,1.0,1.0,0.0913605,0.0,0.002289176,0.0,0.0,0.07865745,0.0
0.0,0.0,0.19117647,0.1,0.0,0.0,0.0,0.0,0.0,0.0,0.0,0.0,0.0,0.0,0.0,0.0,0.0,0.0,0.0,0.0,0.0,0.0,0.023090392,0.03522505,1.0,1.0,0.0,0.0,0.08,0.06,0.0,0.7815584,1.0,1.0,0.08973385,0.0,0.0,0.0,0.0,0.09022558,0.0
0.0,0.0,0.029411765,0.2,0.0,0.0,0.0,0.0,0.0,0.0,0.0,0.0,0.0,0.0,0.0,0.0,0.0,0.0,0.0,0.0,0.0,0.0034641922,0.016787507,0.025440313,0.0,0.0,1.0,1.0,0.05,0.06,0.0,0.7733468,1.0,1.0,0.09276908,0.0,0.0020558387,0.0,0.0,0.07984513,0.0
0.0,0.0,0.04411765,0.0,0.0008681168,0.0061771553,0.0,0.0,0.0,0.0,0.0,0.0,0.0,0.0,0.0,0.0,0.0,0.0,0.0,0.0,0.0,0.009307414,0.010610156,0.023483366,0.0,0.0,0.0,0.0,1.0,0.0,0.33,0.76763904,1.0,1.0,0.096129574,0.0,0.009821698,0.0,0.0,0.06646091,0.0
0.035969853,0.0,0.04411765,0.3,0.001155006,0.0,0.0,0.0,0.0,0.0,0.0,0.0,0.0,0.0,0.0,0.0,0.0,0.0,0.0,0.0,0.0,0.007767409,0.0110032335,0.019569471,0.0,0.0,1.0,1.0,1.0,0.0,0.0,0.76522875,1.0,1.0,0.0950995,0.0,0.00966987,0.0,0.0,0.0670234,0.0
0.0,0.0,0.04411765,0.0,0.0008681168,0.0061771553,0.0,0.0,0.0,0.0,0.0,0.0,0.0,0.0,0.0,0.0,0.0,0.0,0.0,0.0,0.0,0.0063509047,0.010803483,0.015655577,0.0,0.0,0.0,0.0,1.0,0.0,0.25,0.7626262,1.0,1.0,0.094619624,0.0,0.00976561,0.0,0.0,0.06600928,0.0
0.0,0.0,0.44117647,0.2,0.0,0.0,0.0,0.0,0.0,0.0,0.0,0.0,0.0,0.0,0.0,0.0,0.0,0.0,0.0,0.0,0.0,0.00068870187,0.016968474,0.037181996,0.0,0.0,1.0,1.0,0.18,0.06,0.0,0.76695836,1.0,1.0,0.09073981,0.0,0.0032364875,0.0,0.0,0.07673848,0.0
0.0,0.0,0.029411765,0.2,0.0,0.0,0.0,0.0,0.0,0.0,0.0,0.0,0.0,0.0,0.0,0.0,0.0,0.0,0.0,0.0,0.0,0.0012238026,0.017007187,0.011741683,0.0,0.0,1.0,1.0,0.03,0.07,0.0,0.76954854,1.0,1.0,0.09154921,0.0,0.002100557,0.0,0.0,0.07914615,0.0
0.0,0.0,0.029411765,0.2,0.0,0.0,0.0,0.0,0.0,0.0,0.0,0.0,0.0,0.0,0.0,0.0,0.0,0.0,0.0,0.0,0.0,0.003638029,0.016728126,0.031311154,0.0,0.0,1.0,1.0,0.06,0.06,0.0,0.773473,1.0,1.0,0.09284938,0.0,0.0021529049,0.0,0.0,0.079657465,0.0
0.0,0.0,0.7058824,0.2,0.0,0.0,0.0,0.0,0.0,0.0,0.0,0.0,0.0,0.0,0.0,0.0,0.0,0.0,0.0,0.0,0.0,0.0050887764,0.01664994,0.037181996,0.0,0.0,1.0,1.0,0.08,0.06,0.0,0.775947,1.0,1.0,0.09357073,0.0,0.002125606,0.0,0.0,0.08024147,0.0
0.0,1.0,0.36764705,0.0,2.3557259e-05,0.0,0.0,0.33333334,0.0,0.0,0.0,0.0,0.0,0.0,0.0,0.0,0.0,0.0,0.0,0.0,0.0,0.0,0.025737904,0.0058708414,0.0,0.0,0.0,0.0,1.0,0.0,0.67,0.67512584,0.968965,1.0,0.05716499,0.0,0.007866129,0.0,0.0,0.063135505,0.0
0.0,1.0,0.85294116,0.0,8.977226e-06,0.0,0.0,0.0,0.0,0.0,0.0,0.0,0.0,0.0,0.0,0.0,0.0,0.0,0.0,0.0,0.0,0.0,0.031322844,0.0019569471,0.0,0.0,0.0,0.0,1.0,0.0,0.0,0.6529417,0.941063,1.0,0.045336,0.0,0.009289086,0.0,0.0,0.05918224,0.0
0.03583124,0.0,0.04411765,0.3,0.0014803509,0.0,0.0,0.0,0.0,0.0,0.0,0.0,0.0,0.0,0.0,0.0,0.0,0.0,0.0,0.0,0.0,0.0,0.0114419535,0.01369863,0.0,0.0,0.86,0.86,1.0,0.0,0.0,0.74398947,1.0,1.0,0.089085154,0.0,0.009742543,0.0,0.0,0.0634104,0.0
0.0,0.0,0.029411765,0.2,0.0,0.0,0.0,0.0,0.0,0.0,0.0,0.0,0.0,0.0,0.0,0.0,0.0,0.0,0.0,0.0,0.0,0.00023078918,0.01702755,0.01369863,0.0,0.0,1.0,1.0,0.03,0.06,0.0,0.76750934,1.0,1.0,0.090966515,0.0,0.0023547858,0.0,0.0,0.07821435,0.0
0.0,0.0,0.029411765,0.2,0.0,0.0,0.0,0.0,0.0,0.0,0.0,0.0,0.0,0.0,0.0,0.0,0.0,0.0,0.0,0.0,0.0,0.005515963,0.017030478,0.03522505,0.02,0.06,0.98,0.94,0.06,0.06,0.0,0.7779021,1.0,1.0,0.093800806,0.0,0.0014275163,0.0,0.0,0.08199349,0.0
0.0,0.0,0.029411765,0.2,0.0,0.0,0.0,0.0,0.0,0.0,0.0,0.0,0.0,0.0,0.0,0.0,0.0,0.0,0.0,0.0,0.0,0.0041740835,0.016738318,0.029354207,0.0,0.0,1.0,1.0,0.06,0.07,0.0,0.7744951,1.0,1.0,0.09311213,0.0,0.0020871907,0.0,0.0,0.080005616,0.0
0.0,0.0,0.029411765,0.2,0.0,0.0,0.0,0.0,0.0,0.0,0.0,0.0,0.0,0.0,0.0,0.0,0.0,0.0,0.0,0.0,0.0,0.00085932016,0.016948283,0.009784736,0.0,0.0,1.0,1.0,0.02,0.06,0.0,0.7692071,1.0,1.0,0.09156195,0.0,0.001900658,0.0,0.0,0.07922441,0.0
0.0,0.0,0.029411765,0.2,0.0,0.0,0.0,0.0,0.0,0.0,0.0,0.0,0.0,0.0,0.0,0.0,0.0,0.0,0.0,0.0,0.0,0.0017050803,0.016876332,0.015655577,0.0,0.0,1.0,1.0,0.03,0.06,0.0,0.7705784,1.0,1.0,0.09198617,0.0,0.0019249767,0.0,0.0,0.0794518,0.0
0.0,0.0,0.029411765,0.2,0.0,0.0,0.0,0.0,0.0,0.0,0.0,0.0,0.0,0.0,0.0,0.0,0.0,0.0,0.0,0.0,0.0,4.7713518e-05,0.017001845,0.02739726,0.0,0.0,1.0,1.0,0.09,0.05,0.0,0.76638365,1.0,1.0,0.09061379,0.0,0.0028919727,0.0,0.0,0.077150494,0.0
0.0,0.0,0.38235295,0.2,0.0,0.0,0.0,0.0,0.0,0.0,0.0,0.0,0.0,0.0,0.0,0.0,0.0,0.0,0.0,0.0,0.0,0.0014847517,0.016949296,0.015655577,0.0,0.0,1.0,1.0,0.03,0.06,0.0,0.7699261,1.0,1.0,0.091704585,0.0,0.0021341294,0.0,0.0,0.0790866,0.0
0.0,0.0,0.04411765,0.0,0.0008681168,0.0061771553,0.0,0.0,0.0,0.0,0.0,0.0,0.0,0.0,0.0,0.0,0.0,0.0,0.0,0.0,0.0,0.009156764,0.010687225,0.01369863,0.0,0.0,0.0,0.0,1.0,0.0,0.29,0.7674811,1.0,1.0,0.096014045,0.0,0.009752065,0.0,0.0,0.06672078,0.0
0.0,0.0,0.0,0.2,0.0,0.0,0.0,0.0,0.0,0.014892906,0.0,0.0,0.0,0.0,0.0,0.0,0.0,0.0,0.0,0.0,0.0,0.023812234,0.017087638,0.019569471,0.0,0.0,1.0,1.0,0.48,0.1,0.0,0.8092271,1.0,1.0,0.101638965,0.0,0.0013283044,0.0,0.0,0.09153214,0.0
0.035796586,0.0,0.04411765,0.3,0.0013202252,0.0,0.0,0.0,0.0,0.0,0.0,0.0,0.0,0.0,0.0,0.0,0.0,0.0,0.0,0.0,0.0,0.0,0.01130417,0.021526419,0.0,0.0,1.0,1.0,1.0,0.0,0.0,0.74932826,1.0,1.0,0.09062485,0.0,0.009717718,0.0,0.0,0.06432846,0.0
0.0,0.0,0.4852941,0.1,0.0,0.0,0.0,0.0,0.0,0.0,0.0,0.0,0.0,0.0,0.0,0.0,0.0,0.0,0.0,0.0,0.0,0.0,0.023348927,0.023483366,1.0,1.0,0.0,0.0,0.08,0.1,0.0,0.77839696,1.0,1.0,0.08858731,0.0,0.0,0.0,0.0,0.08924538,0.0
0.1307459,0.0,0.13235295,0.0,0.0,3.2691223e-05,0.0,0.0,0.0,0.0,0.0,0.0,0.0,0.0,0.0,0.0,0.0,0.0,0.0,0.0,0.0,0.0,0.018965311,0.0019569471,0.0,0.0,0.0,0.0,1.0,0.0,0.0,0.7452749,1.0,1.0,0.08277234,0.0,0.003007874,0.0,0.0,0.07946515,0.0
0.0,0.0,0.7058824,0.2,0.0,0.0,0.0,0.0,0.0,0.0,0.0,0.0,0.0,0.0,0.0,0.0,0.0,0.0,0.0,0.0,0.0,0.00074857473,0.01702056,0.007827789,0.0,0.0,1.0,1.0,0.02,0.07,0.0,0.76885366,1.0,1.0,0.09137116,0.0,0.0020393282,0.0,0.0,0.07900679,0.0
0.0,0.0,0.6911765,0.2,0.0,0.0,0.0,0.0,0.0,0.0,0.0,0.0,0.0,0.0,0.0,0.0,0.0,0.0,0.0,0.0,0.0,0.0,0.017322086,0.007827789,0.0,0.0,1.0,1.0,0.04,0.07,0.0,0.7612051,1.0,1.0,0.08891555,0.0,0.0030634254,0.0,0.0,0.075957894,0.0
0.0,0.0,0.029411765,0.1,0.0,0.0,0.0,0.0,0.0,0.0,0.0,0.0,0.0,0.0,0.0,0.0,0.0,0.0,0.0,0.0,0.0,0.0,0.02327653,0.023483366,1.0,1.0,0.0,0.0,0.06,0.06,0.0,0.7769693,1.0,1.0,0.088340186,0.0,0.0,0.0,0.0,0.08911252,0.0
0.015663173,0.0,0.04411765,0.3,0.0008529001,0.0,0.0,0.0,0.0,0.0,0.0,0.0,0.0,0.0,0.0,0.0,0.0,0.0,0.0,0.0,0.0,0.0030553937,0.010844447,0.011741683,0.0,0.0,1.0,1.0,1.0,0.0,0.0,0.75692236,1.0,1.0,0.093077295,0.0,0.009846181,0.0,0.0,0.06469381,0.0
0.0,0.0,0.029411765,0.2,0.0,0.0,0.0,0.0,0.0,0.0,0.0,0.0,0.0,0.0,0.0,0.0,0.0,0.0,0.0,0.0,0.0,0.0008601546,0.017009191,0.015655577,0.0,0.0,1.0,1.0,0.04,0.07,0.0,0.76859796,1.0,1.0,0.091266654,0.0,0.0023314059,0.0,0.0,0.078540266,0.0
0.0,1.0,0.36764705,0.0,8.08587e-06,0.0,0.0,0.0,0.0,0.006014377,0.0,0.0,0.0,0.0,0.0,0.0,0.0,0.0,0.0,0.0,0.0,0.017648876,0.014957815,0.78277886,0.0,0.0,0.0,0.0,1.0,0.0,0.0,0.7901499,1.0,1.0,0.098842286,0.0,0.0032290667,0.0,0.0,0.08811551,0.0
0.0,0.0,0.7205882,0.1,0.0,0.0,0.0,0.0,0.0,0.0,0.0,0.0,0.0,0.0,0.0,0.0,0.0,0.0,0.0,0.0,0.0,0.0,0.023562327,0.009784736,1.0,1.0,0.0,0.0,0.04,0.09,0.0,0.7726259,1.0,1.0,0.08685934,0.0,0.0,0.0,0.0,0.08791411,0.0
0.0,0.0,0.04411765,0.1,0.0,0.0,0.0,0.0,0.0,0.056936264,0.0,0.0,0.0,0.0,0.0,0.0,0.0017458573,0.023582965,0.0,0.0,0.0,0.06894609,0.018704534,0.13502936,1.0,1.0,0.0,0.0,1.0,0.0,0.0,0.8914889,1.0,1.0,0.121930115,0.0,0.0,0.0,0.0,0.110203326,0.0
0.0,0.0,0.029411765,0.2,0.0,0.0,0.0,0.0,0.0,0.0,0.0,0.0,0.0,0.0,0.0,0.0,0.0,0.0,0.0,0.0,0.0,0.0,0.017240167,0.015655577,0.0,0.0,1.0,1.0,0.08,0.06,0.0,0.7625146,1.0,1.0,0.08932721,0.0,0.0031229556,0.0,0.0,0.07613528,0.0
0.0,0.0,0.029411765,0.1,0.0,0.0,0.0,0.0,0.0,0.0,0.0,0.0,0.0,0.0,0.0,0.0,0.0,0.0,0.0,0.0,0.0,0.0,0.02323389,0.031311154,1.0,1.0,0.0,0.0,0.09,0.08,0.0,0.7800442,1.0,1.0,0.089147635,0.0,0.0,0.0,0.0,0.089704305,0.0
0.0,1.0,0.36764705,0.0,8.276875e-06,0.0,0.0,0.0,0.0,0.0032097995,0.0,0.0,0.0,0.0,0.0,0.0,0.0,0.0,0.0,0.0,0.0,0.015420496,0.0147212595,0.54598826,0.0,0.0,0.0,0.0,1.0,0.0,0.0,0.78483665,1.0,1.0,0.09755776,0.0,0.0039918423,0.0,0.0,0.08629468,0.0
0.0,0.0,0.6617647,0.5,0.0,0.0,0.0,0.0,0.0,0.0,0.0,0.0,0.0,0.0,0.0,0.0,0.0,0.0,0.0,0.0,0.0,0.0,0.017036006,0.0058708414,0.0,0.0,1.0,1.0,0.01,0.06,0.0,0.767205,1.0,1.0,0.09093731,0.0,0.0019962043,0.0,0.0,0.07871279,0.0
0.0,0.0,0.5294118,0.1,0.0,0.0,0.0,0.0,0.0,0.0,0.0,0.0,0.0,0.0,0.0,0.0,0.0,0.0,0.0,0.0,0.0,0.0,0.02327142,0.0058708414,1.0,1.0,0.0,0.0,0.01,0.06,0.0,0.7745975,1.0,1.0,0.08780589,0.0,0.0,0.0,0.0,0.08903068,0.0
0.013913194,0.0,0.04411765,0.3,0.0009226168,0.0,0.0,0.0,0.0,0.03645897,0.0,0.0,0.0,0.0,0.0,0.0,0.00284601,0.016888082,0.0,0.0,0.0,0.05715537,0.009257548,0.12328767,0.03,0.03,0.97,0.97,1.0,0.0,0.0,0.85033894,1.0,1.0,0.11919718,0.0,0.009171754,0.0,0.0,0.08238149,0.0
0.0,0.0,0.04411765,0.1,0.0,0.0,0.0,0.0,0.0,0.04149127,0.0,0.0,0.0,0.0,0.0,0.0,0.0016344264,0.01692599,0.0,0.0,0.0,0.058368176,0.013568744,0.0704501,0.83,0.83,0.14,0.14,1.0,0.0,0.0,0.8611195,1.0,1.0,0.11827438,0.0,0.005122125,0.0,0.0,0.092619866,0.0
0.0,0.0,0.0882353,0.1,0.0,0.0,0.0,0.0,0.0,0.0,0.0,0.0,0.0,0.0,0.0,0.0,0.0,0.0,0.0,0.0,0.0,0.0,0.023207895,0.037181996,1.0,1.0,0.0,0.0,0.11,0.08,0.0,0.7805246,1.0,1.0,0.0892886,0.0,0.0,0.0,0.0,0.08975017,0.0
0.0,0.0,0.44117647,0.2,0.0,0.0,0.0,0.0,0.0,0.0,0.0,0.0,0.0,0.0,0.0,0.0,0.0,0.0,0.0,0.0,0.0,0.0006906688,0.016959138,0.031311154,0.0,0.0,1.0,1.0,0.11,0.06,0.0,0.76738966,1.0,1.0,0.09090989,0.0,0.002944395,0.0,0.0,0.07725242,0.0
0.13944381,0.0,0.13235295,0.0,0.0,1.1144735e-05,0.0,0.0,0.0,0.0,0.0,0.0,0.0,0.0,0.0,0.0,0.0,0.0,0.0,0.0,0.0,0.0,0.020983048,0.0019569471,0.0,0.0,0.0,0.0,1.0,0.0,0.0,0.728786,1.0,1.0,0.07687505,0.0,0.0013188273,0.0,0.0,0.07644439,0.0
0.0,0.0,0.3382353,0.2,0.0,0.0,0.0,0.0,0.0,0.0,0.0,0.0,0.0,0.0,0.0,0.0,0.0,0.0,0.0,0.0,0.0,0.0014874339,0.017001435,0.007827789,0.0,0.0,1.0,1.0,0.02,0.07,0.0,0.770241,1.0,1.0,0.09176212,0.0,0.0019454509,0.0,0.0,0.07948041,0.0
0.0,0.0,0.029411765,0.1,0.0,0.0,0.0,0.0,0.0,0.0,0.0,0.0,0.0,0.0,0.0,0.0,0.0,0.0,0.0,0.0,0.0,0.0,0.023762256,0.0039138943,1.0,1.0,0.0,0.0,0.02,0.07,0.0,0.76737535,1.0,1.0,0.0852604,0.0,0.0,0.0,0.0,0.086530775,0.0
1.7326518e-05,0.0,0.22058824,0.0,4.1368454e-05,0.00021769383,0.0,0.0,0.0,0.0,0.0,0.0,0.0,0.0,0.0,0.0,0.0,0.0,0.0,0.0,0.0,0.0028260648,0.012456141,0.0039138943,0.0,0.0,0.0,0.0,1.0,0.0,0.0,0.7579504,1.0,1.0,0.09173565,0.0,0.008369222,0.0,0.0,0.072734326,0.0
0.0,0.0,0.029411765,0.2,0.0,0.0,0.0,0.0,0.0,0.0,0.0,0.0,0.0,0.0,0.0,0.0,0.0,0.0,0.0,0.0,0.0,0.0035777688,0.016766764,0.02739726,0.0,0.0,1.0,1.0,0.05,0.07,0.0,0.77352226,1.0,1.0,0.0928347,0.0,0.0020559132,0.0,0.0,0.079892606,0.0
0.0,0.0,0.029411765,0.2,0.0,0.0,0.0,0.0,0.0,0.0,0.0,0.0,0.0,0.0,0.0,0.0,0.0,0.0,0.0,0.0,0.0,0.0018823147,0.016930096,0.019569471,0.0,0.0,1.0,1.0,0.05,0.07,0.0,0.7704103,1.0,1.0,0.09182867,0.0,0.0022641122,0.0,0.0,0.07897389,0.0
0.0,0.0,0.029411765,0.1,0.0,0.0,0.0,0.0,0.0,0.0,0.0,0.0,0.0,0.0,0.0,0.0,0.0,0.0,0.0,0.0,0.0,0.0,0.023545466,0.0019569471,1.0,1.0,0.0,0.0,0.01,0.08,0.0,0.7713114,1.0,1.0,0.086577766,0.0,0.0,0.0,0.0,0.08787081,0.0
0.0,0.0,0.61764705,0.1,0.0,0.0,0.0,0.0,0.0,0.0,0.0,0.0,0.0,0.0,0.0,0.0,0.0,0.0,0.0,0.0,0.0,0.0,0.023079969,0.021526419,1.0,1.0,0.0,0.0,0.04,0.06,0.0,0.7794266,1.0,1.0,0.08925674,0.0,0.0,0.0,0.0,0.09011045,0.0
0.0,0.0,0.13235295,0.1,0.0,0.0,0.0,0.0,0.0,0.004132986,0.0,0.0,0.0,0.0,0.0,0.0,0.0,0.0,0.0,0.0,0.0,0.0077394545,0.022594787,0.039138943,1.0,1.0,0.0,0.0,0.34,0.05,0.0,0.79240847,1.0,1.0,0.09267572,0.0,0.0,0.0,0.0,0.09101257,0.0
0.0,0.0,0.029411765,0.1,0.0,0.0,0.0,0.0,0.0,0.0,0.0,0.0,0.0,0.0,0.0,0.0,0.0,0.0,0.0,0.0,0.0,0.0,0.02333565,0.039138943,1.0,1.0,0.0,0.0,0.13,0.06,0.0,0.77779675,1.0,1.0,0.088408925,0.0,0.0,0.0,0.0,0.08884549,0.0
0.0,0.0,0.029411765,0.2,0.0,0.0,0.0,0.0,0.0,0.0,0.0,0.0,0.0,0.0,0.0,0.0,0.0,0.0,0.0,0.0,0.0,0.0,0.01734227,0.0058708414,0.0,0.0,1.0,1.0,0.03,0.07,0.0,0.7613826,1.0,1.0,0.088950835,0.0,0.002973467,0.0,0.0,0.07622105,0.0
0.0,0.0,0.14705883,0.1,0.0,0.0,0.0,0.0,0.0,0.0012949109,0.0,0.0,0.0,0.0,0.0,0.0,0.0,0.0,0.0,0.0,0.0,0.0047590137,0.023078203,0.0019569471,1.0,1.0,0.0,0.0,0.25,1.0,0.0,0.7875118,1.0,1.0,0.09090593,0.0,0.0,0.0,0.0,0.08973056,0.0
0.0,0.0,0.029411765,0.2,0.0,0.0,0.0,0.0,0.0,0.0,0.0,0.0,0.0,0.0,0.0,0.0,0.0,0.0,0.0,0.0,0.0,0.0,0.017174654,0.021526419,0.0,0.0,1.0,1.0,0.11,0.06,0.0,0.76374364,1.0,1.0,0.08970455,0.0,0.0031683892,0.0,0.0,0.0763042,0.0
0.0,0.0,0.47058824,0.2,0.0,0.0,0.0,0.0,0.0,0.0,0.0,0.0,0.0,0.0,0.0,0.0,0.0,0.0,0.0,0.0,0.0,0.0,0.017119668,0.017612524,0.0,0.0,1.0,1.0,0.06,0.06,0.0,0.765527,1.0,1.0,0.09027722,0.0,0.0028512478,0.0,0.0,0.077087104,0.0
0.0,0.0,0.23529412,0.1,0.0,0.0,0.0,0.0,0.0,0.0,0.0,0.0,0.0,0.0,0.0,0.0,0.0,0.0,0.0,0.0,0.0,0.0,0.023232676,0.031311154,1.0,1.0,0.0,0.0,0.09,0.09,0.0,0.7806629,1.0,1.0,0.08930426,0.0,0.0,0.0,0.0,0.08983183,0.0
0.013878541,0.0,0.04411765,0.3,0.00094585575,7.4298237e-07,0.0,0.0,0.0,0.0016108453,0.0,0.0,0.0,0.0,0.0,0.0,0.0,0.0,0.0,0.0,0.0,0.01848051,0.0103627965,0.06262231,0.0,0.0,1.0,1.0,1.0,0.0,0.0,0.78355,1.0,1.0,0.10055321,0.0,0.009631634,0.0,0.0,0.069819,0.0
0.0,0.0,0.04411765,0.0,0.0008681168,0.0061771553,0.0,0.0,0.0,0.0,0.0,0.0,0.0,0.0,0.0,0.0,0.0,0.0,0.0,0.0,0.0,0.0076409876,0.0106849,0.011741683,0.0,0.0,0.0,0.0,1.0,0.0,0.33,0.7648368,1.0,1.0,0.09532074,0.0,0.009787127,0.0,0.0,0.06612569,0.0
0.13225332,0.0,0.13235295,0.0,0.0,3.2691223e-05,0.0,0.0,0.0,0.0,0.0,0.0,0.0,0.0,0.0,0.0,0.0,0.0,0.0,0.0,0.0,0.0,0.01929655,0.0019569471,0.0,0.0,0.0,0.0,1.0,0.0,0.0,0.7512585,1.0,1.0,0.08411644,0.0,0.0024502724,0.0,0.0,0.08105934,0.0
0.12804297,0.0,0.13235295,0.0,0.0,3.2691223e-05,0.0,0.0,0.0,0.0,0.0,0.0,0.0,0.0,0.0,0.0,0.0,0.0,0.0,0.0,0.0,0.0,0.018267162,0.0019569471,0.0,0.0,0.0,0.0,1.0,0.0,0.0,0.73380876,1.0,1.0,0.08028687,0.0,0.0041772276,0.0,0.0,0.07508692,0.0
0.0,0.0,0.029411765,0.1,0.0,0.0,0.0,0.0,0.0,0.0,0.0,0.0,0.0,0.0,0.0,0.0,0.0,0.0,0.0,0.0,0.0,0.0,0.021101065,0.025440313,0.79,0.62,0.21,0.38,0.1,0.07,0.0,0.77209795,1.0,1.0,0.088691495,0.0,0.0,0.0,0.0,0.08474159,0.0
0.0,0.0,0.029411765,0.2,0.0,0.0,0.0,0.0,0.0,0.0,0.0,0.0,0.0,0.0,0.0,0.0,0.0,0.0,0.0,0.0,0.0,0.0017904043,0.016886458,0.02739726,0.0,0.0,1.0,1.0,0.07,0.06,0.0,0.76990557,1.0,1.0,0.09170861,0.0,0.0024809837,0.0,0.0,0.078502,0.0
0.0,0.0,0.029411765,0.1,0.0,0.0,0.0,0.0,0.0,5.5462122e-05,0.0,0.0,0.0,0.0,0.0,0.0,0.0,0.0,0.0,0.0,0.0,0.00042542815,0.022927888,0.039138943,1.0,1.0,0.0,0.0,0.07,0.06,0.0,0.7839328,1.0,1.0,0.09056424,0.0,0.0,0.0,0.0,0.090961486,0.0
0.0,0.0,0.029411765,0.2,0.0,0.0,0.0,0.0,0.0,0.0,0.0,0.0,0.0,0.0,0.0,0.0,0.0,0.0,0.0,0.0,0.0,0.0,0.017164543,0.0019569471,0.0,0.0,1.0,1.0,0.0,0.07,0.0,0.76526225,1.0,1.0,0.09026576,0.0,0.0021951795,0.0,0.0,0.07812855,0.0
0.0,0.0,0.13235295,0.8,0.0,3.2691223e-05,0.0,0.0,0.0,0.0,0.0,0.0,0.0,0.0,0.0,0.0,0.0,0.0,0.0,0.0,0.0,0.0,0.02008479,0.0019569471,1.0,1.0,0.0,0.0,1.0,0.0,0.0,0.73417735,1.0,1.0,0.07898187,0.0,0.0021083206,0.0,0.0,0.07748857,0.0
0.0,1.0,0.36764705,0.0,8.276875e-06,0.0,0.0,0.0,0.0,0.0,0.0,0.0,0.0,0.0,0.0,0.0,0.0,0.0,0.0,0.0,0.0,0.010862291,0.013994865,0.029354207,0.0,0.0,0.0,0.0,1.0,0.0,0.0,0.775252,1.0,1.0,0.09566883,0.0,0.00510855,0.0,0.0,0.081308335,0.0
0.0,0.0,0.029411765,0.2,0.0,0.0,0.0,0.0,0.0,0.0,0.0,0.0,0.0,0.0,0.0,0.0,0.0,0.0,0.0,0.0,0.0,0.00048288703,0.017036244,0.009784736,0.0,0.0,1.0,1.0,0.02,0.07,0.0,0.7682228,1.0,1.0,0.09117084,0.0,0.0021591336,0.0,0.0,0.078722626,0.0
0.12838951,0.0,0.13235295,0.0,0.0,3.2691223e-05,0.0,0.0,0.0,0.019520432,0.0,0.0,0.0,0.0,0.0,0.0,0.0,0.0,0.0,0.0,0.0,0.029007345,0.01826515,0.0019569471,0.0,0.0,0.0,0.0,1.0,0.0,0.0,0.81882274,1.0,1.0,0.10296755,0.0,0.0010972619,0.0,0.0,0.09510738,0.0
0.0,0.0,0.3382353,0.2,0.0,0.0,0.0,0.0,0.0,0.0,0.0,0.0,0.0,0.0,0.0,0.0,0.0,0.0,0.0,0.0,0.0,0.0,0.017190225,0.0019569471,0.0,0.0,1.0,1.0,0.0,0.06,0.0,0.764693,1.0,1.0,0.09007808,0.0,0.0022797436,0.0,0.0,0.07789451,0.0
0.13190678,0.0,0.13235295,0.0,0.0,3.2691223e-05,0.0,0.0,0.0,0.0,0.0,0.0,0.0,0.0,0.0,0.0,0.0,0.0,0.0,0.0,0.0,0.0,0.019227989,0.021526419,0.0,0.0,0.0,0.45,1.0,0.0,0.55,0.7512404,1.0,1.0,0.08412882,0.0,0.0027118027,0.0,0.0,0.080732346,0.0
0.0,0.0,0.029411765,0.2,0.0,0.0,0.0,0.0,0.0,0.0,0.0,0.0,0.0,0.0,0.0,0.0,0.0,0.0,0.0,0.0,0.0,0.0034439564,0.016779624,0.02739726,0.0,0.0,1.0,1.0,0.06,0.06,0.0,0.7732377,1.0,1.0,0.09274087,0.0,0.002098173,0.0,0.0,0.07977557,0.0
0.0,0.0,0.029411765,0.2,0.0,0.0,0.0,0.0,0.0,0.0,0.0,0.0,0.0,0.0,0.0,0.0,0.0,0.0,0.0,0.0,0.0,0.0045087934,0.016705595,0.037181996,0.0,0.0,1.0,1.0,0.08,0.07,0.0,0.77471375,1.0,1.0,0.09316408,0.0,0.0023088157,0.0,0.0,0.079734206,0.0
0.0,1.0,0.36764705,0.0,8.08587e-06,0.0,0.0,0.0,0.0,0.0,0.0,0.0,0.0,0.0,0.0,0.0,0.0,0.0,0.0,0.0,0.0,0.0,0.020561837,1.0,0.0,0.0,0.0,0.0,1.0,0.0,0.0,0.72481763,1.0,1.0,0.07655778,0.0,0.001299277,0.0,0.0,0.072769046,0.0
0.0,0.0,0.029411765,0.1,0.0,0.0,0.0,0.0,0.0,0.0,0.0,0.0,0.0,0.0,0.0,0.0,0.0,0.0,0.0,0.0,0.0,0.0,0.023463368,0.019569471,1.0,1.0,0.0,0.0,0.07,0.09,0.0,0.7754698,1.0,1.0,0.08769175,0.0,0.0,0.0,0.0,0.088501066,0.0
0.13109244,0.0,0.13235295,0.0,0.0,3.2691223e-05,0.0,0.0,0.0,0.026145488,0.0,0.0,0.0,0.0,0.0,0.0,0.0,0.0,0.0,0.0,0.0,0.034731,0.01880598,0.0019569471,0.0,0.0,0.0,0.0,1.0,0.0,0.0,0.8319123,1.0,1.0,0.10611566,0.0,0.0,0.0,0.0,0.09806743,0.0
0.0,0.0,0.13235295,0.8,0.0,3.2691223e-05,0.0,0.0,0.0,0.0,0.0,0.0,0.0,0.0,0.0,0.0,0.0,0.0,0.0,0.0,0.0,0.0,0.028052218,0.0019569471,1.0,1.0,0.0,0.0,1.0,0.0,0.0,0.6662079,0.9573307,1.0,0.05216237,0.0,0.0065921545,0.0,0.0,0.064424396,0.0
0.0,0.0,0.7647059,0.2,0.0,0.0,0.0,0.0,0.0,0.0,0.0,0.0,0.0,0.0,0.0,0.0,0.0,0.0,0.0,0.0,0.0,0.00090676546,0.016995564,0.009784736,0.0,0.0,1.0,1.0,0.02,0.07,0.0,0.76912403,1.0,1.0,0.09146803,0.0,0.0020252913,0.0,0.0,0.07909328,0.0
0.016009703,0.0,0.04411765,0.3,0.00015382253,0.0,0.0,0.0,0.0,0.03753856,0.0,0.0,0.0,0.0,0.0,0.0,0.0030541793,0.018699527,0.0,0.0,0.0,0.05872059,0.009136021,0.045009784,0.0,0.0,1.0,1.0,1.0,0.0,0.0,0.85279334,1.0,1.0,0.11995178,0.0,0.009455562,0.0,0.0,0.08160797,0.0
0.0,0.0,0.029411765,0.2,0.0,0.0,0.0,0.0,0.0,0.0,0.0,0.0,0.0,0.0,0.0,0.0,0.0,0.0,0.0,0.0,0.0,0.0,0.01714462,0.021526419,0.0,0.0,1.0,1.0,0.1,0.08,0.0,0.76440763,1.0,1.0,0.08992357,0.0,0.0030697435,0.0,0.0,0.076577336,0.0
0.0,0.0,0.23529412,0.2,0.0,0.0,0.0,0.0,0.0,0.0,0.0,0.0,0.0,0.0,0.0,0.0,0.0,0.0,0.0,0.0,0.0,0.0009290278,0.01699344,0.009784736,0.0,0.0,1.0,1.0,0.02,0.06,0.0,0.7691715,1.0,1.0,0.091483645,0.0,0.0020182133,0.0,0.0,0.07911283,0.0
0.0,0.0,0.29411766,0.2,0.0,0.0,0.0,0.0,0.0,0.0,0.0,0.0,0.0,0.0,0.0,0.0,0.0,0.0,0.0,0.0,0.0,0.0,0.01710026,0.009784736,0.0,0.0,1.0,1.0,0.03,0.06,0.0,0.76583934,1.0,1.0,0.0904514,0.0,0.002401024,0.0,0.0,0.077839226,0.0
1.7326518e-05,0.0,0.22058824,0.0,4.1368454e-05,0.00021769383,0.0,0.0,0.0,0.0,0.0,0.0,0.0,0.0,0.0,0.0,0.0,0.0,0.0,0.0,0.0,0.0033238232,0.010996789,0.0058708414,0.0,0.0,0.25,0.0,0.75,0.5,0.0,0.7575946,1.0,1.0,0.093096144,0.0,0.009634584,0.0,0.0,0.065874666,0.0
0.0,0.0,0.3382353,0.2,0.0,0.0,0.0,0.0,0.0,0.0,0.0,0.0,0.0,0.0,0.0,0.0,0.0,0.0,0.0,0.0,0.0,0.0018426478,0.01688651,0.039138943,0.0,0.0,1.0,1.0,0.15,0.05,0.0,0.769117,1.0,1.0,0.091408245,0.0,0.0030915886,0.0,0.0,0.07733917,0.0
0.0,0.0,0.7941176,0.2,0.0,0.0,0.0,0.0,0.0,0.0,0.0,0.0,0.0,0.0,0.0,0.0,0.0,0.0,0.0,0.0,0.0,0.0,0.017406225,0.0019569471,0.0,0.0,1.0,1.0,0.01,0.07,0.0,0.75894177,1.0,1.0,0.08824811,0.0,0.003021881,0.0,0.0,0.075625956,0.0
0.0,0.0,0.14705883,0.1,0.0,0.0,0.0,0.0,0.0,0.0047796667,0.0,0.0,0.0,0.0,0.0,0.0,0.0,0.0,0.0,0.0,0.0,0.008011371,0.02276849,0.037181996,1.0,1.0,0.0,0.0,0.26,0.05,0.0,0.7937257,1.0,1.0,0.09293478,0.0,0.0,0.0,0.0,0.091448486,0.0
0.0,0.0,0.029411765,0.2,0.0,0.0,0.0,0.0,0.0,0.0,0.0,0.0,0.0,0.0,0.0,0.0,0.0,0.0,0.0,0.0,0.0,0.004192382,0.016755521,0.0332681,0.0,0.0,1.0,1.0,0.08,0.07,0.0,0.7741729,1.0,1.0,0.092970304,0.0,0.002336964,0.0,0.0,0.07956132,0.0
0.0,0.0,0.04411765,0.3,0.0008681168,0.005423771,0.0,0.0,0.0,0.0,0.0,0.0,0.0,0.0,0.0,0.0,0.0,0.0,0.0,0.0,0.0,0.006777823,0.010690108,0.007827789,0.0,0.0,0.25,0.25,1.0,0.0,0.0,0.76327896,1.0,1.0,0.0949026,0.0,0.009862229,0.0,0.0,0.06559914,0.0
0.0,0.0,0.5147059,0.2,0.0,0.0,0.0,0.0,0.0,0.0,0.0,0.0,0.0,0.0,0.0,0.0,0.0,0.0,0.0,0.0,0.0,0.0010056794,0.016980767,0.031311154,0.0,0.0,1.0,1.0,0.12,0.06,0.0,0.7678758,1.0,1.0,0.09100365,0.0,0.0029844195,0.0,0.0,0.077355415,0.0
0.0,0.0,0.47058824,0.2,0.0,0.0,0.0,0.0,0.0,0.0,0.0,0.0,0.0,0.0,0.0,0.0,0.0,0.0,0.0,0.0,0.0,0.003147155,0.016775839,0.023483366,0.0,0.0,1.0,1.0,0.04,0.06,0.0,0.7729224,1.0,1.0,0.09268797,0.0,0.001980573,0.0,0.0,0.07979226,0.0
0.0,1.0,0.36764705,0.0,8.276875e-06,0.0,0.0,0.0,0.0,0.0057072043,0.0,0.0,0.0,0.0,0.0,0.0,0.0,0.0,0.0,0.0,0.0,0.017410874,0.01493372,0.7573385,0.0,0.0,0.0,0.0,1.0,0.0,0.0,0.78956485,1.0,1.0,0.09869721,0.0,0.0033171922,0.0,0.0,0.08793157,0.0
0.0,0.5,0.029411765,0.0,4.4567784e-07,0.0,0.0,0.33333334,0.0,0.0,0.0,0.0,0.0,0.0,0.0,0.0,0.0,0.0,0.0024093073,0.0,0.0,0.0,0.046678014,0.0019569471,0.0,0.0,0.0,0.0,1.0,0.0,0.0,0.5852573,0.85286283,0.943939,0.010648914,0.0,0.011635229,0.0,0.0,0.05813533,0.0
0.0,0.0,0.029411765,0.2,0.0,0.0,0.0,0.0,0.0,0.0,0.0,0.0,0.0,0.0,0.0,0.0,0.0,0.0,0.0,0.0,0.0,0.0023974478,0.016870879,0.021526419,0.0,0.0,1.0,1.0,0.05,0.06,0.0,0.77143955,1.0,1.0,0.092175774,0.0,0.0021372736,0.0,0.0,0.079372555,0.0
0.0,0.0,0.029411765,0.2,0.0,0.0,0.0,0.0,0.0,0.0,0.0,0.0,0.0,0.0,0.0,0.0,0.0,0.0,0.0,0.0,0.0,0.0,0.017088354,0.023483366,0.0,0.0,1.0,1.0,0.1,0.07,0.0,0.76599693,1.0,1.0,0.090404324,0.0,0.0030093938,0.0,0.0,0.076943904,0.0
0.0,0.0,0.029411765,0.2,0.0,0.0,0.0,0.0,0.0,0.0,0.0,0.0,0.0,0.0,0.0,0.0,0.0,0.0,0.0,0.0,0.0,0.0022083223,0.016874537,0.037181996,0.0,0.0,1.0,1.0,0.13,0.06,0.0,0.77000594,1.0,1.0,0.091678195,0.0,0.0028959662,0.0,0.0,0.077894986,0.0
0.0,0.0,0.029411765,0.2,0.0,0.0,0.0,0.0,0.0,0.0,0.0,0.0,0.0,0.0,0.0,0.0,0.0,0.0,0.0,0.0,0.0,0.00045368075,0.017059475,0.011741683,0.01,0.0,0.99,1.0,0.03,0.07,0.0,0.7681246,1.0,1.0,0.09111535,0.0,0.0021973848,0.0,0.0,0.07866591,0.0
0.12915187,0.0,0.13235295,0.0,0.0,3.2691223e-05,0.0,0.0,0.0,0.020755053,0.0,0.0,0.0,0.0,0.0,0.0,0.0,0.0,0.0,0.0,0.0,0.029990166,0.01840116,0.0019569471,0.0,0.0,0.0,0.0,1.0,0.0,0.0,0.8212837,1.0,1.0,0.103539504,0.0,0.00076954067,0.0,0.0,0.095674545,0.0
0.13114442,0.0,0.13235295,0.0,0.0,3.2691223e-05,0.0,0.0,0.0,0.0,0.0,0.0,0.0,0.0,0.0,0.0,0.0,0.0,0.0,0.0,0.0,0.0,0.018815972,0.0019569471,0.0,0.0,0.0,0.0,1.0,0.0,0.0,0.7572005,1.0,1.0,0.08604749,0.0,0.002931729,0.0,0.0,0.081709355,0.0
0.0,0.0,0.60294116,0.5,0.0,0.0,0.0,0.0,0.0,0.0,0.0,0.0,0.0,0.0,0.0,0.0,0.0,0.0,0.0,0.0,0.0,0.003412962,0.016758882,0.037181996,0.0,0.0,1.0,1.0,0.09,0.06,0.0,0.7725674,1.0,1.0,0.09252285,0.0,0.0025154054,0.0,0.0,0.07894847,0.0
0.0,0.0,0.3970588,0.2,0.0,0.0,0.0,0.0,0.0,0.0,0.0,0.0,0.0,0.0,0.0,0.0,0.0,0.0,0.0,0.0,0.0,0.0011318326,0.016964234,0.011741683,0.0,0.0,1.0,1.0,0.02,0.06,0.0,0.76953673,1.0,1.0,0.091611795,0.0,0.001990065,0.0,0.0,0.079238266,0.0
0.035952527,0.0,0.04411765,0.3,0.001178245,0.0,0.0,0.0,0.0,0.0046901703,0.0,0.0,0.0,0.0,0.0,0.0,0.0,0.0,0.0,0.0,0.0,0.021947235,0.010521494,0.017612524,0.22,0.22,0.78,0.78,1.0,0.0,0.0,0.7896726,1.0,1.0,0.10200145,0.0,0.009590074,0.0,0.0,0.071095675,0.0
0.0,0.0,0.19117647,0.2,0.0,0.0,0.0,0.0,0.0,0.0,0.0,0.0,0.0,0.0,0.0,0.0,0.0,0.0,0.0,0.0,0.0,0.0,0.017121918,0.0019569471,0.0,0.0,1.0,1.0,0.0,0.07,0.0,0.76717126,1.0,1.0,0.090828784,0.0,0.0020237863,0.0,0.0,0.07881677,0.0
0.0,0.0,0.6911765,0.1,0.0,0.0,0.0,0.0,0.0,0.0,0.0,0.0,0.0,0.0,0.0,0.0,0.0,0.0,0.0,0.0,0.0,0.0,0.023682758,0.009784736,1.0,1.0,0.0,0.0,0.09,0.15,0.0,0.7746062,1.0,1.0,0.087171696,0.0,0.0,0.0,0.0,0.08805534,0.0
0.0,0.0,0.029411765,0.1,0.0,0.0,0.0,0.0,0.0,0.0,0.0,0.0,0.0,0.0,0.0,0.0,0.0,0.0,0.0,0.0,0.0,0.0,0.023418143,0.015655577,1.0,1.0,0.0,0.0,0.05,0.1,0.0,0.77591443,1.0,1.0,0.087882586,0.0,0.0,0.0,0.0,0.08878118,0.0
0.0,0.0,0.029411765,0.1,0.0,0.0,0.0,0.0,0.0,0.0,0.0,0.0,0.0,0.0,0.0,0.0,0.0,0.0,0.0,0.0,0.0,0.0,0.023137063,0.025440313,1.0,1.0,0.0,0.0,0.05,0.06,0.0,0.77882075,1.0,1.0,0.08900755,0.0,0.0,0.0,0.0,0.089772314,0.0
0.0,0.0,0.029411765,0.1,0.0,0.0,0.0,0.0,0.0,0.0,0.0,0.0,0.0,0.0,0.0,0.0,0.0,0.0,0.0,0.0,0.0,0.0,0.023030214,0.025440313,1.0,1.0,0.0,0.0,0.04,0.06,0.0,0.7802706,1.0,1.0,0.089532726,0.0,0.0,0.0,0.0,0.09029478,0.0
0.03577926,0.0,0.04411765,0.3,0.0008872809,0.0,0.0,0.0,0.0,0.037088394,0.0,0.0,0.0,0.0,0.0,0.0,0.0026615784,0.017808199,0.0,0.0,0.0,0.058046073,0.009476684,0.025440313,0.0,0.0,1.0,1.0,1.0,0.0,0.0,0.8519554,1.0,1.0,0.11939793,0.0,0.0092814565,0.0,0.0,0.08226502,0.0
0.015732478,0.0,0.04411765,0.3,0.0012247227,0.0,0.0,0.0,0.0,0.029036999,0.0,0.0,0.0,0.0,0.0,0.0,0.0020732582,0.011398226,0.0,0.0,0.0,0.049219042,0.009417899,0.04696673,0.0,0.0,1.0,1.0,1.0,0.0,0.0,0.83642864,1.0,1.0,0.11537515,0.0,0.009513691,0.0,0.0,0.07874623,0.0
0.0,0.0,0.029411765,0.2,0.0,0.0,0.0,0.0,0.0,0.0,0.0,0.0,0.0,0.0,0.0,0.0,0.0,0.0,0.0,0.0,0.0,0.0,0.017271452,0.0058708414,0.0,0.0,1.0,1.0,0.02,0.06,0.0,0.7619873,1.0,1.0,0.089216836,0.0,0.0027713776,0.0,0.0,0.076566756,0.0
0.0,0.0,0.13235295,0.1,0.0,0.0,0.0,0.0,0.0,0.061335117,0.0,0.0,0.0,0.0,0.0,0.0,0.0028699264,0.026745021,0.0,0.0,0.0,0.07197848,0.01949171,0.2661448,1.0,1.0,0.0,0.0,1.0,0.0,0.0,0.90010047,1.0,1.0,0.12368611,0.0,0.0,0.0,0.0,0.113361835,0.0
0.0,0.0,0.029411765,0.2,0.0,0.0,0.0,0.0,0.0,0.0,0.0,0.0,0.0,0.0,0.0,0.0,0.0,0.0,0.0,0.0,0.0,0.0022020638,0.016993888,0.01369863,0.0,0.0,1.0,1.0,0.03,0.08,0.0,0.77114964,1.0,1.0,0.09196735,0.0,0.0021507144,0.0,0.0,0.079420656,0.0
0.0,0.0,0.029411765,0.2,0.0,0.0,0.0,0.0,0.0,0.0,0.0,0.0,0.0,0.0,0.0,0.0,0.0,0.0,0.0,0.0,0.0,0.0,0.01719883,0.01369863,0.0,0.0,1.0,1.0,0.05,0.07,0.0,0.7637147,1.0,1.0,0.089715205,0.0,0.0029185265,0.0,0.0,0.07665357,0.0
0.0,0.0,0.30882353,0.1,0.0,0.0,0.0,0.0,0.0,0.0,0.0,0.0,0.0,0.0,0.0,0.0,0.0,0.0,0.0,0.0,0.0,0.0,0.023234576,0.0332681,1.0,1.0,0.0,0.0,0.09,0.08,0.0,0.78024507,1.0,1.0,0.08919393,0.0,0.0,0.0,0.0,0.08966425,0.0
0.14036213,0.0,0.13235295,0.8,1.5917067e-08,1.1144735e-05,0.0,0.0,0.0,0.0,0.0,0.0,0.0,0.0,0.0,0.0,0.0,0.0,0.0,0.0,0.0,0.0,0.018548138,0.0019569471,1.0,1.0,0.0,0.0,1.0,0.0,0.0,0.7618729,1.0,1.0,0.08789324,0.0,0.0007612407,0.0,0.0,0.082475334,0.0
0.0,0.0,0.029411765,0.2,0.0,0.0,0.0,0.0,0.0,0.0,0.0,0.0,0.0,0.0,0.0,0.0,0.0,0.0,0.0,0.0,0.0,0.0040646195,0.016739033,0.031311154,0.0,0.0,1.0,1.0,0.07,0.07,0.0,0.77419627,1.0,1.0,0.09302134,0.0,0.0021576881,0.0,0.0,0.079858005,0.0
0.0,0.0,0.11764706,0.1,0.0,0.0,0.0,0.0,0.0,0.0,0.0,0.0,0.0,0.0,0.0,0.0,0.0,0.0,0.0,0.0,0.0,0.0,0.023600869,0.007827789,1.0,1.0,0.0,0.0,0.03,0.09,0.0,0.77214384,1.0,1.0,0.086688034,0.0,0.0,0.0,0.0,0.08774775,0.0
0.12559994,0.0,0.13235295,0.0,0.0,3.2691223e-05,0.0,0.0,0.0,0.0,0.0,0.0,0.0,0.0,0.0,0.0,0.0,0.0,0.0,0.0,0.0,0.0,0.017691784,0.0019569471,0.0,0.0,0.0,0.0,1.0,0.0,0.0,0.7459929,1.0,1.0,0.08410565,0.0,0.0041340142,0.0,0.0,0.07583919,0.0
0.0,0.0,0.04411765,0.0,0.0008681168,0.0061771553,0.0,0.0,0.0,0.0,0.0,0.0,0.0,0.0,0.0,0.0,0.0,0.0,0.0,0.0,0.0,0.005501002,0.0107494,0.0058708414,0.0,0.0,0.0,0.0,1.0,0.0,0.0,0.76114833,1.0,1.0,0.094287924,0.0,0.009805575,0.0,0.0,0.06545982,0.0
0.0,0.0,0.029411765,0.2,0.0,0.0,0.0,0.0,0.0,0.0,0.0,0.0,0.0,0.0,0.0,0.0,0.0,0.0,0.0,0.0,0.0,0.00315395,0.01680743,0.02739726,0.0,0.0,1.0,1.0,0.06,0.08,0.0,0.77262115,1.0,1.0,0.092537515,0.0,0.0021897703,0.0,0.0,0.079521984,0.0
0.0,1.0,0.36764705,0.0,2.3557259e-05,0.0,0.0,0.33333334,0.0,0.0,0.0,0.0,0.0,0.0,0.0,0.0,0.0,0.0,0.0,0.0,0.0,0.0,0.025247633,0.0058708414,0.0,0.0,0.0,0.0,1.0,0.0,0.67,0.67727435,0.9717552,1.0,0.05825325,0.0,0.0077463686,0.0,0.0,0.063255206,0.0
0.0,0.0,0.04411765,0.2,0.0,0.0,0.0,0.0,0.0,0.0,0.0,0.0,0.0,0.0,0.0,0.0,0.0,0.0,0.0,0.0,0.0,0.004200548,0.016867734,0.031311154,0.05,0.0,0.95,0.81,0.05,0.06,0.12,0.7750616,1.0,1.0,0.09318059,0.0,0.0017888993,0.0,0.0,0.08059245,0.0
0.0,0.0,0.029411765,0.1,0.0,0.0,0.0,0.0,0.0,0.0,0.0,0.0,0.0,0.0,0.0,0.0,0.0,0.0,0.0,0.0,0.0,0.0,0.023418069,0.009784736,1.0,1.0,0.0,0.0,0.03,0.09,0.0,0.7739806,1.0,1.0,0.087417625,0.0,0.0,0.0,0.0,0.08849776,0.0
0.0,0.0,0.029411765,0.2,0.0,0.0,0.0,0.0,0.0,0.0,0.0,0.0,0.0,0.0,0.0,0.0,0.0,0.0,0.0,0.0,0.0,0.0034196377,0.016791724,0.025440313,0.0,0.0,1.0,1.0,0.05,0.06,0.0,0.7732519,1.0,1.0,0.092737816,0.0,0.002069965,0.0,0.0,0.07980615,0.0
0.0,0.0,0.029411765,0.2,0.0,0.0,0.0,0.0,0.0,0.0,0.0,0.0,0.0,0.0,0.0,0.0,0.0,0.0,0.0,0.0,0.0,0.0,0.017433137,0.009784736,0.0,0.0,1.0,1.0,0.04,0.06,0.0,0.7633543,1.0,1.0,0.08941635,0.0,0.0027531087,0.0,0.0,0.076876014,0.0
0.03591787,0.0,0.04411765,0.3,0.001155006,0.0,0.0,0.0,0.0,0.023771644,0.0,0.0,0.0,0.0,0.0,0.0,0.0011214837,0.006418824,0.0,0.0,0.0,0.0431827,0.009920612,0.021526419,0.0,0.0,1.0,1.0,1.0,0.0,0.0,0.8263482,1.0,1.0,0.11223274,0.0,0.009387925,0.0,0.0,0.077726424,0.0
0.0,0.0,0.13235295,0.8,0.0,3.2691223e-05,0.0,0.0,0.0,0.0,0.0,0.0,0.0,0.0,0.0,0.0,0.0,0.0,0.0,0.0,0.0,0.0,0.020673104,0.0019569471,1.0,1.0,0.0,0.0,1.0,0.0,0.0,0.7176342,1.0,1.0,0.07389673,0.0,0.003013119,0.0,0.0,0.07355031,0.0
0.0,0.0,0.20588236,0.2,0.0,0.0,0.0,0.0,0.0,0.0,0.0,0.0,0.0,0.0,0.0,0.0,0.0,0.0,0.0,0.0,0.0,0.0032634437,0.016806781,0.025440313,0.0,0.0,1.0,1.0,0.05,0.07,0.0,0.7729199,1.0,1.0,0.09262832,0.0,0.0021193027,0.0,0.0,0.079669595,0.0
0.12955038,0.0,0.13235295,0.0,0.0,3.2691223e-05,0.0,0.0,0.0,0.0,0.0,0.0,0.0,0.0,0.0,0.0,0.0,0.0,0.0,0.0,0.0,0.0,0.018023945,0.0019569471,0.0,0.0,0.0,0.0,1.0,0.0,0.0,0.76395106,1.0,1.0,0.08851155,0.0,0.0034454316,0.0,0.0,0.0820823,0.0
0.0,0.0,0.029411765,0.2,0.0,0.0,0.0,0.0,0.0,0.0,0.0,0.0,0.0,0.0,0.0,0.0,0.0,0.0,0.0,0.0,0.0,0.0,0.017115392,0.0058708414,0.0,0.0,1.0,1.0,0.01,0.08,0.0,0.76641047,1.0,1.0,0.0906088,0.0,0.002226472,0.0,0.0,0.07828903,0.0
0.0,0.0,0.20588236,0.2,0.0,0.0,0.0,0.0,0.0,0.0,0.0,0.0,0.0,0.0,0.0,0.0,0.0,0.0,0.0,0.0,0.0,0.005061686,0.016610503,0.03522505,0.0,0.0,1.0,1.0,0.06,0.06,0.0,0.77613914,1.0,1.0,0.09369289,0.0,0.0019586831,0.0,0.0,0.08044216,0.0
0.0,0.0,0.029411765,0.2,0.0,0.0,0.0,0.0,0.0,0.0,0.0,0.0,0.0,0.0,0.0,0.0,0.0,0.0,0.0,0.0,0.0,0.0056890845,0.016602091,0.03522505,0.0,0.0,1.0,1.0,0.06,0.06,0.0,0.7772893,1.0,1.0,0.0940057,0.0,0.0019000769,0.0,0.0,0.080818295,0.0
0.0,0.0,0.029411765,0.2,0.0,0.0,0.0,0.0,0.0,0.0,0.0,0.0,0.0,0.0,0.0,0.0,0.0,0.0,0.0,0.0,0.0,0.0055105686,0.016619258,0.03522505,0.0,0.0,1.0,1.0,0.07,0.06,0.0,0.7769098,1.0,1.0,0.09388056,0.0,0.0019564629,0.0,0.0,0.08066219,0.0
0.0,0.0,0.029411765,0.2,0.0,0.0,0.0,0.0,0.0,0.0,0.0,0.0,0.0,0.0,0.0,0.0,0.0,0.0,0.0,0.0,0.0,0.0,0.017086662,0.0039138943,0.0,0.0,1.0,1.0,0.01,0.06,0.0,0.7663655,1.0,1.0,0.09065276,0.0,0.0020948201,0.0,0.0,0.07839218,0.0
0.0,0.0,0.029411765,0.2,0.0,0.0,0.0,0.0,0.0,0.0,0.0,0.0,0.0,0.0,0.0,0.0,0.0,0.0,0.0,0.0,0.0,0.0,0.01723168,0.011741683,0.0,0.0,1.0,1.0,0.05,0.06,0.0,0.7636075,1.0,1.0,0.08965673,0.0,0.0028709322,0.0,0.0,0.07679966,0.0
0.0,0.0,0.04411765,0.3,0.0008681168,0.0061771553,0.0,0.0,0.0,0.0,0.0,0.0,0.0,0.0,0.0,0.0,0.0,0.0,0.0,0.0,0.0,0.0,0.0114029795,0.011741683,0.0,0.0,0.17,0.17,1.0,0.0,0.0,0.74322224,1.0,1.0,0.088926785,0.0,0.00975363,0.0,0.0,0.06322786,0.0
0.03622975,0.0,0.04411765,0.3,0.001155006,0.0,0.0,0.0,0.0,0.032516003,0.0,0.0,0.0,0.0,0.0,0.0,0.002138473,0.013998419,0.0,0.0,0.0,0.05297166,0.009634025,0.015655577,0.0,0.0,1.0,1.0,1.0,0.0,0.0,0.8432158,1.0,1.0,0.116947286,0.0,0.009340465,0.0,0.0,0.080589235,0.0
0.0,0.0,0.45588234,0.1,0.0,0.0,0.0,0.0,0.0,0.0,0.0,0.0,0.0,0.0,0.0,0.0,0.0,0.0,0.0,0.0,0.0,0.0,0.022991419,0.039138943,1.0,1.0,0.0,0.0,0.08,0.05,0.0,0.7824683,1.0,1.0,0.090101235,0.0,0.0,0.0,0.0,0.090529114,0.0
0.0,0.0,0.029411765,0.2,0.0,0.0,0.0,0.0,0.0,0.0,0.0,0.0,0.0,0.0,0.0,0.0,0.0,0.0,0.0,0.0,0.0,0.0010115504,0.016952634,0.01369863,0.0,0.0,1.0,1.0,0.03,0.06,0.0,0.76916957,1.0,1.0,0.091513954,0.0,0.0021081865,0.0,0.0,0.07889709,0.0
0.0,0.0,0.2647059,0.2,0.0,0.0,0.0,0.0,0.0,0.0,0.0,0.0,0.0,0.0,0.0,0.0,0.0,0.0,0.0,0.0,0.0,3.4749508e-05,0.017088987,0.007827789,0.0,0.0,1.0,1.0,0.02,0.07,0.0,0.7673358,1.0,1.0,0.09087064,0.0,0.0022648573,0.0,0.0,0.07838246,0.0
0.0,0.0,0.029411765,0.1,0.0,0.0,0.0,0.0,0.0,0.0,0.0,0.0,0.0,0.0,0.0,0.0,0.0,0.0,0.0,0.0,0.0,0.0,0.023594625,0.017612524,1.0,1.0,0.0,0.0,0.07,0.07,0.0,0.77192354,1.0,1.0,0.08661286,0.0,0.0,0.0,0.0,0.087516725,0.0
0.0,0.0,0.13235295,0.1,0.0,0.0,0.0,0.0,0.0,0.0015757382,0.0,0.0,0.0,0.0,0.0,0.0,0.0,0.0,0.0,0.0,0.0,0.004769355,0.02291599,0.01369863,1.0,1.0,0.0,0.0,0.16,0.09,0.0,0.7877842,1.0,1.0,0.09118234,0.0,0.0,0.0,0.0,0.08999878,0.0
0.0,0.0,0.04411765,0.0,0.0008681168,0.0061771553,0.0,0.0,0.0,0.0,0.0,0.0,0.0,0.0,0.0,0.0,0.0,0.0,0.0,0.0,0.0,0.004663646,0.010922484,0.009784736,0.0,0.0,0.0,0.0,1.0,0.0,0.0,0.75974476,1.0,1.0,0.09374363,0.0,0.009755194,0.0,0.0,0.06567651,0.0
0.0,1.0,0.36764705,0.0,1.6044403e-05,0.0,0.0,0.0,0.0,0.0,0.0,0.0,0.0,0.0,0.0,0.0,0.0,0.0,0.0,0.0,0.0,0.011472523,0.014218584,0.1369863,0.0,0.0,0.0,0.0,1.0,0.0,0.0,0.77666533,1.0,1.0,0.095840625,0.0,0.0048724115,0.0,0.0,0.08232081,0.0
0.0,0.0,0.029411765,0.2,0.0,0.0,0.0,0.0,0.0,0.0,0.0,0.0,0.0,0.0,0.0,0.0,0.0,0.0,0.0,0.0,0.0,0.0,0.01709263,0.011741683,0.0,0.0,1.0,1.0,0.03,0.08,0.0,0.76669073,1.0,1.0,0.09067335,0.0,0.0024128854,0.0,0.0,0.07806772,0.0
0.0,0.0,0.45588234,0.2,0.0,0.0,0.0,0.0,0.0,0.0,0.0,0.0,0.0,0.0,0.0,0.0,0.0,0.0,0.0,0.0,0.0,0.0018047392,0.016922995,0.03522505,0.0,0.0,1.0,1.0,0.13,0.05,0.0,0.7692138,1.0,1.0,0.09140929,0.0,0.002987519,0.0,0.0,0.07759386,0.0
0.013947847,0.0,0.04411765,0.3,0.0011852484,7.4298237e-07,0.0,0.0,0.0,0.051369965,0.0,0.0,0.0,0.0,0.0,0.0024691075,0.0045570657,0.029992223,0.0,0.0,0.0,0.073931485,0.008778781,0.08219178,0.02,0.02,0.98,0.98,1.0,0.0,0.0,0.87920284,1.0,1.0,0.1272484,0.0,0.0091566,0.0,0.0,0.087049305,0.0
0.0,0.0,0.029411765,0.1,0.0,0.0,0.0,0.0,0.0,0.0,0.0,0.0,0.0,0.0,0.0,0.0,0.0,0.0,0.0,0.0,0.0,0.0,0.023485593,0.0058708414,1.0,1.0,0.0,0.0,0.02,0.1,0.0,0.772895,1.0,1.0,0.087054126,0.0,0.0,0.0,0.0,0.08822632,0.0
0.0,0.0,0.04411765,0.1,0.0,0.0,0.0,0.0,0.0,0.024195433,0.0,0.0,0.0,0.0,0.0,0.0,0.0,0.002356112,0.0,0.0,0.0,0.039405674,0.014184251,0.025440313,1.0,1.0,0.0,0.0,1.0,0.0,0.0,0.82806003,1.0,1.0,0.108941145,0.0,0.005518958,0.0,0.0,0.08641815,0.0
0.0,0.0,0.14705883,0.1,0.0,0.0,1.0,0.0,0.0,0.0,0.0,0.0,0.00371781,0.0,0.0,0.0,0.0,0.0,0.009380737,0.0,0.0,0.0,0.054111816,0.0019569471,1.0,1.0,0.0,0.0,1.0,0.0,0.0,0.55184615,0.8093034,0.8601525,0.0,0.0,0.013589904,0.0,0.0,0.056916595,0.0
1.7326518e-05,0.0,0.22058824,0.0,4.1368454e-05,0.00021769383,0.0,0.0,0.0,0.0,0.0,0.0,0.0,0.0,0.0,0.0,0.0,0.0,0.0,0.0,0.0,0.0022345781,0.012462854,0.0058708414,0.0,0.0,0.0,0.0,1.0,0.0,0.0,0.75689197,1.0,1.0,0.091447674,0.0,0.008390233,0.0,0.0,0.07253778,0.0
0.13958243,0.0,0.13235295,0.0,0.0,1.1144735e-05,0.0,0.0,0.0,0.0,0.0,0.0,0.0,0.0,0.0,0.0,0.0,0.0,0.0,0.0,0.0,0.0,0.03309349,0.0019569471,0.0,0.0,0.0,0.0,1.0,0.0,0.0,0.6435623,0.9283728,1.0,0.040506117,0.0,0.00909777,0.0,0.0,0.061400443,0.0
0.0,0.0,0.29411766,0.2,0.0,0.0,0.0,0.0,0.0,0.0,0.0,0.0,0.0,0.0,0.0,0.0,0.0,0.0,0.0,0.0,0.0,0.003283769,0.016814567,0.023483366,0.0,0.0,1.0,1.0,0.05,0.06,0.0,0.77302897,1.0,1.0,0.092656635,0.0,0.0020769835,0.0,0.0,0.07973912,0.0
0.0,0.0,0.029411765,0.2,0.0,0.0,0.0,0.0,0.0,0.0,0.0,0.0,0.0,0.0,0.0,0.0,0.0,0.0,0.0,0.0,0.0,4.3660402e-05,0.017021246,0.031311154,0.0,0.0,1.0,1.0,0.14,0.06,0.0,0.7660141,1.0,1.0,0.09045627,0.0,0.0031487346,0.0,0.0,0.07668665,0.0
0.0,0.0,0.3970588,0.1,0.0,0.0,0.0,0.0,0.0,0.0,0.0,0.0,0.0,0.0,0.0,0.0,0.0,0.0,0.0,0.0,0.0,0.0,0.023205146,0.01369863,1.0,1.0,0.0,0.0,0.03,0.07,0.0,0.77703977,1.0,1.0,0.08849602,0.0,0.0,0.0,0.0,0.0894804,0.0
0.0,0.0,0.029411765,0.2,0.0,0.0,0.0,0.0,0.0,0.0,0.0,0.0,0.0,0.0,0.0,0.0,0.0,0.0,0.0,0.0,0.0,0.0021034777,0.016918644,0.017612524,0.0,0.0,1.0,1.0,0.04,0.07,0.0,0.7709464,1.0,1.0,0.09199769,0.0,0.0021583885,0.0,0.0,0.07921907,0.0
0.0,0.0,0.04411765,0.1,0.0,0.0,0.0,0.0,0.0,0.056506544,0.0,0.0,0.0,0.0,0.0,0.0,0.00260745,0.025811315,0.0,0.0,0.0,0.071902215,0.015462719,0.15851273,1.0,1.0,0.0,0.0,1.0,0.0,0.0,0.8896977,1.0,1.0,0.124235444,0.0,0.0021696389,0.0,0.0,0.10437566,0.0
0.0,0.0,0.029411765,0.2,0.0,0.0,0.0,0.0,0.0,0.0,0.0,0.0,0.0,0.0,0.0,0.0,0.0,0.0,0.0,0.0,0.0,0.0,0.017145999,0.015655577,0.0,0.0,1.0,1.0,0.06,0.06,0.0,0.7646017,1.0,1.0,0.09001542,0.0,0.002812907,0.0,0.0,0.076993674,0.0
0.0,0.0,0.029411765,0.1,0.0,0.0,0.0,0.0,0.0,0.0,0.0,0.0,0.0,0.0,0.0,0.0,0.0,0.0,0.0,0.0,0.0,0.0,0.023577303,0.015655577,1.0,1.0,0.0,0.0,0.06,0.06,0.0,0.7713456,1.0,1.0,0.08649745,0.0,0.0,0.0,0.0,0.08751622,0.0
0.0,0.0,0.029411765,0.2,0.0,0.0,0.0,0.0,0.0,0.0,0.0,0.0,0.0,0.0,0.0,0.0,0.0,0.0,0.0,0.0,0.0,0.0010037422,0.016990103,0.037181996,0.0,0.0,1.0,1.0,0.2,0.06,0.0,0.7674445,1.0,1.0,0.09083357,0.0,0.003276512,0.0,0.0,0.076841444,0.0
0.0,0.0,0.5147059,0.1,0.0,0.0,0.0,0.0,0.0,0.0,0.0,0.0,0.0,0.0,0.0,0.0,0.0,0.0,0.0,0.0,0.0,0.0,0.023713425,0.0058708414,1.0,1.0,0.0,0.0,0.07,0.2,0.0,0.77462256,1.0,1.0,0.08713993,0.0,0.0,0.0,0.0,0.08808562,0.0
0.01557654,0.0,0.04411765,0.3,0.0008872809,0.0,0.0,0.0,0.0,0.044339687,0.0,0.0,0.0,0.0,0.0,0.0005573034,0.003775701,0.02421984,0.0,0.0,0.0,0.06618893,0.008978479,0.06262231,0.06,0.06,0.94,0.94,1.0,0.0,0.0,0.8657793,1.0,1.0,0.12352239,0.0,0.009296685,0.0,0.0,0.084332675,0.0
0.015663173,0.0,0.04411765,0.3,0.000876139,0.0,0.0,0.0,0.0,0.013198793,0.0,0.0,0.0,0.0,0.0,0.0,0.00029104203,0.0,0.0,0.0,0.0,0.031269073,0.009910949,0.13894325,0.01,0.01,0.97,0.97,1.0,0.0,0.0,0.80561197,1.0,1.0,0.10680447,0.0,0.009427384,0.0,0.0,0.07412258,0.0
0.0139825,0.0,0.04411765,0.3,0.0008993779,0.0,0.0,0.0,0.0,0.0117589235,0.0,0.0,0.0,0.0,0.0,0.0,6.1139464e-05,0.0,0.0,0.0,0.0,0.029672325,0.010007128,0.113502935,0.0,0.0,1.0,1.0,1.0,0.0,0.0,0.80288553,1.0,1.0,0.1059893,0.0,0.009444892,0.0,0.0,0.07366145,0.0
0.13206272,0.0,0.13235295,0.0,0.0,3.2691223e-05,0.0,0.0,0.0,0.0,0.0,0.0,0.0,0.0,0.0,0.0,0.0,0.0,0.0,0.0,0.0,0.0,0.01927723,0.0019569471,0.0,0.0,0.0,0.0,1.0,0.0,0.0,0.7502531,1.0,1.0,0.083861016,0.0,0.0024981797,0.0,0.0,0.08089048,0.0
0.0,0.0,0.029411765,0.1,0.0,0.0,0.0,0.0,0.0,0.0,0.0,0.0,0.0,0.0,0.0,0.0,0.0,0.0,0.0,0.0,0.0,0.0,0.023309767,0.02739726,1.0,1.0,0.0,0.0,0.08,0.08,0.0,0.7776406,1.0,1.0,0.08844166,0.0,0.0,0.0,0.0,0.08914876,0.0
0.0,0.0,0.029411765,0.1,0.0,0.0,0.0,0.0,0.0,0.0,0.0,0.0,0.0,0.0,0.0,0.0,0.0,0.0,0.0,0.0,0.0,0.0,0.023363426,0.0039138943,1.0,1.0,0.0,0.0,0.01,0.07,0.0,0.7733904,1.0,1.0,0.08737191,0.0,0.0,0.0,0.0,0.08860317,0.0
0.0,0.0,0.029411765,0.2,0.0,0.0,0.0,0.0,0.0,0.0,0.0,0.0,0.0,0.0,0.0,0.0,0.0,0.0,0.0,0.0,0.0,0.00022760034,0.017107837,0.023483366,0.0,0.0,1.0,1.0,0.11,0.07,0.0,0.76653063,1.0,1.0,0.09051374,0.0,0.003042385,0.0,0.0,0.07706639,0.0
0.0,0.0,0.47058824,0.2,0.0,0.0,0.0,0.0,0.0,0.0,0.0,0.0,0.0,0.0,0.0,0.0,0.0,0.0,0.0,0.0,0.0,0.0032208562,0.016801067,0.02739726,0.0,0.0,1.0,1.0,0.06,0.07,0.0,0.7727634,1.0,1.0,0.092584394,0.0,0.0021686256,0.0,0.0,0.079580545,0.0
0.0,1.0,0.36764705,0.0,1.6044403e-05,0.0,0.0,0.0,0.0,0.0041238368,0.0,0.0,0.0,0.0,0.0,0.0,0.0,0.0,0.0,0.0,0.0,0.016184181,0.014809571,0.6262231,0.0,0.0,0.0,0.0,1.0,0.0,0.0,0.78654945,1.0,1.0,0.09794941,0.0,0.0037714243,0.0,0.0,0.08698377,0.0
0.0,0.0,0.029411765,0.2,0.0,0.0,0.0,0.0,0.0,0.0,0.0,0.0,0.0,0.0,0.0,0.0,0.0,0.0,0.0,0.0,0.0,0.0,0.017203249,0.0019569471,0.0,0.0,1.0,1.0,0.01,0.07,0.0,0.76536894,1.0,1.0,0.090234436,0.0,0.002291575,0.0,0.0,0.07807547,0.0
0.0,0.0,0.029411765,0.2,0.0,0.0,0.0,0.0,0.0,0.0,0.0,0.0,0.0,0.0,0.0,0.0,0.0,0.0,0.0,0.0,0.0,0.005867481,0.016584985,0.03522505,0.0,0.0,1.0,1.0,0.06,0.06,0.0,0.77766883,1.0,1.0,0.09413079,0.0,0.0018437058,0.0,0.0,0.08097437,0.0
0.0,0.0,0.029411765,0.2,0.0,0.0,0.0,0.0,0.0,0.0,0.0,0.0,0.0,0.0,0.0,0.0,0.0,0.0,0.0,0.0,0.0,0.0,0.017083175,0.009784736,0.0,0.0,1.0,1.0,0.02,0.07,0.0,0.7662189,1.0,1.0,0.09057652,0.0,0.0023446232,0.0,0.0,0.07799533,0.0
0.0,0.0,0.61764705,0.2,0.0,0.0,0.0,0.0,0.0,0.0,0.0,0.0,0.0,0.0,0.0,0.0,0.0,0.0,0.0,0.0,0.0,0.0006816387,0.017026931,0.007827789,0.0,0.0,1.0,1.0,0.02,0.07,0.0,0.76871145,1.0,1.0,0.09132422,0.0,0.002060458,0.0,0.0,0.07894829,0.0
1.7326518e-05,0.0,0.22058824,0.0,4.1368454e-05,0.00021769383,0.0,0.0,0.0,0.0,0.0,0.0,0.0,0.0,0.0,0.0,0.0,0.0,0.0,0.0,0.0,0.002237469,0.012218304,0.0058708414,0.0,0.0,0.0,0.0,1.0,0.0,0.0,0.75614846,1.0,1.0,0.09143447,0.0,0.008827433,0.0,0.0,0.07150754,0.0
0.0,0.0,0.029411765,0.1,0.0,0.0,0.0,0.0,0.0,0.0,0.0,0.0,0.0,0.0,0.0,0.0,0.0,0.0,0.0,0.0,0.0,0.0,0.023551881,0.017612524,1.0,1.0,0.0,0.0,0.07,0.07,0.0,0.773106,1.0,1.0,0.08697369,0.0,0.0,0.0,0.0,0.08784747,0.0
0.0,0.0,0.029411765,0.2,0.0,0.0,0.0,0.0,0.0,0.0,0.0,0.0,0.0,0.0,0.0,0.0,0.0,0.0,0.0,0.0,0.0,0.0,0.017341211,0.007827789,0.0,0.0,1.0,1.0,0.04,0.06,0.0,0.7598177,1.0,1.0,0.08852459,0.0,0.0031572282,0.0,0.0,0.075484276,0.0
1.7326518e-05,0.0,0.22058824,0.0,4.1368454e-05,0.00021769383,0.0,0.0,0.0,0.0,0.0,0.0,0.0,0.0,0.0,0.0,0.0,0.0,0.0,0.0,0.0,0.0028267205,0.0109882355,0.0058708414,0.0,0.0,0.0,0.0,1.0,0.0,0.67,0.7566657,1.0,1.0,0.09285917,0.0,0.009692028,0.0,0.0,0.06551969,0.0
0.0,0.0,0.029411765,0.2,0.0,0.0,0.0,0.0,0.0,0.0,0.0,0.0,0.0,0.0,0.0,0.0,0.0,0.0,0.0,0.0,0.0,0.0013140142,0.01697009,0.03522505,0.0,0.0,1.0,1.0,0.16,0.08,0.0,0.76817036,1.0,1.0,0.09106519,0.0,0.0031425655,0.0,0.0,0.07716471,0.0
0.0,1.0,0.36764705,0.0,1.6426413e-05,0.0,0.0,0.0,0.0,0.0,0.0,0.0,0.0,0.0,0.0,0.0,0.0,0.0,0.0,0.0,0.0,0.0,0.02572316,1.0,0.0,0.0,0.0,0.0,1.0,0.0,0.0,0.6809039,0.9760776,1.0,0.059573106,0.0,0.0022400916,0.0,0.0,0.06729475,0.0
0.0,0.0,0.61764705,0.2,0.0,0.0,0.0,0.0,0.0,0.0,0.0,0.0,0.0,0.0,0.0,0.0,0.0,0.0,0.0,0.0,0.0,0.0,0.017160267,0.0019569471,0.0,0.0,1.0,1.0,0.0,0.07,0.0,0.765357,1.0,1.0,0.090297036,0.0,0.0021811128,0.0,0.0,0.07816753,0.0
0.0,0.0,0.13235295,0.5,0.0,0.0,0.0,0.0,0.0,0.0,0.0,0.0,0.0,0.0,0.0,0.0,0.0,0.0,0.0,0.0,0.0,0.0,0.017168194,0.0039138943,0.0,0.0,1.0,1.0,0.01,0.07,0.0,0.76552343,1.0,1.0,0.0903086,0.0,0.002332151,0.0,0.0,0.0779489,0.0
0.0,0.0,0.029411765,0.2,0.0,0.0,0.0,0.0,0.0,0.0,0.0,0.0,0.0,0.0,0.0,0.0,0.0,0.0,0.0,0.0,0.0,0.003834039,0.016667299,0.029354207,0.0,0.0,1.0,1.0,0.05,0.06,0.0,0.77413964,1.0,1.0,0.09312797,0.0,0.0019155294,0.0,0.0,0.0800533,0.0
0.0,0.0,0.04411765,0.1,0.0,0.0,0.0,0.0,0.0,0.05601284,0.0,0.0,0.0,0.0,0.0,0.0,0.0024849474,0.025079966,0.0,0.0,0.0,0.07111034,0.015663788,0.17025441,1.0,1.0,0.0,0.0,1.0,0.0,0.0,0.888726,1.0,1.0,0.12380587,0.0,0.001960218,0.0,0.0,0.10472044,0.0
0.0,0.0,0.029411765,0.2,0.0,0.0,0.0,0.0,0.0,0.0,0.0,0.0,0.0,0.0,0.0,0.0,0.0,0.0,0.0,0.0,0.0,0.0036610067,0.0167875,0.029354207,0.0,0.0,1.0,1.0,0.07,0.06,0.0,0.7734041,1.0,1.0,0.092752405,0.0,0.0022492707,0.0,0.0,0.07955688,0.0
0.0,0.0,0.029411765,0.2,0.0,0.0,0.0,0.0,0.0,0.0,0.0,0.0,0.0,0.0,0.0,0.0,0.0,0.0,0.0,0.0,0.0,0.0018369257,0.016873486,0.01369863,0.0,0.0,1.0,1.0,0.02,0.06,0.0,0.77092457,1.0,1.0,0.092092656,0.0,0.0018474013,0.0,0.0,0.07961899,0.0
0.0,1.0,0.36764705,0.0,1.6426413e-05,0.0,0.0,0.0,0.0,0.0,0.0,0.0,0.0,0.0,0.0,0.0,0.0,0.0,0.0,0.0,0.0,0.0,0.0258032,1.0,0.0,0.0,0.0,0.0,1.0,0.0,0.0,0.6818019,0.97801983,1.0,0.059843563,0.0,0.0033667088,0.0,0.0,0.06401919,0.0
0.0,0.0,0.30882353,0.2,0.0,0.0,0.0,0.0,0.0,0.0,0.0,0.0,0.0,0.0,0.0,0.0,0.0,0.0,0.0,0.0,0.0,0.0027970374,0.016841665,0.02739726,0.0,0.0,1.0,1.0,0.06,0.06,0.0,0.77186215,1.0,1.0,0.092287265,0.0,0.002302587,0.0,0.0,0.079209775,0.0
0.0,0.0,0.13235295,0.1,0.0,0.0,0.0,0.0,0.0,0.061202377,0.0,0.0,0.0,0.0,0.0,0.0,0.0028144568,0.026662737,0.0,0.0,0.0,0.071863025,0.019517206,0.25636008,1.0,1.0,0.0,0.0,1.0,0.0,0.0,0.8998829,1.0,1.0,0.123599865,0.0,0.0,0.0,0.0,0.11328778,0.0
0.0,0.0,0.04411765,0.1,0.0,0.0,0.0,0.0,0.0,0.032690614,0.0,0.0,0.0,0.0,0.0,0.0,0.0014085025,0.01155442,0.0,0.0,0.0,0.049636096,0.012848735,0.09784736,0.1,0.1,0.9,0.9,1.0,0.0,0.0,0.84447765,1.0,1.0,0.114556514,0.0,0.006164506,0.0,0.0,0.086298645,0.0
0.0,0.0,0.14705883,0.1,0.0,0.0,0.0,0.0,0.0,0.0060923696,0.0,0.0,0.0,0.0,0.0,0.0,0.0,0.0,0.0,0.0,0.0,0.009958625,0.022705548,0.029354207,1.0,1.0,0.0,0.0,0.5,0.07,0.0,0.79635525,1.0,1.0,0.09360375,0.0,0.0,0.0,0.0,0.09172124,0.0
0.017603742,0.0,0.04411765,0.3,0.0008872809,0.0,0.0,0.0,0.0,0.059268802,0.0,0.0,0.0,0.0,0.0,0.0042007416,0.0050681233,0.035793215,0.0,0.0,0.0,0.082359135,0.008927055,0.07436399,0.37,0.37,0.61,0.61,1.0,0.0,0.0,0.89425516,1.0,1.0,0.13106617,0.0,0.008740783,0.0,0.0,0.09116945,0.0
0.0,0.0,0.7647059,0.1,0.0,0.0,0.0,0.0,0.0,0.0,0.0,0.0,0.0,0.0,0.0,0.0,0.0,0.0,0.0,0.0,0.0,0.0,0.023784243,0.0039138943,1.0,1.0,0.0,0.0,0.02,0.06,0.0,0.7664747,1.0,1.0,0.08500164,0.0,0.0,0.0,0.0,0.086301565,0.0
0.0,0.0,0.029411765,0.1,0.0,0.0,0.0,0.0,0.0,0.0,0.0,0.0,0.0,0.0,0.0,0.0,0.0,0.0,0.0,0.0,0.0,0.0,0.0234138,0.0058708414,1.0,1.0,0.0,0.0,0.01,0.06,0.0,0.7726644,1.0,1.0,0.087105624,0.0,0.0,0.0,0.0,0.088334054,0.0
0.0,0.0,0.029411765,0.2,0.0,0.0,0.0,0.0,0.0,0.0,0.0,0.0,0.0,0.0,0.0,0.0,0.0,0.0,0.0,0.0,0.0,0.0013343096,0.016977914,0.0332681,0.0,0.0,1.0,1.0,0.14,0.08,0.0,0.7682793,1.0,1.0,0.09109344,0.0,0.003100291,0.0,0.0,0.07723424,0.0
0.0,0.0,0.7647059,0.1,0.0,0.0,0.0,0.0,0.0,0.0,0.0,0.0,0.0,0.0,0.0,0.0,0.0,0.0,0.0,0.0,0.0,0.0,0.023568586,0.023483366,1.0,1.0,0.0,0.0,0.1,0.06,0.0,0.77240396,1.0,1.0,0.08675384,0.0,0.0,0.0,0.0,0.08756262,0.0
1.7326518e-05,0.0,0.22058824,0.0,4.1368454e-05,0.00021769383,0.0,0.0,0.0,0.0,0.0,0.0,0.0,0.0,0.0,0.0,0.0,0.0,0.0,0.0,0.0,0.0,0.01332017,0.0039138943,0.0,0.0,0.0,0.0,1.0,0.0,0.0,0.7529782,1.0,1.0,0.08976071,0.0,0.0074020326,0.0,0.0,0.0730893,0.0
0.0,0.0,0.029411765,0.2,0.0,0.0,0.0,0.0,0.0,0.0,0.0,0.0,0.0,0.0,0.0,0.0,0.0,0.0,0.0,0.0,0.0,0.0014032722,0.016961507,0.03522505,0.0,0.0,1.0,1.0,0.15,0.07,0.0,0.76836,1.0,1.0,0.09112776,0.0,0.0031144172,0.0,0.0,0.0772427,0.0
0.0,1.0,0.36764705,0.0,8.08587e-06,0.0,0.0,0.0,0.0,0.0,0.0,0.0,0.0,0.0,0.0,0.0,0.0,0.0,0.0,0.0,0.0,0.0,0.021982297,1.0,0.0,0.0,0.0,0.0,1.0,0.0,0.0,0.7052164,1.0,1.0,0.07006883,0.0,0.001158312,0.0,0.0,0.068137914,0.0
0.0,0.0,0.13235295,0.8,0.0,3.2691223e-05,0.0,0.0,0.0,0.0,0.0,0.0,0.0,0.0,0.0,0.0,0.0,0.0,0.0,0.0,0.0,0.0,0.031008407,0.0019569471,1.0,1.0,0.0,0.0,1.0,0.0,0.0,0.6527976,0.9401735,1.0,0.045270555,0.0,0.008142307,0.0,0.0,0.06264001,0.0
0.0,0.0,0.04411765,0.0,0.0008681168,0.0061771553,0.0,0.0,0.0,0.0,0.0,0.0,0.0,0.0,0.0,0.0,0.0,0.0,0.0,0.0,0.0,0.009781063,0.010620341,0.011741683,0.0,0.0,0.0,0.0,1.0,0.0,0.33,0.7685255,1.0,1.0,0.09635358,0.0,0.00976871,0.0,0.0,0.066791505,0.0
0.0,0.0,0.04411765,0.0,0.0008681168,0.0061771553,0.0,0.0,0.0,0.0,0.0,0.0,0.0,0.0,0.0,0.0,0.0,0.0,0.0,0.0,0.0,0.007190734,0.01067321,0.072407044,0.0,0.0,0.0,0.0,1.0,0.0,0.05,0.763993,1.0,1.0,0.09510969,0.0,0.009835571,0.0,0.0,0.06581959,0.0
0.0,0.0,0.13235295,0.1,0.0,0.0,0.0,0.0,0.0,0.060565084,0.0,0.0,0.0,0.0,0.0,0.0,0.0025485158,0.026268065,0.0,0.0,0.0,0.07130885,0.01963988,0.20939335,1.0,1.0,0.0,0.0,1.0,0.0,0.0,0.8988384,1.0,1.0,0.123185866,0.0,0.0,0.0,0.0,0.112932056,0.0
0.0,0.0,0.029411765,0.1,0.0,0.0,0.0,0.0,0.0,0.0,0.0,0.0,0.0,0.0,0.0,0.0,0.0,0.0,0.0,0.0,0.0,0.0,0.023407497,0.015655577,1.0,1.0,0.0,0.0,0.05,0.09,0.0,0.7754569,1.0,1.0,0.08778428,0.0,0.0,0.0,0.0,0.08871171,0.0
0.0,0.0,0.04411765,0.2,0.0,0.0,0.0,0.0,0.0,0.0,0.0,0.0,0.0,0.0,0.0,0.0,0.0,0.0,0.0,0.0,0.0,0.0,0.017185919,0.0019569471,0.0,0.0,1.0,1.0,0.0,0.07,0.0,0.7647879,1.0,1.0,0.09010937,0.0,0.002265647,0.0,0.0,0.07793346,0.0
0.0,0.0,0.029411765,0.1,0.0,0.0,0.0,0.0,0.0,0.0,0.0,0.0,0.0,0.0,0.0,0.0,0.0,0.0,0.0,0.0,0.0,0.0,0.021504626,0.019569471,0.72,0.9,0.28,0.1,0.09,0.07,0.0,0.76184714,1.0,1.0,0.08569699,0.0,0.0,0.0,0.0,0.081985176,0.0
0.013947847,0.0,0.04411765,0.3,0.0008872809,7.4298237e-07,0.0,0.0,0.0,0.045105577,0.0,0.0,0.0,0.0,0.0,0.00071388483,0.0038125739,0.024723917,0.0,0.0,0.0,0.06698975,0.008992843,0.06066536,0.0,0.0,1.0,1.0,1.0,0.0,0.0,0.8672091,1.0,1.0,0.12388248,0.0,0.009246245,0.0,0.0,0.08480629,0.0
0.0,0.0,0.04411765,0.1,0.0,0.0,0.0,0.0,0.0,0.056839228,0.0,0.0,0.0,0.0,0.0,0.0,0.0016703159,0.023570895,0.0,0.0,0.0,0.06915963,0.018494599,0.12133072,1.0,1.0,0.0,0.0,1.0,0.0,0.0,0.89121795,1.0,1.0,0.12201851,0.0,0.0,0.0,0.0,0.10988811,0.0
0.0,1.0,0.36764705,0.0,1.6044403e-05,0.0,0.0,0.0,0.0,0.0058253407,0.0,0.0,0.0,0.0,0.0,0.0,0.0,0.0,0.0,0.0,0.0,0.017502397,0.014942996,0.7671233,0.0,0.0,0.0,0.0,1.0,0.0,0.0,0.7897898,1.0,1.0,0.098753,0.0,0.003283292,0.0,0.0,0.088002324,0.0
0.0,0.0,0.14705883,0.5,0.0,0.0,0.0,0.0,0.0,0.0061101317,0.0,0.0,0.0,0.0,0.0,0.0,0.0,0.0,0.0,0.0,0.0,0.017115355,0.015923947,0.037181996,0.0,0.0,1.0,1.0,0.27,0.06,0.0,0.79376006,1.0,1.0,0.09866647,0.0,0.003684178,0.0,0.0,0.08155343,0.0
0.13005285,0.0,0.13235295,0.0,0.0,3.2691223e-05,0.0,0.0,0.0,0.0,0.0,0.0,0.0,0.0,0.0,0.0,0.0,0.0,0.0,0.0,0.0,0.0,0.018750653,0.0019569471,0.0,0.0,0.0,0.0,1.0,0.0,0.0,0.7409228,1.0,1.0,0.08179387,0.0,0.003364399,0.0,0.0,0.07797739,0.0
0.0,0.0,0.7941176,0.2,0.0,0.0,0.0,0.0,0.0,0.0,0.0,0.0,0.0,0.0,0.0,0.0,0.0,0.0,0.0,0.0,0.0,0.0,0.017053328,0.031311154,0.0,0.0,1.0,1.0,0.16,0.07,0.0,0.76530254,1.0,1.0,0.090221666,0.0,0.0032543987,0.0,0.0,0.07639402,0.0
0.0,0.0,0.029411765,0.2,0.0,0.0,0.0,0.0,0.0,0.0,0.0,0.0,0.0,0.0,0.0,0.0,0.0,0.0,0.0,0.0,0.0,0.00081270933,0.016962565,0.007827789,0.0,0.0,1.0,1.0,0.01,0.06,0.0,0.769174,1.0,1.0,0.091543235,0.0,0.0018794984,0.0,0.0,0.079235464,0.0
0.0,0.0,0.029411765,0.1,0.0,0.0,0.0,0.0,0.0,0.0,0.0,0.0,0.0,0.0,0.0,0.0,0.0,0.0,0.0,0.0,0.0,0.00037145615,0.020488173,0.03522505,0.43,0.72,0.57,0.28,0.06,0.06,0.0,0.77800965,1.0,1.0,0.091016136,0.0,0.0,0.0,0.0,0.08646831,0.0
0.0,0.0,0.45588234,0.1,0.0,0.0,0.0,0.0,0.0,0.0,0.0,0.0,0.0,0.0,0.0,0.0,0.0,0.0,0.0,0.0,0.0,0.0,0.02329918,0.031311154,1.0,1.0,0.0,0.0,0.1,0.09,0.0,0.77915823,1.0,1.0,0.08882668,0.0,0.0,0.0,0.0,0.08938509,0.0
0.0,0.0,0.38235295,0.1,0.0,0.0,0.0,0.0,0.0,0.0,0.0,0.0,0.0,0.0,0.0,0.0,0.0,0.0,0.0,0.0,0.0,0.0,0.023227409,0.037181996,1.0,1.0,0.0,0.0,0.12,0.08,0.0,0.7808614,1.0,1.0,0.08934312,0.0,0.0,0.0,0.0,0.08977613,0.0
0.0,0.0,0.04411765,0.2,0.0,0.0,0.0,0.0,0.0,0.0027209818,0.0,0.0,0.0,0.0,0.0,0.0,0.0,0.0,0.0,0.0,0.0,0.013804406,0.016230568,0.015655577,0.0,0.0,1.0,1.0,0.62,0.23,0.0,0.787753,1.0,1.0,0.0967192,0.0,0.0040933043,0.0,0.0,0.0797503,0.0
0.0,0.0,0.029411765,0.2,0.0,0.0,0.0,0.0,0.0,0.0,0.0,0.0,0.0,0.0,0.0,0.0,0.0,0.0,0.0,0.0,0.0,0.0002617836,0.017048284,0.0039138943,0.0,0.0,1.0,1.0,0.01,0.06,0.0,0.7681798,1.0,1.0,0.09118449,0.0,0.0019375533,0.0,0.0,0.07904142,0.0
0.0,0.0,0.04411765,0.0,0.0008681168,0.0061771553,0.0,0.0,0.0,0.0,0.0,0.0,0.0,0.0,0.0,0.0,0.0,0.0,0.0,0.0,0.0,0.0065359473,0.010719471,0.0039138943,0.0,0.0,0.0,0.0,1.0,0.0,0.0,0.76292884,1.0,1.0,0.09478494,0.0,0.009803131,0.0,0.0,0.06575611,0.0
0.0,0.0,0.14705883,0.5,0.0,0.0,0.0,0.0,0.0,0.0,0.0,0.0,0.0,0.0,0.0,0.0,0.0,0.0,0.0,0.0,0.0,0.0050860047,0.016598351,0.037181996,0.0,0.0,1.0,1.0,0.07,0.06,0.0,0.77612495,1.0,1.0,0.09369596,0.0,0.001986906,0.0,0.0,0.08041164,0.0
0.0,0.0,0.029411765,0.2,0.0,0.0,0.0,0.0,0.0,0.0,0.0,0.0,0.0,0.0,0.0,0.0,0.0,0.0,0.0,0.0,0.0,0.0,0.017335676,0.0058708414,0.0,0.0,1.0,1.0,0.03,0.07,0.0,0.7605643,1.0,1.0,0.08874755,0.0,0.0029827803,0.0,0.0,0.0759815,0.0
0.0,1.0,0.36764705,0.0,1.6044403e-05,0.0,0.0,0.0,0.0,0.0014516413,0.0,0.0,0.0,0.0,0.0,0.0,0.0,0.0,0.0,0.0,0.0,0.013852596,0.014521591,0.38356164,0.0,0.0,0.0,0.0,1.0,0.0,0.0,0.78159153,1.0,1.0,0.09687584,0.0,0.0043415576,0.0,0.0,0.0847165,0.0
0.13275579,0.0,0.13235295,0.0,0.0,3.2691223e-05,0.0,0.0,0.0,0.0,0.0,0.0,0.0,0.0,0.0,0.0,0.0,0.0,0.0,0.0,0.0,0.0,0.019485049,0.0019569471,0.0,0.0,0.0,0.0,1.0,0.0,0.0,0.7542902,1.0,1.0,0.0847817,0.0,0.0021636337,0.0,0.0,0.08174583,0.0
0.0,0.0,0.029411765,0.2,0.0,0.0,0.0,0.0,0.0,0.0,0.0,0.0,0.0,0.0,0.0,0.0,0.0,0.0,0.0,0.0,0.0,0.00010570884,0.017062657,0.011741683,0.0,0.0,1.0,1.0,0.03,0.07,0.0,0.76735485,1.0,1.0,0.09089231,0.0,0.0023142248,0.0,0.0,0.07834095,0.0
0.12870137,0.0,0.13235295,0.0,0.0,3.2691223e-05,0.0,0.0,0.0,0.0,0.0,0.0,0.0,0.0,0.0,0.0,0.0,0.0,0.0,0.0,0.0,0.0013636053,0.01784002,0.0019569471,0.0,0.0,0.0,0.0,1.0,0.0,0.0,0.7666695,1.0,1.0,0.08939063,0.0,0.0035454333,0.0,0.0,0.08227998,0.0
0.0,0.0,0.029411765,0.1,0.0,0.0,0.0,0.0,0.0,0.0,0.0,0.0,0.0,0.0,0.0,0.0,0.0,0.0,0.0,0.0,0.0,0.0,0.023288988,0.025440313,1.0,1.0,0.0,0.0,0.07,0.08,0.0,0.7779639,1.0,1.0,0.08856212,0.0,0.0,0.0,0.0,0.08927265,0.0
0.0,0.0,0.0,0.2,0.0,0.0,0.0,0.0,0.0,0.0,0.0,0.0,0.0,0.0,0.0,0.0,0.0,0.0,0.0,0.0,0.0,0.001723975,0.017008327,0.023483366,0.01,0.0,0.99,0.67,0.04,0.07,0.17,0.77028084,1.0,1.0,0.09172427,0.0,0.0021912605,0.0,0.0,0.07914394,0.0
0.0,0.0,0.029411765,0.2,0.0,0.0,0.0,0.0,0.0,0.0,0.0,0.0,0.0,0.0,0.0,0.0,0.0,0.0,0.0,0.0,0.0,0.001025945,0.016988583,0.029354207,0.0,0.0,1.0,1.0,0.11,0.06,0.0,0.76798487,1.0,1.0,0.09103193,0.0,0.0029421002,0.0,0.0,0.07742494,0.0
0.0,0.0,0.029411765,0.2,0.0,0.0,0.0,0.0,0.0,0.0,0.0,0.0,0.0,0.0,0.0,0.0,0.0,0.0,0.0,0.0,0.0,0.0,0.01717984,0.017612524,0.0,0.0,1.0,1.0,0.08,0.07,0.0,0.76515937,1.0,1.0,0.09008943,0.0,0.0030180663,0.0,0.0,0.07683897,0.0
0.0137919085,0.0,0.04411765,0.3,0.0008993779,0.0,0.0,0.0,0.0,0.020532727,0.0,0.0,0.0,0.0,0.0,0.0,0.0010135397,0.003142506,0.0,0.0,0.0,0.03932759,0.009781882,0.1369863,0.03,0.03,0.97,0.97,1.0,0.0,0.0,0.8196449,1.0,1.0,0.11061864,0.0,0.009258628,0.0,0.0,0.07710081,0.0
0.0,0.0,0.029411765,0.2,0.0,0.0,0.0,0.0,0.0,0.0,0.0,0.0,0.0,0.0,0.0,0.0,0.0,0.0,0.0,0.0,0.0,0.00077956915,0.01704064,0.0058708414,0.0,0.0,1.0,1.0,0.01,0.07,0.0,0.76903105,1.0,1.0,0.09140646,0.0,0.0019494146,0.0,0.0,0.079269916,0.0
0.0,1.0,0.36764705,0.0,2.3557259e-05,0.0,0.0,0.33333334,0.0,0.0,0.0,0.0,0.0,0.0,0.0,0.0,0.0,0.0,0.0,0.0,0.0,0.0,0.02044247,0.0058708414,0.0,0.0,0.0,0.0,1.0,0.0,0.67,0.7419828,1.0,1.0,0.08069398,0.0,0.0018476546,0.0,0.0,0.08205292,0.0
0.13951312,0.0,0.13235295,0.0,0.0,1.1144735e-05,0.0,0.0,0.0,0.0,0.0,0.0,0.0,0.0,0.0,0.0,0.0,0.0,0.0,0.0,0.0,0.0,0.020984203,0.0019569471,0.0,0.0,0.0,0.0,1.0,0.0,0.0,0.7291776,1.0,1.0,0.07698495,0.0,0.0012747198,0.0,0.0,0.07654399,0.0
0.0,0.0,0.04411765,0.3,0.0008681168,0.005423771,0.0,0.0,0.0,0.0,0.0,0.0,0.0,0.0,0.0,0.0,0.0,0.0,0.0,0.0,0.0,0.007578671,0.010704473,0.0058708414,0.0,0.0,0.67,0.67,1.0,0.0,0.0,0.76470876,1.0,1.0,0.0952627,0.0,0.009811789,0.0,0.0,0.06607282,0.0
0.0,0.0,0.29411766,0.2,0.0,0.0,0.0,0.0,0.0,0.0,0.0,0.0,0.0,0.0,0.0,0.0,0.0,0.0,0.0,0.0,0.0,0.0013462007,0.016920552,0.01369863,0.0,0.0,1.0,1.0,0.03,0.06,0.0,0.7698811,1.0,1.0,0.09174859,0.0,0.0020024776,0.0,0.0,0.07918978,0.0
0.0,0.0,0.25,0.5,0.0,0.0,0.0,0.0,0.0,0.0,0.0,0.0,0.0,0.0,0.0,0.0,0.0,0.0,0.0,0.0,0.0,0.0,0.017109603,0.023483366,0.0,0.0,1.0,1.0,0.1,0.06,0.0,0.76456225,1.0,1.0,0.089997716,0.0,0.0031102747,0.0,0.0,0.076450735,0.0
0.0,0.0,0.029411765,0.1,0.0,0.0,0.0,0.0,0.0,0.0,0.0,0.0,0.0,0.0,0.0,0.0,0.0,0.0,0.0,0.0,0.0,0.0,0.023580194,0.007827789,1.0,1.0,0.0,0.0,0.03,0.1,0.0,0.7724258,1.0,1.0,0.08679014,0.0,0.0,0.0,0.0,0.08784944,0.0
0.0,1.0,0.36764705,0.0,1.6426413e-05,0.0,0.0,0.0,0.0,0.0,0.0,0.0,0.0,0.0,0.0,0.0,0.0,0.0,0.0,0.0,0.0,0.0,0.027544081,1.0,0.0,0.0,0.0,0.0,1.0,0.0,0.0,0.6753979,0.9696332,1.0,0.056416802,0.0,0.0024875551,0.0,0.0,0.06462993,0.0
0.0,0.0,0.04411765,0.0,0.0008681168,0.0061771553,0.0,0.0,0.0,0.0,0.0,0.0,0.0,0.0,0.0,0.0,0.0,0.0,0.0,0.0,0.0,0.008075088,0.010720201,0.0058708414,0.0,0.0,0.0,0.0,1.0,0.0,0.0,0.7656156,1.0,1.0,0.09549119,0.0,0.009763584,0.0,0.0,0.06637564,0.0
1.7326518e-05,0.0,0.22058824,0.0,4.1368454e-05,0.00021769383,0.0,0.0,0.0,0.0,0.0,0.0,0.0,0.0,0.0,0.0,0.0,0.0,0.0,0.0,0.0,0.0,0.013604216,0.0039138943,0.0,0.0,0.0,0.0,1.0,0.0,0.0,0.75156105,1.0,1.0,0.08916997,0.0,0.0071385503,0.0,0.0,0.07287055,0.0
0.0,0.0,0.029411765,0.2,0.0,0.0,0.0,0.0,0.0,0.0,0.0,0.0,0.0,0.0,0.0,0.0,0.0,0.0,0.0,0.0,0.0,0.0,0.0171341,0.0039138943,0.0,0.0,1.0,1.0,0.01,0.08,0.0,0.7672428,1.0,1.0,0.09080907,0.0,0.0021889955,0.0,0.0,0.07855907,0.0
0.0,0.0,0.19117647,0.2,0.0,0.0,0.0,0.0,0.0,0.0,0.0,0.0,0.0,0.0,0.0,0.0,0.0,0.0,0.0,0.0,0.0,0.0049481094,0.016631179,0.0332681,0.0,0.0,1.0,1.0,0.06,0.06,0.0,0.77596354,1.0,1.0,0.093627326,0.0,0.0019586831,0.0,0.0,0.080394715,0.0
0.0,0.0,0.029411765,0.1,0.0,0.0,0.0,0.0,0.0,0.0,0.0,0.0,0.0,0.0,0.0,0.0,0.0,0.0,0.0,0.0,0.0,0.0,0.023332067,0.007827789,1.0,1.0,0.0,0.0,0.02,0.08,0.0,0.77519,1.0,1.0,0.08785903,0.0,0.0,0.0,0.0,0.08894107,0.0
0.0,0.0,0.04411765,0.0,0.0008681168,0.0061771553,0.0,0.0,0.0,0.0,0.0,0.0,0.0,0.0,0.0,0.0,0.0,0.0,0.0,0.0,0.0,0.009307414,0.010610156,0.007827789,0.0,0.0,0.0,0.0,1.0,0.0,0.0,0.76763904,1.0,1.0,0.096129574,0.0,0.009821698,0.0,0.0,0.06646091,0.0
0.0,0.0,0.029411765,0.1,0.0,0.0,0.0,0.0,0.0,0.0,0.0,0.0,0.0,0.0,0.0,0.0,0.0,0.0,0.0,0.0,0.0,0.0,0.023153238,0.037181996,1.0,1.0,0.0,0.0,0.1,0.08,0.0,0.78186834,1.0,1.0,0.08970786,0.0,0.0,0.0,0.0,0.09013903,0.0
1.7326518e-05,0.0,0.22058824,0.0,4.1368454e-05,0.00021769383,0.0,0.0,0.0,0.0,0.0,0.0,0.0,0.0,0.0,0.0,0.0,0.0,0.0,0.0,0.0,0.0,0.01384826,0.0058708414,0.0,0.0,0.0,0.0,1.0,0.0,0.0,0.7500075,1.0,1.0,0.08860814,0.0,0.006809935,0.0,0.0,0.07229158,0.0
0.0,0.0,0.19117647,0.1,0.0,0.0,0.0,0.0,0.0,0.0,0.0,0.0,0.0,0.0,0.0,0.0,0.0,0.0,0.0,0.0,0.0,0.0,0.02342695,0.0332681,1.0,1.0,0.0,0.0,0.13,0.07,0.0,0.77643037,1.0,1.0,0.087946974,0.0,0.0,0.0,0.0,0.08848035,0.0
0.14105518,0.0,0.13235295,0.8,1.5917067e-08,1.1144735e-05,0.0,0.0,0.0,0.0,0.0,0.0,0.0,0.0,0.0,0.0,0.0,0.0,0.0,0.0,0.0,0.0,0.018913455,0.0019569471,1.0,1.0,0.0,0.0,1.0,0.0,0.0,0.7493137,1.0,1.0,0.0841408,0.0,0.0014277399,0.0,0.0,0.07913032,0.0
